3 0.5163488828125 0.7897607140625 0.5282152734375 0.38193928593750004 0.4467581296875 0.38193928593750004 0.4348917390625 0.7897607140625 0.5163488828125 0.7897607140625
19 0.6981740453125 0.52095 0.7131299171875 0.0069500000000000004 0.5395656328125 0.0069500000000000004 0.5246097609375 0.52095 0.6981740453125 0.52095
4 0.32525799218749996 0.28571428593750003 0.328330615625 0.30285714218750004 0.331818909375 0.3057142859375 0.35092943125 0.3070812921875 0.3587243390625 0.287966465625 0.3559076421875 0.27815073749999997 0.3328373046875 0.2707142859375 0.3269151828125 0.2778571421875 0.32525799218749996 0.28571428593750003
4 0.3463103109375 0.225 0.345221921875 0.23785714218749998 0.3484815953125 0.248571428125 0.3590919640625 0.2521428578125 0.37009722031250003 0.2421428578125 0.3698401734375 0.226428571875 0.36504800937500004 0.21928571406250003 0.359375290625 0.21785714218750002 0.3463103109375 0.225
4 0.2734857140625 0.3500201765625 0.27331943281250004 0.355734865625 0.2763496 0.36216389375 0.2908187828125 0.36859293593750003 0.307869253125 0.36002088906249996 0.30901031562500003 0.345376990625 0.2951901453125 0.33714285781250003 0.285982640625 0.33823362343749996 0.2734857140625 0.3500201765625
4 0.1986407171875 0.3416356015625 0.19189214375000002 0.34950673593750003 0.1940684625 0.358734975 0.20141396562499997 0.367691790625 0.22097260625 0.367691790625 0.226824125 0.3533066015625 0.21842358437499998 0.343264109375 0.21413253124999998 0.3413641765625 0.20722908437499998 0.34071428593749997 0.1986407171875 0.3416356015625
4 0.15677539375 0.3427212703125 0.162620525 0.35656362812500003 0.175218571875 0.3607142859375 0.188131690625 0.3573778828125 0.19504465937499998 0.3421428578125 0.1894568484375 0.3305074296875 0.17764475625 0.326428571875 0.162284190625 0.3307788546875 0.15677539375 0.3427212703125
13 0.06497681250000001 0.393571428125 0.064665059375 0.4042857140625 0.07569874062500001 0.4178571421875 0.1012467578125 0.423571428125 0.123563528125 0.4421428578125 0.1278700265625 0.44142857187500006 0.13745985 0.406428571875 0.1350183796875 0.3921428578125 0.127369071875 0.385 0.0780833578125 0.385 0.06497681250000001 0.393571428125
4 0.1964154328125 0.025 0.20192188125000002 0.032142857812499995 0.21335045312499998 0.032142857812499995 0.21994529375 0.026428571875 0.2238908265625 0.013571428125000002 0.21630387031249998 0.0042857140624999995 0.2019765890625 0.0057142859375 0.1953817484375 0.011428571875 0.1964154328125 0.025
3 0.43653184375 0.451946428125 0.43866320156249994 0.378696428125 0.1910703453125 0.378696428125 0.1889389875 0.451946428125 0.43653184375 0.451946428125
3 0.30386882656249997 0.65455 0.309709846875 0.4538071421875 0.1952241328125 0.4538071421875 0.1893831125 0.65455 0.30386882656249997 0.65455
3 0.632913840625 0.768871428125 0.6367230578124999 0.6379571421875 0.51683734375 0.6379571421875 0.5130281265625001 0.768871428125 0.632913840625 0.768871428125
7 0.7326154500000001 0.964221428125 0.736631671875 0.8261928578125 0.5682459578125 0.8261928578125 0.5642297359375 0.964221428125 0.7326154500000001 0.964221428125
7 0.741562059375 0.8136107140625001 0.7437229296875 0.739346428125 0.69640864375 0.739346428125 0.6942477734375 0.8136107140625001 0.741562059375 0.8136107140625001
7 0.5218074171875 0.9313571421875 0.524931190625 0.8240000000000001 0.4521740484375 0.8240000000000001 0.449050275 0.9313571421875 0.5218074171875 0.9313571421875
7 0.3357481640625 0.8008321421875 0.3376222203125 0.736425 0.24009364843749997 0.736425 0.23821959218750002 0.8008321421875 0.3357481640625 0.8008321421875
7 0.2255747359375 0.728728571875 0.22758035312499997 0.6597999999999999 0.145180353125 0.6597999999999999 0.14317473593750002 0.728728571875 0.2255747359375 0.728728571875
7 0.1689517328125 0.635621428125 0.172621284375 0.5095071421874999 0.0772427140625 0.5095071421874999 0.0735731625 0.635621428125 0.1689517328125 0.635621428125
7 0.1087843078125 0.5078321421875 0.1104343171875 0.45112500000000005 0.0380414609375 0.45112500000000005 0.036391451562499996 0.5078321421875 0.1087843078125 0.5078321421875
7 0.31658774218749997 0.2988071421875 0.320760671875 0.1553928578125 0.09485352968750001 0.1553928578125 0.0906806 0.2988071421875 0.31658774218749997 0.2988071421875
7 0.24687137187500002 0.153675 0.24915444999999997 0.07521071406249999 0.1417401640625 0.07521071406249999 0.1394570859375 0.153675 0.24687137187500002 0.153675
7 0.4278005578125 0.178325 0.43048226562499997 0.0861607140625 0.3320179796875 0.0861607140625 0.32933627187500003 0.178325 0.4278005578125 0.178325
7 0.59168730625 0.5060107140625 0.59458266875 0.40650357187499997 0.56333266875 0.40650357187499997 0.56043730625 0.5060107140625 0.59168730625 0.5060107140625
7 0.56455176875 0.4348142859375 0.5664584546875 0.3692857140625 0.538122740625 0.3692857140625 0.5362160546875 0.4348142859375 0.56455176875 0.4348142859375
13 0.37006518593750004 0.8078571421875 0.3604053671875 0.8207142859375001 0.36461559062500004 0.8478571421875 0.38846485 0.8628571421875 0.40470636875 0.8692857140625 0.4161972921875 0.8671428578124999 0.42136356093750005 0.8614285718750001 0.4259818125 0.85 0.4295663796875 0.825 0.4236158328125 0.808571428125 0.41871975 0.805 0.410883390625 0.8042857140624999 0.37006518593750004 0.8078571421875
3 0.6008929671875001 0.6357999999999999 0.6032801703125 0.5537571421874999 0.5485515984375 0.5537571421874999 0.5461643953124999 0.6357999999999999 0.6008929671875001 0.6357999999999999
3 0.430394421875 0.7545642859374999 0.43262075937500005 0.67805 0.37032075937500003 0.67805 0.368094421875 0.7545642859374999 0.430394421875 0.7545642859374999
3 0.3608185625 0.5575928578125 0.36395355937499996 0.44984999999999997 0.3082392734375 0.44984999999999997 0.3051042765625 0.5575928578125 0.3608185625 0.5575928578125
3 0.1878803234375 0.49483571406250004 0.1897957390625 0.4290071421875 0.149681453125 0.4290071421875 0.1477660375 0.49483571406250004 0.1878803234375 0.49483571406250004