3 0.21023928593750002 0.542128571875 0.6180607140625 0.542128571875 0.6180607140625 0.46067142812500006 0.21023928593750002 0.46067142812500006 0.21023928593750002 0.542128571875
19 0.47905 0.46023214218749997 0.99305 0.46023214218749997 0.99305 0.28666785781250004 0.47905 0.28666785781250004 0.47905 0.46023214218749997
4 0.7221428578125 0.665 0.7292857140625 0.6592857140625 0.7218492624999999 0.6359989984375 0.7120335343749999 0.6328966921875 0.6929187078125 0.640135415625 0.6942857140625 0.6592857140625 0.6971428578125 0.6628571421875 0.7142857140625 0.666428571875 0.7221428578125 0.665
4 0.7821428578125 0.6342857140625 0.7807142859375 0.628571428125 0.773571428125 0.623571428125 0.7578571421875 0.6228571421875 0.7478571421875 0.633571428125 0.751428571875 0.6442857140625 0.7621428578125 0.6478571421875 0.775 0.6471428578125 0.7821428578125 0.6342857140625
4 0.6617663765625 0.704175765625 0.6628571421875 0.6950000000000001 0.6546230093750001 0.680940240625 0.6399791109375 0.681655209375 0.6314070640625 0.6984562578125 0.63783610625 0.71311250625 0.644265134375 0.7163297390625 0.6499798234374999 0.7163297390625 0.6617663765625 0.704175765625
4 0.6583643984374999 0.7914187015625 0.6592857140625 0.7828571421875 0.6586358234375 0.7759347859375 0.656735890625 0.77158845 0.6466933984375001 0.762895703125 0.632308209375 0.7683286546875 0.632308209375 0.7878872953125 0.641265025 0.795493415625 0.6504932640625001 0.7979382484374999 0.6583643984374999 0.7914187015625
4 0.6692211453125 0.8280911281250001 0.673571428125 0.8128571421874999 0.6694925703125 0.8009263671875001 0.6578571421875 0.795 0.6426221171875001 0.8014696750000001 0.6392857140625 0.8142857140625 0.643436371875 0.8270045328125001 0.6572787296875 0.8332524359375 0.6692211453125 0.8280911281250001
13 0.5957142859375 0.923571428125 0.606428571875 0.923571428125 0.615 0.9107142859374999 0.615 0.8614285718750001 0.6078571421875 0.853571428125 0.593571428125 0.8507142859375 0.5585714281249999 0.8592857140625 0.5578571421875 0.863571428125 0.576428571875 0.886428571875 0.5821428578125001 0.9121428578125 0.5957142859375 0.923571428125
4 0.988571428125 0.8042857140624999 0.9942857140625 0.7978571421875 0.9957142859375001 0.7835714281249999 0.9864285718750001 0.7757142859374999 0.9735714281250001 0.7792857140625 0.9678571421875001 0.7857142859375 0.9678571421875001 0.7971428578124999 0.975 0.8028571421875 0.988571428125 0.8042857140624999
3 0.5480535718749999 0.7979107140624999 0.621303571875 0.7979107140624999 0.621303571875 0.5503178578125001 0.5480535718749999 0.5503178578125001 0.5480535718749999 0.7979107140624999
3 0.34545 0.7915714281249999 0.5461928578124999 0.7915714281249999 0.5461928578124999 0.6770857140625 0.34545 0.6770857140625 0.34545 0.7915714281249999
3 0.23112857187500002 0.4646 0.3620428578125 0.4646 0.3620428578125 0.3447142859375 0.23112857187500002 0.3447142859375 0.23112857187500002 0.4646
7 0.035778571875 0.4077142859375 0.17380714218749999 0.4077142859375 0.17380714218749999 0.239328571875 0.035778571875 0.239328571875 0.035778571875 0.4077142859375
7 0.18638928593749998 0.28207857187499996 0.260653571875 0.28207857187499996 0.260653571875 0.2347642859375 0.18638928593749998 0.2347642859375 0.18638928593749998 0.28207857187499996
7 0.0686428578125 0.52385 0.176 0.52385 0.176 0.4510928578125 0.0686428578125 0.4510928578125 0.0686428578125 0.52385
7 0.1991678578125 0.738478571875 0.263575 0.738478571875 0.263575 0.64095 0.1991678578125 0.64095 0.1991678578125 0.738478571875
7 0.271271428125 0.8356214281250001 0.3402 0.8356214281250001 0.3402 0.753221428125 0.271271428125 0.753221428125 0.271271428125 0.8356214281250001
7 0.364378571875 0.9079321421875 0.4904928578125 0.9079321421875 0.4904928578125 0.8125535718749999 0.364378571875 0.8125535718749999 0.364378571875 0.9079321421875
7 0.49216785781250005 0.9488321421875 0.548875 0.9488321421875 0.548875 0.8764392859375001 0.49216785781250005 0.8764392859375001 0.49216785781250005 0.9488321421875
7 0.7011928578125 0.900625 0.8446071421875001 0.900625 0.8446071421875001 0.6747178578125 0.7011928578125 0.6747178578125 0.7011928578125 0.900625
7 0.846325 0.856071428125 0.9247892859375 0.856071428125 0.9247892859375 0.7486571421875 0.846325 0.7486571421875 0.846325 0.856071428125
7 0.8216749999999999 0.665475 0.9138392859375 0.665475 0.9138392859375 0.5670107140625 0.8216749999999999 0.5670107140625 0.8216749999999999 0.665475
7 0.4939892859375 0.42483928593750003 0.593496428125 0.42483928593750003 0.593496428125 0.3935892859375 0.4939892859375 0.3935892859375 0.4939892859375 0.42483928593750003
7 0.5651857140625001 0.45113214218750003 0.6307142859375 0.45113214218750003 0.6307142859375 0.422796428125 0.5651857140625001 0.422796428125 0.5651857140625001 0.45113214218750003
13 0.1371428578125 0.586428571875 0.1521428578125 0.6107142859375 0.1792857140625 0.6157142859375 0.1921428578125 0.606428571875 0.1957142859375 0.5657142859375 0.195 0.5578571421875 0.191428571875 0.5528571421875 0.175 0.546428571875 0.15 0.5492857140625 0.138571428125 0.5535714281249999 0.1328571421875 0.5585714281249999 0.1307142859375 0.5700000000000001 0.1371428578125 0.586428571875
3 0.36419999999999997 0.43533571406249993 0.44624285781250006 0.43533571406249993 0.44624285781250006 0.3806071421875 0.36419999999999997 0.3806071421875 0.36419999999999997 0.43533571406249993
3 0.2454357140625 0.60995 0.32195 0.60995 0.32195 0.54765 0.2454357140625 0.54765 0.2454357140625 0.60995
3 0.44240714218750005 0.678671428125 0.55015 0.678671428125 0.55015 0.6229571421875 0.44240714218750005 0.6229571421875 0.44240714218750005 0.678671428125
3 0.5051642859375 0.8378357140625001 0.5709928578125 0.8378357140625001 0.5709928578125 0.797721428125 0.5051642859375 0.797721428125 0.5051642859375 0.8378357140625001