3 0.8004829609374999 0.44688610312500004 0.3926615328125 0.454004653125 0.39455746875000003 0.5354617968750001 0.8023788968750001 0.528343246875 0.8004829609374999 0.44688610312500004
19 0.52762226875 0.2775746421875 0.01362226875 0.2865465453125 0.017662021875 0.4601108296875 0.531662021875 0.4511389265625 0.52762226875 0.2775746421875
4 0.3012255828125 0.6614414109375 0.3182853140625 0.6575707515625 0.32105933124999997 0.6539494515625 0.321980609375 0.6347752921875001 0.3026973 0.62787021875 0.292953778125 0.6311438593750001 0.28605933125 0.654560378125 0.2933351890625 0.6601499859375 0.3012255828125 0.6614414109375
4 0.24006241718750002 0.64321546875 0.252936184375 0.6437053296874999 0.2635673453125 0.639946884375 0.266889396875 0.6291702578125 0.25664001875000003 0.6186305234375 0.2409423578125 0.619619103125 0.2339158765625 0.6247437812500001 0.23262030625 0.6304830031249999 0.24006241718750002 0.64321546875
4 0.3666929359375 0.7102201140625 0.372407625 0.7101203640625 0.378761771875 0.7067909125 0.3848496859375 0.69202244375 0.375886590625 0.675371021875 0.36122605 0.6749116625 0.3533191625 0.68911515 0.354623496875 0.698271875 0.3666929359375 0.7102201140625
4 0.3600560765625 0.7854554296875 0.36807895468749996 0.7918375859375 0.3772502890625 0.7892316734375 0.38603007031250003 0.7814692109375 0.3855748390625 0.7619105703125 0.371063196875 0.7567287140625 0.3612230296875 0.765596753125 0.359424259375 0.7699762515625 0.35893548750000004 0.7769099515625 0.3600560765625 0.7854554296875
4 0.3621154359375 0.8272702140625 0.375812371875 0.8207806921874999 0.379666996875 0.8079894234375 0.376032296875 0.7952316203125 0.3606466875 0.7890278734375 0.34914919843750003 0.7951573390625 0.34534803125 0.8071593109374999 0.3500528890625 0.8223173625 0.3621154359375 0.8272702140625
13 0.4150677921875 0.9167016140625 0.425782078125 0.9165145953125 0.439087503125 0.9048491343749999 0.4442032828125 0.8790351046874999 0.46224270624999997 0.8558537953125 0.46142866875 0.8515805500000001 0.42622916718750004 0.8436200484375 0.412009953125 0.8467265484375 0.405049971875 0.854708371875 0.40619711093750005 0.9039940859375 0.4150677921875 0.9167016140625
4 0.043686707812499996 0.8024207656250001 0.050696564062500005 0.7965818015624999 0.0504305609375 0.7851532296875 0.0445666484375 0.7788244015625 0.031626378125 0.7754773953125 0.022523542187500002 0.7834966203125 0.0242846171875 0.7977573984374999 0.030148529687499998 0.804086228125 0.043686707812499996 0.8024207656250001
3 0.46475521875 0.542429103125 0.39150521875 0.5437076875 0.39726800624999997 0.79130054375 0.47051800625 0.790021959375 0.46475521875 0.542429103125
3 0.6703093453125 0.6656605015625 0.4695664875 0.6691644812499999 0.472231171875 0.7836501953125 0.6729740296875 0.7801462156250001 0.6703093453125 0.6656605015625
3 0.7768947421875 0.3312935859375 0.64598045625 0.33357870312500004 0.6487708265625 0.45346441718749997 0.7796851124999999 0.4511793 0.7768947421875 0.3312935859375
7 0.9697918624999999 0.22249802500000002 0.8317632921874999 0.224907321875 0.8356825125 0.3932930359375 0.9737110828125 0.3908837390625 0.9697918624999999 0.22249802500000002
7 0.8190749140625 0.2205626578125 0.744810628125 0.2218589453125 0.7459118796875 0.26917323125000003 0.820176165625 0.26787694375000004 0.8190749140625 0.2205626578125
7 0.9418564453125 0.43483595781249995 0.8344993031250001 0.436709884375 0.8361927437500001 0.5094670265625 0.9435498859375 0.5075931 0.9418564453125 0.43483595781249995
7 0.8157504187500001 0.6269714234375 0.7513432765625 0.628095653125 0.7536132796875 0.725624225 0.8180204218749999 0.7244999953125 0.8157504187500001 0.6269714234375
7 0.7462599953125 0.7405014234375 0.6773314234375001 0.7417045765625 0.6792493046875 0.8241045765624999 0.7481778765625 0.8229014234375001 0.7462599953125 0.7405014234375
7 0.6545338218750001 0.8014587578124999 0.5284195359375 0.8036600921874999 0.530639496875 0.8990386625 0.6567537828125001 0.896837328125 0.6545338218750001 0.8014587578124999
7 0.52823149375 0.8675750421874999 0.47152435156249994 0.8685648703125001 0.4732093125 0.9409577265625 0.5299164546874999 0.9399678984375001 0.52823149375 0.8675750421874999
7 0.31451137500000004 0.669502159375 0.171097090625 0.6720054656250001 0.1763551375 0.8979126078125 0.319769421875 0.8954093015625 0.31451137500000004 0.669502159375
7 0.1711001890625 0.7459747343750001 0.092635903125 0.7473443343749999 0.09513599843750001 0.8547586203125 0.173600284375 0.8533890203125001 0.1711001890625 0.7459747343750001
7 0.1915223203125 0.5638980390625 0.099358034375 0.5655067734375 0.10164981718749999 0.663971059375 0.193814103125 0.6623623249999999 0.1915223203125 0.5638980390625
7 0.51517160625 0.3847568359375 0.4156644640625 0.3864937390625 0.41639181562500005 0.4177437390625 0.5158989578125001 0.4160068359375 0.51517160625 0.3847568359375
7 0.4446549828125 0.4152067171875 0.3791264109375 0.416350521875 0.37978593125 0.4446862359375 0.445314503125 0.44354243125000004 0.4446549828125 0.4152067171875
13 0.8219719234375 0.5923273734375 0.8350451953125001 0.6013886640624999 0.8620716749999999 0.5959148843750001 0.87650641875 0.57136734375 0.8825526109374999 0.5548265609375 0.8801437515625 0.54343539375 0.8743130906250001 0.5385351359375 0.8627847671875 0.534448909375 0.837718265625 0.5320281437500001 0.8214393203125001 0.538743475 0.8179842687500001 0.5438058156250001 0.8174528609375 0.5516754265625 0.8219719234375 0.5923273734375
3 0.6446587296875 0.3695092125 0.5626158718750001 0.37094127499999996 0.56388969375 0.425669846875 0.6459325515625001 0.424237784375 0.6446587296875 0.3695092125
3 0.76731098125 0.53447903125 0.6907966953125 0.53581459375 0.69224674375 0.59811459375 0.7687610296875 0.59677903125 0.76731098125 0.53447903125
3 0.572092346875 0.613224321875 0.4643494890625 0.61510498125 0.46564625312499996 0.6708192671875 0.5733891109375 0.6689386078124999 0.572092346875 0.613224321875
3 0.5134028859375 0.7890840390625 0.44757431406250003 0.79023308125 0.44850798437500006 0.8303473671875 0.51433655625 0.8291983249999999 0.5134028859375 0.7890840390625