19 0.09239 0.277865 0.13076000000000002 0.277865 0.13076000000000002 0.172715 0.09239 0.172715 0.09239 0.277865
19 0.67399 0.25667625 0.84731 0.25667625 0.84731 0.15211875 0.67399 0.15211875 0.67399 0.25667625
19 0.855435 0.31436000000000003 0.8927916671875 0.31436000000000003 0.8927916671875 0.23009 0.855435 0.23009 0.855435 0.31436000000000003
9 0.5163766671875 0.20887125 0.6654833328125 0.20887125 0.6654833328125 0.16624875 0.5163766671875 0.16624875 0.5163766671875 0.20887125
9 0.665905 0.28102625 0.6977949999999999 0.28102625 0.6977949999999999 0.23141375000000003 0.665905 0.23141375000000003 0.665905 0.28102625
9 0.1292116671875 0.26881374999999996 0.23709833281249998 0.26881374999999996 0.23709833281249998 0.18379625 0.1292116671875 0.18379625 0.1292116671875 0.26881374999999996
9 0.2392925 0.23692125000000003 0.4301208328125 0.23692125000000003 0.4301208328125 0.18265875 0.2392925 0.18265875 0.2392925 0.23692125000000003
11 0.059462499999999995 0.32283875 0.1306508328125 0.32283875 0.1306508328125 0.27440625 0.059462499999999995 0.27440625 0.059462499999999995 0.32283875
11 0.0872575 0.7099925 0.1461391671875 0.7099925 0.1461391671875 0.5359275 0.0872575 0.5359275 0.0872575 0.7099925
11 0.1596916671875 0.696345 0.20944166718749999 0.696345 0.20944166718749999 0.57067 0.1596916671875 0.57067 0.1596916671875 0.696345
11 0.8083333328125001 0.35219125 0.8697733328125 0.35219125 0.8697733328125 0.28847875 0.8083333328125001 0.28847875 0.8083333328125001 0.35219125
11 0.8592783328125 0.39486875 0.9189916671875 0.39486875 0.9189916671875 0.34499625 0.8592783328125 0.34499625 0.8592783328125 0.39486875
11 0.8353983328125001 0.61972125 0.899475 0.61972125 0.899475 0.55832875 0.8353983328125001 0.55832875 0.8353983328125001 0.61972125
11 0.7382833328125 0.72928375 0.7738833328125 0.72928375 0.7738833328125 0.6681812500000001 0.7382833328125 0.6681812500000001 0.7382833328125 0.72928375
11 0.7446508328125 0.67577625 0.7946725 0.67577625 0.7946725 0.62360375 0.7446508328125 0.62360375 0.7446508328125 0.67577625
11 0.7441208328125 0.59615375 0.7738825 0.59615375 0.7738825 0.57504625 0.7441208328125 0.57504625 0.7441208328125 0.59615375
11 0.6173908328125 0.6245275 0.6902658328125 0.6245275 0.6902658328125 0.5470025 0.6173908328125 0.5470025 0.6173908328125 0.6245275
11 0.6173908328125 0.71662 0.7279091671875 0.71662 0.7279091671875 0.63506 0.6173908328125 0.63506 0.6173908328125 0.71662
2 0.42802749999999995 0.6561625 0.4393025 0.6561625 0.4393025 0.6381275 0.42802749999999995 0.6381275 0.42802749999999995 0.6561625
11 0.28774500000000003 0.69567625 0.3378683328125 0.69567625 0.3378683328125 0.66526375 0.28774500000000003 0.66526375 0.28774500000000003 0.69567625
11 0.2942691671875 0.6593662499999999 0.3497241671875 0.6593662499999999 0.3497241671875 0.61365875 0.2942691671875 0.61365875 0.2942691671875 0.6593662499999999
9 0.13307 0.52691 0.1561066671875 0.52691 0.1561066671875 0.48717 0.13307 0.48717 0.13307 0.52691
11 0.1045633328125 0.44631999999999994 0.1187066671875 0.44631999999999994 0.1187066671875 0.418715 0.1045633328125 0.418715 0.1045633328125 0.44631999999999994
3 0.1103566671875 0.46463374999999996 0.45429333281249995 0.46463374999999996 0.45429333281249995 0.29667625000000003 0.1103566671875 0.29667625000000003 0.1103566671875 0.46463374999999996
3 0.08743 0.70314 0.44451666718749994 0.70314 0.44451666718749994 0.45946 0.08743 0.45946 0.08743 0.70314
7 0.4989916671875 0.534135 0.8301383328125 0.534135 0.8301383328125 0.23983500000000002 0.4989916671875 0.23983500000000002 0.4989916671875 0.534135
3 0.46517749999999997 0.73417 0.5490225 0.73417 0.5490225 0.54597 0.46517749999999997 0.54597 0.46517749999999997 0.73417
7 0.5424666671875 0.73272 0.61468 0.73272 0.61468 0.540535 0.5424666671875 0.540535 0.5424666671875 0.73272
9 0.8431649999999999 0.23263250000000002 0.9161383328125 0.23263250000000002 0.9161383328125 0.14926250000000002 0.8431649999999999 0.14926250000000002 0.8431649999999999 0.23263250000000002