19 0.1432534078125 0.8649748562499999 0.1421618265625 0.802438190625 0.0788843265625 0.801701890625 0.0799759078125 0.8642385562499999 0.1432534078125 0.8649748562499999
9 0.2845500875 0.9277882328124999 0.283278603125 0.8549448999999999 0.092398603125 0.8527238109375 0.0936700875 0.92556714375 0.2845500875 0.9277882328124999
9 0.27676854375 0.8515723187500001 0.2757572265625 0.793633984375 0.14171722656250002 0.7920742875 0.14272854375 0.8500126218749999 0.27676854375 0.8515723187500001
9 0.2558843921875 0.7944575281249999 0.2552471375 0.7579491953125 0.0833196375 0.7559486375 0.08395689218749999 0.7924569703125 0.2558843921875 0.7944575281249999
9 0.1504239765625 0.7574076625 0.1491085921875 0.6820493296875 0.08739109218749999 0.6813311828125 0.0887064765625 0.756689515625 0.1504239765625 0.7574076625
2 0.18743283125000001 0.625960925 0.18723465781249998 0.614607590625 0.1702396578125 0.6144098359375 0.17043783125 0.6257631703125 0.18743283125000001 0.625960925
9 0.45112725468750003 0.9210441312500001 0.44967868749999995 0.8380557984375001 0.2846911875 0.8361359937499999 0.2861397546875 0.9191243265625 0.45112725468750003 0.9210441312500001
9 0.47289158281250004 0.24086394531250002 0.47105324375 0.1355456109375 0.11780324375 0.131435175 0.1196415828125 0.236753509375 0.47289158281250004 0.24086394531250002
7 0.655980590625 0.685197878125 0.6481057671875 0.2340495453125 0.0720832671875 0.2273469171875 0.079958090625 0.67849525 0.655980590625 0.685197878125
7 0.638940446875 0.85560910625 0.6357865484375 0.6749224390624999 0.2549165484375 0.670490615625 0.258070446875 0.8511772828125 0.638940446875 0.85560910625
7 0.6393699749999999 0.9684970046875 0.6374146296875 0.8564753375 0.4582371296875 0.8543904187500001 0.46019247500000005 0.9664120859375 0.6393699749999999 0.9684970046875
7 0.6562229296875 0.258038309375 0.6537173125 0.11449164375000001 0.47222481250000004 0.1123797875 0.4747304296875 0.255926453125 0.6562229296875 0.258038309375
7 0.3937184875 0.133299346875 0.3928532109375 0.0837276796875 0.10524071093750001 0.08038100625 0.1061059875 0.1299526734375 0.3937184875 0.133299346875