19 0.0850348125 0.1377249796875 0.10873148125000001 0.9521266468749999 0.40795148125 0.94864490625 0.3842548125 0.1342432390625 0.0850348125 0.1377249796875
19 0.3863441296875 0.179232496875 0.39682803125 0.53954083125 0.47606803124999997 0.538618790625 0.46558412968749996 0.17831045625 0.3863441296875 0.179232496875
19 0.41501850781250005 0.6490588046875 0.42322619687499996 0.9311388046875001 0.607498696875 0.9289946 0.5992910078125 0.6469146 0.41501850781250005 0.6490588046875
9 0.407660071875 0.5410320015625001 0.4106335453125 0.6432236687499999 0.6306085453125 0.640664028125 0.627635071875 0.5384723609375001 0.407660071875 0.5410320015625001
9 0.1508937078125 0.0491672609375 0.1525081578125 0.10465226093749999 0.5053831578125 0.10054618906249999 0.5037687078124999 0.0450611890625 0.1508937078125 0.0491672609375
9 0.3903747890625 0.097084475 0.392667684375 0.1758861421875 0.552505184375 0.1740262640625 0.5502122890625001 0.095224596875 0.3903747890625 0.097084475
9 0.47198742187500003 0.17439548124999998 0.48282150625 0.5467388140625 0.5725815062499999 0.5456943609375 0.561747421875 0.173351028125 0.47198742187500003 0.17439548124999998
9 0.291604971875 0.7330127796875 0.292487290625 0.7633361125 0.398812290625 0.762098909375 0.397929971875 0.7317755765625 0.291604971875 0.7330127796875
9 0.537029725 0.6487552859375 0.5398670250000001 0.746266953125 0.5952020250000001 0.745623071875 0.592364725 0.6481114046875 0.537029725 0.6487552859375
9 0.5858189984375 0.7479488359375 0.589967653125 0.8905288359375 0.644947653125 0.8898890859374999 0.6407989984375 0.7473090859375 0.5858189984375 0.7479488359375
9 0.5193872609375 0.894387809375 0.520567921875 0.9349644749999999 0.5940754218750001 0.9341091374999999 0.5928947609375 0.893532471875 0.5193872609375 0.894387809375
9 0.5477430812499999 0.09476483125 0.5540582515625 0.31180316406249997 0.6537157515625001 0.31064354375000003 0.64740058125 0.0936052109375 0.5477430812499999 0.09476483125
7 0.5135697671874999 0.036517625 0.5151141890625001 0.0895959578125 0.6845916890625 0.0876239078125 0.6830472671875001 0.034545575 0.5135697671874999 0.036517625
7 0.6473291328124999 0.0945446921875 0.6713811734374999 0.9211596921874999 0.7416411734375 0.9203421437499999 0.7175891328125 0.09372714374999999 0.6473291328124999 0.0945446921875
7 0.5494721734375 0.3217465421875 0.55556261875 0.5310615421875 0.67163261875 0.5297109453125 0.6655421734375 0.3203959453125 0.5494721734375 0.3217465421875
7 0.5776396109374999 0.6467747375 0.580527490625 0.7460247375 0.672904990625 0.744949828125 0.6700171109374999 0.6456998281249999 0.5776396109374999 0.6467747375