19 0.1531434109375 0.7132514171875 0.153907990625 0.8446714171874999 0.267000490625 0.8433554671874999 0.2662359109375 0.7119354671875 0.1531434109375 0.7132514171875
19 0.239928128125 0.817909571875 0.24057052343750002 0.9283279062500001 0.4190980234375 0.92625055 0.418455628125 0.815832215625 0.239928128125 0.817909571875
19 0.14533274375 0.344938196875 0.1473170015625 0.686003196875 0.2330895015625 0.68500514375 0.23110524375 0.34394014375 0.14533274375 0.344938196875
19 0.145325759375 0.14927920156250002 0.146473734375 0.3465992015625 0.23672873437500003 0.3455489890625 0.23558075937499998 0.14822898906249998 0.145325759375 0.14927920156250002
19 0.225082215625 0.215211509375 0.225572978125 0.299566509375 0.33823297812500003 0.2982555921875 0.337742215625 0.2139005921875 0.225082215625 0.215211509375
19 0.240211946875 0.0869259546875 0.24081473125000002 0.1905359546875 0.40989473125 0.18856852968749999 0.409291946875 0.08495852968749999 0.240211946875 0.0869259546875
9 0.413548709375 0.25603475000000003 0.41396514062499995 0.3276130828125 0.6326076406250001 0.325068946875 0.632191209375 0.2534906140625 0.413548709375 0.25603475000000003
9 0.23726688281250002 0.36048040625 0.23753619062500003 0.40677040625 0.308083690625 0.4059495109375 0.3078143828125 0.3596595109375 0.23726688281250002 0.36048040625
9 0.283468790625 0.3108503078125 0.2836762828125 0.3465153078125 0.30984378281249997 0.3462108203125 0.309636290625 0.3105458203125 0.283468790625 0.3108503078125
9 0.3061791484375 0.31666395937499997 0.306448028125 0.36288062656250003 0.35696552812500004 0.362292803125 0.3566966484375 0.3160761359375 0.3061791484375 0.31666395937499997
9 0.383123628125 0.0941469609375 0.3839913578125 0.24329696093750003 0.6236913578125 0.2405077984375 0.622823628125 0.0913577984375 0.383123628125 0.0941469609375
9 0.258757221875 0.156375709375 0.25895472656249996 0.19032404375 0.3468347265625 0.18930146718750002 0.346637221875 0.15535313281250002 0.258757221875 0.156375709375
9 0.31868380625000003 0.1271581375 0.31889771875 0.16392647031250002 0.36633771875 0.1633744546875 0.36612380624999996 0.126606121875 0.31868380625000003 0.1271581375
9 0.2084931203125 0.09243871718749999 0.20880212343750001 0.1455520515625 0.2995446234375 0.1444961671875 0.2992356203125 0.09138283281250001 0.2084931203125 0.09243871718749999
9 0.3513867828125 0.0959180140625 0.3515427390625 0.12272468125 0.3801377390625 0.12239194843750001 0.3799817828125 0.09558528125 0.3513867828125 0.0959180140625
9 0.32472100312499996 0.19020799375 0.3250470546875 0.246251328125 0.37594205468749997 0.2456591109375 0.375616003125 0.1896157765625 0.32472100312499996 0.19020799375
9 0.22037858593749998 0.1862792796875 0.22058503125 0.22176427968749998 0.30630503125 0.2207668359375 0.3060985859375 0.1852818359375 0.22037858593749998 0.1862792796875
9 0.2930931859375 0.2111490765625 0.2932863578125 0.24435240937499997 0.3232863578125 0.24400332656249998 0.3230931859375 0.21079999374999997 0.2930931859375 0.2111490765625
9 0.21048519687499997 0.4346328703125 0.21108132031250001 0.5370978703125 0.29890632031250003 0.5360759328125 0.29831019687500004 0.43361093281249996 0.21048519687499997 0.4346328703125
9 0.2732689484375 0.7016321046875 0.273961065625 0.8205971046875 0.342673565625 0.8197975625 0.3419814484375 0.7008325625 0.2732689484375 0.7016321046875
9 0.2739426140625 0.8174254375000001 0.2743480484375 0.8871137703124999 0.36973054843750003 0.8860038953125 0.3693251140625 0.8163155625 0.2739426140625 0.8174254375000001
9 0.35189893125 0.7688284390625 0.35221240468750004 0.82271010625 0.4964024046875 0.8210323031250001 0.49608893125 0.7671506359375 0.35189893125 0.7688284390625
9 0.431571071875 0.8202682484375 0.4321955671875 0.9276099140625 0.5503605671875 0.9262349406249999 0.5497360718750001 0.818893275 0.431571071875 0.8202682484375
9 0.5490822734374999 0.8051407828125001 0.5494319640625001 0.86524745 0.6162044640625 0.8644704828125 0.6158547734375001 0.8043638156249999 0.5490822734374999 0.8051407828125001
9 0.4984822484375 0.774139096875 0.49867541875 0.8073424296875 0.61951041875 0.8059363875000001 0.6193172484375 0.7727330546875 0.4984822484375 0.774139096875
9 0.62846873125 0.8317564031250001 0.6286734515625 0.8669447359375001 0.6895834515625 0.8662359828125 0.6893787312499999 0.83104765 0.62846873125 0.8317564031250001
9 0.2263675890625 0.8338751 0.226737515625 0.8974601 0.257200015625 0.8971056359375 0.25683008906250004 0.8335206359375 0.2263675890625 0.8338751
9 0.209245946875 0.6868201921875 0.2097729453125 0.7774035265625 0.2753404453125 0.7766405796875 0.274813446875 0.6860572453125 0.209245946875 0.6868201921875
9 0.22835487968749998 0.5587808546875 0.22857147812499998 0.5960108546875 0.30193897812500003 0.595157146875 0.30172237968750004 0.557927146875 0.22835487968749998 0.5587808546875
9 0.21528402343750003 0.633131303125 0.2155507328125 0.6789746375 0.2600632328125 0.6784566890625 0.25979652343750004 0.6326133546875 0.21528402343750003 0.633131303125
9 0.175442678125 0.14001898906250002 0.17565610468749998 0.1767039890625 0.22438860468750002 0.176136934375 0.224175178125 0.139451934375 0.175442678125 0.14001898906250002
7 0.127155553125 0.0761840015625 0.127599065625 0.1524173359375 0.21545656562499998 0.15139502031250002 0.215013053125 0.0751616859375 0.127155553125 0.0761840015625
7 0.6276727640625 0.062145234375000004 0.6287028015625 0.23919356718749998 0.7101753015625001 0.23824554843749998 0.7091452640625 0.061197215625 0.6276727640625 0.062145234375000004
7 0.329574225 0.32994181718750004 0.332095759375 0.7633568171875 0.701040759375 0.7590637546875 0.698519225 0.3256487546875 0.329574225 0.32994181718750004
7 0.2697486109375 0.6010554234375001 0.2703445515625 0.7034887578125 0.34188205156249996 0.7026563421875001 0.3412861109375 0.6002230078124999 0.2697486109375 0.6010554234375001
7 0.5562074515625001 0.8661120078125 0.556566140625 0.9277653406249999 0.705053640625 0.9260375312500001 0.7046949515625001 0.8643841984374999 0.5562074515625001 0.8661120078125
7 0.1483790859375 0.8485768453125001 0.14893407812499998 0.9439718453125 0.230764078125 0.9430196656250001 0.23020908593749997 0.8476246656249999 0.1483790859375 0.8485768453125001