4 0.6301981984375 0.477868753125 0.5475881984375001 0.4797915234375 0.5448487578125001 0.5974890234375 0.6274587578124999 0.595566253125 0.6301981984375 0.477868753125
4 0.38660478593750003 0.4338378921875 0.30684645312500003 0.43569428906249996 0.3042624921875 0.5467117890625001 0.384020825 0.5448553921875 0.38660478593750003 0.4338378921875
4 0.386967103125 0.6299693953125 0.2905354359375 0.6322138671875 0.28862651562499997 0.7142288671875 0.38505818281250004 0.7119843953125 0.386967103125 0.6299693953125
7 0.933677846875 0.2463830796875 0.6396078468749999 0.2532276359375 0.6248877578124999 0.8856626359374999 0.9189577578125 0.8788180796875 0.933677846875 0.2463830796875
7 0.6378585375 0.620632978125 0.3978768703125 0.6262186140625 0.3914064078125 0.9042161140625 0.631388075 0.8986304781250001 0.6378585375 0.620632978125
7 0.630739490625 0.2376900828125 0.4056328234375 0.24292949843749997 0.4003716828125 0.4689694984375 0.6254783500000001 0.46373008281250006 0.630739490625 0.2376900828125
4 0.4562519296875 0.4709146125 0.40379359687500005 0.47213559375 0.40203643125 0.54763059375 0.4544947640625 0.5464096125 0.4562519296875 0.4709146125
7 0.3721819671875 0.7016011328125 0.018213634375000003 0.7098398375 0.0134847421875 0.9130123375 0.367453075 0.9047736328125 0.3721819671875 0.7016011328125
7 0.280333203125 0.2646519359375 0.0167798703125 0.27078620781249996 0.0063565687499999995 0.7186137078125 0.2699099015625 0.7124794359375 0.280333203125 0.2646519359375
7 0.44276303281249996 0.5495123875 0.273546365625 0.5534509484375 0.27198314218749997 0.6206134484375 0.44119980937500003 0.6166748875 0.44276303281249996 0.5495123875
7 0.397316584375 0.24793545312499998 0.28059491875 0.2506521796875 0.27636219687499997 0.4325071796875 0.3930838625 0.429790453125 0.397316584375 0.24793545312499998
7 0.5476432578125 0.4747779578125 0.44049992343750005 0.47727174687499996 0.4373034734375 0.614604246875 0.5444468078125 0.6121104578125001 0.5476432578125 0.4747779578125