19 0.0569991671875 0.5457150000000001 0.11640416718749999 0.5457150000000001 0.11640416718749999 0.151 0.0569991671875 0.151 0.0569991671875 0.5457150000000001
19 0.1153333328125 0.29500375 0.15867 0.29500375 0.15867 0.14850125 0.1153333328125 0.14850125 0.1153333328125 0.29500375
19 0.7203341671875 0.268695 0.9110091671875 0.268695 0.9110091671875 0.121 0.7203341671875 0.121 0.7203341671875 0.268695
11 0.8331183328125 0.25540375000000004 0.8897516671875 0.25540375000000004 0.8897516671875 0.22089124999999998 0.8331183328125 0.22089124999999998 0.8331183328125 0.25540375000000004
7 0.9068574999999999 0.42045750000000004 0.9480291671875 0.42045750000000004 0.9480291671875 0.1414925 0.9068574999999999 0.1414925 0.9068574999999999 0.42045750000000004
19 0.8484133328125001 0.32000625 0.86152 0.32000625 0.86152 0.30053874999999997 0.8484133328125001 0.30053874999999997 0.8484133328125001 0.32000625
19 0.8727841671875 0.37537750000000003 0.8839691671875001 0.37537750000000003 0.8839691671875001 0.3573175 0.8727841671875 0.3573175 0.8727841671875 0.37537750000000003
9 0.369885 0.5794075000000001 0.4542616671875 0.5794075000000001 0.4542616671875 0.48458249999999997 0.369885 0.48458249999999997 0.369885 0.5794075000000001
9 0.081425 0.35019125 0.10083500000000001 0.35019125 0.10083500000000001 0.28865375000000004 0.081425 0.28865375000000004 0.081425 0.35019125
9 0.07940749999999999 0.3938975 0.0943891671875 0.3938975 0.0943891671875 0.3713575 0.07940749999999999 0.3713575 0.07940749999999999 0.3938975
9 0.131855 0.26091125000000004 0.195865 0.26091125000000004 0.195865 0.22259375 0.131855 0.22259375 0.131855 0.26091125000000004
9 0.1258033328125 0.33395874999999997 0.16716999999999999 0.33395874999999997 0.16716999999999999 0.26243125 0.1258033328125 0.26243125 0.1258033328125 0.33395874999999997
9 0.11370083281250001 0.37953625 0.1388891671875 0.37953625 0.1388891671875 0.33202375 0.11370083281250001 0.33202375 0.11370083281250001 0.37953625
9 0.1187425 0.4213675 0.1467908328125 0.4213675 0.1467908328125 0.3849725 0.1187425 0.3849725 0.1187425 0.4213675
11 0.1419391671875 0.42199375000000006 0.1544841671875 0.42199375000000006 0.1544841671875 0.40464124999999995 0.1419391671875 0.40464124999999995 0.1419391671875 0.42199375000000006
11 0.10563166718749999 0.42074249999999996 0.1228783328125 0.42074249999999996 0.1228783328125 0.3995975 0.10563166718749999 0.3995975 0.10563166718749999 0.42074249999999996
9 0.1784191671875 0.2241425 0.2442775 0.2241425 0.2442775 0.1602375 0.1784191671875 0.1602375 0.1784191671875 0.2241425
9 0.26223 0.20039875000000001 0.31144 0.20039875000000001 0.31144 0.15064625 0.26223 0.15064625 0.26223 0.20039875000000001
9 0.3119483328125 0.22018624999999997 0.34658500000000003 0.22018624999999997 0.34658500000000003 0.16556375 0.3119483328125 0.16556375 0.3119483328125 0.22018624999999997
3 0.38528416718749997 0.3623675 0.5067524999999999 0.3623675 0.5067524999999999 0.1941675 0.38528416718749997 0.1941675 0.38528416718749997 0.3623675
3 0.4360866671875 0.5482275 0.5344033328125 0.5482275 0.5344033328125 0.3557175 0.4360866671875 0.3557175 0.4360866671875 0.5482275
3 0.4462466671875 0.65295125 0.6035633328125 0.65295125 0.6035633328125 0.55079875 0.4462466671875 0.55079875 0.4462466671875 0.65295125
3 0.5996708328125 0.6161575 0.6588658328125 0.6161575 0.6588658328125 0.5386075 0.5996708328125 0.5386075 0.5996708328125 0.6161575
3 0.6545375 0.5878537500000001 0.7078858328125001 0.5878537500000001 0.7078858328125001 0.50812625 0.6545375 0.50812625 0.6545375 0.5878537500000001
3 0.6951791671875001 0.37934999999999997 0.7254808328125 0.37934999999999997 0.7254808328125 0.35267 0.6951791671875001 0.35267 0.6951791671875001 0.37934999999999997
3 0.7022908328125 0.4718075 0.7437058328124999 0.4718075 0.7437058328124999 0.42277750000000003 0.7022908328125 0.42277750000000003 0.7022908328125 0.4718075
9 0.8019866671875 0.49083750000000004 0.8922033328125 0.49083750000000004 0.8922033328125 0.3751125 0.8019866671875 0.3751125 0.8019866671875 0.49083750000000004
9 0.8255716671875 0.379845 0.8709849999999999 0.379845 0.8709849999999999 0.31791 0.8255716671875 0.31791 0.8255716671875 0.379845
9 0.8330766671875001 0.30120749999999996 0.8905466671875001 0.30120749999999996 0.8905466671875001 0.2640425 0.8330766671875001 0.2640425 0.8330766671875001 0.30120749999999996
9 0.7489225 0.53061875 0.7909075 0.53061875 0.7909075 0.49158125 0.7489225 0.49158125 0.7489225 0.53061875
3 0.2918841671875 0.5596725 0.3501858328125 0.5596725 0.3501858328125 0.3443225 0.2918841671875 0.3443225 0.2918841671875 0.5596725
3 0.23718750000000002 0.57095875 0.29487583281249996 0.57095875 0.29487583281249996 0.49799125 0.23718750000000002 0.49799125 0.23718750000000002 0.57095875
7 0.0589666671875 0.7227750000000001 0.2526633328125 0.7227750000000001 0.2526633328125 0.5369349999999999 0.0589666671875 0.5369349999999999 0.0589666671875 0.7227750000000001
7 0.1572433328125 0.3542375 0.37890999999999997 0.3542375 0.37890999999999997 0.2250925 0.1572433328125 0.2250925 0.1572433328125 0.3542375
7 0.1383433328125 0.51393625 0.2889 0.51393625 0.2889 0.35833375 0.1383433328125 0.35833375 0.1383433328125 0.51393625
7 0.5106641671875 0.50340875 0.6964358328125 0.50340875 0.6964358328125 0.13721125 0.5106641671875 0.13721125 0.5106641671875 0.50340875
7 0.71289 0.7157549999999999 0.9150333328125001 0.7157549999999999 0.9150333328125001 0.553945 0.71289 0.553945 0.71289 0.7157549999999999
7 0.5768133328125 0.714 0.71514 0.714 0.71514 0.60781 0.5768133328125 0.60781 0.5768133328125 0.714
7 0.2536308328125 0.7262850000000001 0.4596325 0.7262850000000001 0.4596325 0.56245 0.2536308328125 0.56245 0.2536308328125 0.7262850000000001
7 0.3405683328125 0.199805 0.513405 0.199805 0.513405 0.11169500000000002 0.3405683328125 0.11169500000000002 0.3405683328125 0.199805
7 0.4501866671875 0.73154875 0.57653 0.73154875 0.57653 0.65033125 0.4501866671875 0.65033125 0.4501866671875 0.73154875
7 0.7317891671875 0.45251374999999994 0.8196741671875 0.45251374999999994 0.8196741671875 0.27328625 0.7317891671875 0.27328625 0.7317891671875 0.45251374999999994
7 0.6950999999999999 0.34484750000000003 0.7387233328125 0.34484750000000003 0.7387233328125 0.22299750000000002 0.6950999999999999 0.22299750000000002 0.6950999999999999 0.34484750000000003