19 0.9409932296875001 0.1033402578125 0.0789065625 0.078256096875 0.082051746875 0.25844359687499996 0.9441384140625001 0.2835277578125 0.9409932296875001 0.1033402578125
3 0.9509178421875 0.3118932046875 0.8968028421875 0.31031861875 0.902603640625 0.64264611875 0.956718640625 0.6442207046874999 0.9509178421875 0.3118932046875
3 0.1765805453125 0.277683225 0.1083222125 0.2756971109375 0.1129711515625 0.5420346109375 0.181229484375 0.544020725 0.1765805453125 0.277683225
3 0.2364102890625 0.5489171515625 0.153268621875 0.5464979750000001 0.1545669734375 0.620880475 0.23770864062500002 0.6232996515625 0.2364102890625 0.5489171515625
3 0.2584613984375 0.6456774296875001 0.1755480640625 0.6432648984375 0.1765487203125 0.7005923984375 0.2594620546875 0.7030049296875001 0.2584613984375 0.6456774296875001
11 0.478871290625 0.34449825624999997 0.422924625 0.3428703734375 0.42356522500000005 0.3795703734375 0.479511890625 0.38119825625 0.478871290625 0.34449825624999997
11 0.42705023906250006 0.3800066078125 0.36854190625 0.37830418906249996 0.36931202343749997 0.42242418906249996 0.42782035625 0.4241266078125 0.42705023906250006 0.3800066078125
11 0.586308215625 0.37383603125 0.5101665484375 0.3716205359375 0.5122376796875 0.4902755359375 0.588379346875 0.49249103125 0.586308215625 0.37383603125
11 0.8235022375 0.34212604375 0.7724972375 0.3406419484375 0.7745615171875 0.4589044484375 0.8255665171875 0.46038854375 0.8235022375 0.34212604375
11 0.738825946875 0.3909798875 0.647675946875 0.38832769375 0.648933671875 0.46038269375 0.740083671875 0.4630348875 0.738825946875 0.3909798875
11 0.7028620609375 0.29050646874999997 0.6519270609375 0.2890244125 0.6535317046875 0.3809544125 0.7044667046875001 0.38243646875000004 0.7028620609375 0.29050646874999997
11 0.8902068921874999 0.42745707499999996 0.834675225 0.42584126875 0.836560590625 0.53385376875 0.8920922578124999 0.535469575 0.8902068921874999 0.42745707499999996
11 0.866943784375 0.56469635625 0.743008784375 0.5610902156249999 0.743987140625 0.617140215625 0.8679221406250001 0.62074635625 0.866943784375 0.56469635625
11 0.6805791421875 0.48390075 0.6168308078125 0.4820458625 0.61876688125 0.5929633625 0.682515215625 0.59481825 0.6805791421875 0.48390075
11 0.6090533421875 0.48983798749999996 0.5485533421875 0.4880776171875 0.55102170625 0.6294901171875 0.61152170625 0.6312504875 0.6090533421875 0.48983798749999996
11 0.530939515625 0.48596217187499996 0.49550118281250005 0.48493102187500003 0.49680978906249995 0.559901021875 0.532248121875 0.560932171875 0.530939515625 0.48596217187499996
11 0.6031325140625 0.5794700749999999 0.5441341796875 0.5777533984375001 0.5449221453125 0.6228958984374999 0.6039204796875 0.624612575 0.6031325140625 0.5794700749999999
11 0.5209949265625 0.5899110953125 0.4853499265625 0.58887393125 0.48620518125 0.63787143125 0.5218501812499999 0.6389085953125 0.5209949265625 0.5899110953125
11 0.5965980859375 0.633805984375 0.514299753125 0.6314113484375 0.5154801515625 0.6990363484375 0.597778484375 0.7014309843750001 0.5965980859375 0.633805984375
11 0.4728492046875 0.4040889109375 0.41689753749999997 0.40246088281250003 0.417880825 0.45879338281250004 0.4738324921875 0.46042141093750005 0.4728492046875 0.4040889109375
11 0.3378213203125 0.385727334375 0.2438913203125 0.38299425 0.24750220625 0.5898617500000001 0.34143220625000004 0.592594834375 0.3378213203125 0.385727334375
11 0.46766313437499996 0.47449840625000006 0.3445814671875 0.4709170953125 0.3458788140625 0.5452420953125 0.46896048125 0.54882340625 0.46766313437499996 0.47449840625000006
11 0.47702707499999997 0.5822175203125 0.3601404078125 0.578816465625 0.3606370484375 0.607268965625 0.477523715625 0.6106700203125001 0.47702707499999997 0.5822175203125
11 0.460696221875 0.6266432749999999 0.387436221875 0.6245116265624999 0.3888743453125 0.7069016265625 0.46213434531250003 0.709033275 0.460696221875 0.6266432749999999
9 0.8449796218750001 0.6538616312500001 0.6701729546874999 0.6487752765625 0.67130858125 0.7138352765625 0.8461152484375001 0.71892163125 0.8449796218750001 0.6538616312500001
9 0.64189125 0.2887336484375 0.5877845828125 0.28715930625 0.59107001875 0.47538180625 0.6451766859375 0.4769561484375 0.64189125 0.2887336484375
9 0.8332302484375 0.47070265625 0.769606915625 0.4688514078125 0.7711563140625 0.5576164078125 0.834779646875 0.5594676562500001 0.8332302484375 0.47070265625
9 0.74360430625 0.4809245390625 0.68516430625 0.47922410937500004 0.6869603015625 0.582116609375 0.7454003015625 0.5838170390624999 0.74360430625 0.4809245390625
9 0.747423828125 0.5772542828125 0.6919754953125 0.5756409 0.6932116203125 0.6464584 0.748659953125 0.6480717828125 0.747423828125 0.5772542828125
9 0.252002534375 0.3078585625 0.1672208671875 0.30539166875 0.16954836874999998 0.43873416875000004 0.2543300359375 0.44120106249999996 0.252002534375 0.3078585625
9 0.42162775156250004 0.2871346921875 0.336106084375 0.284646265625 0.33760429687500004 0.37047876562500004 0.42312596406249997 0.3729671921875 0.42162775156250004 0.2871346921875
9 0.8922447359375001 0.2992240625 0.81130306875 0.2968689 0.8124931125 0.3650464 0.8934347796875001 0.3674015625 0.8922447359375001 0.2992240625
11 0.9007195703124999 0.3551473625 0.8261162375 0.352976628125 0.8275630453125 0.43586412812499997 0.902166378125 0.4380348625 0.9007195703124999 0.3551473625
7 0.9437383984375 0.64335201875 0.8601233984375 0.6409190703125 0.8615270468749999 0.7213340703125 0.9451420468749999 0.72376701875 0.9437383984375 0.64335201875
7 0.1598149421875 0.604645253125 0.061591607812500004 0.6017872453125 0.0632728796875 0.6981072453125 0.1614962140625 0.700965253125 0.1598149421875 0.604645253125
9 0.09561930468749999 0.18340045625 0.0449426375 0.181925915625 0.048371335937499996 0.378355915625 0.09904800312499999 0.37983045625 0.09561930468749999 0.18340045625