19 0.12942 0.2416525 0.25161666718750003 0.2416525 0.25161666718750003 0.11147750000000001 0.12942 0.11147750000000001 0.12942 0.2416525
19 0.7671666671875 0.26002375 0.9088166671875 0.26002375 0.9088166671875 0.11913125 0.7671666671875 0.11913125 0.7671666671875 0.26002375
9 0.8435575 0.66724125 0.9175525 0.66724125 0.9175525 0.28793375 0.8435575 0.28793375 0.8435575 0.66724125
9 0.18644083281249998 0.23856000000000002 0.2223658328125 0.23856000000000002 0.2223658328125 0.22033999999999998 0.18644083281249998 0.22033999999999998 0.18644083281249998 0.23856000000000002
2 0.25257833281250003 0.2870125 0.274435 0.2870125 0.274435 0.2107125 0.25257833281250003 0.2107125 0.25257833281250003 0.2870125
2 0.2500775 0.315755 0.2749891671875 0.315755 0.2749891671875 0.29318 0.2500775 0.29318 0.2500775 0.315755
2 0.24478583281250002 0.49872750000000005 0.26998416718749996 0.49872750000000005 0.26998416718749996 0.48028750000000003 0.24478583281250002 0.48028750000000003 0.24478583281250002 0.49872750000000005
2 0.2978291671875 0.4871525 0.32155083281249996 0.4871525 0.32155083281249996 0.4540675 0.2978291671875 0.4540675 0.2978291671875 0.4871525
2 0.2670883328125 0.41461625 0.2834783328125 0.41461625 0.2834783328125 0.39665374999999997 0.2670883328125 0.39665374999999997 0.2670883328125 0.41461625
2 0.2809508328125 0.44572874999999995 0.29287583281249996 0.44572874999999995 0.29287583281249996 0.42649125000000004 0.2809508328125 0.42649125000000004 0.2809508328125 0.44572874999999995
11 0.19997499999999999 0.36870375 0.22658833281250002 0.36870375 0.22658833281250002 0.33503125 0.19997499999999999 0.33503125 0.19997499999999999 0.36870375
11 0.17409583281250002 0.39558499999999996 0.2200475 0.39558499999999996 0.2200475 0.37517999999999996 0.17409583281250002 0.37517999999999996 0.17409583281250002 0.39558499999999996
11 0.18063166718749998 0.42294124999999994 0.19945166718750001 0.42294124999999994 0.19945166718750001 0.39224875 0.18063166718749998 0.39224875 0.18063166718749998 0.42294124999999994
3 0.1989066671875 0.49362625 0.21266 0.49362625 0.21266 0.47450875000000003 0.1989066671875 0.47450875000000003 0.1989066671875 0.49362625
3 0.2532216671875 0.55457 0.270395 0.55457 0.270395 0.527365 0.2532216671875 0.527365 0.2532216671875 0.55457
3 0.32679 0.5283675 0.3371866671875 0.5283675 0.3371866671875 0.5157625 0.32679 0.5157625 0.32679 0.5283675
3 0.3037575 0.5586975 0.3142358328125 0.5586975 0.3142358328125 0.5412874999999999 0.3037575 0.5412874999999999 0.3037575 0.5586975
3 0.32249249999999996 0.56983625 0.3315508328125 0.56983625 0.3315508328125 0.55752875 0.32249249999999996 0.55752875 0.32249249999999996 0.56983625
3 0.3553225 0.4852475 0.3661841671875 0.4852475 0.3661841671875 0.4734775 0.3553225 0.4734775 0.3553225 0.4852475
3 0.3561816671875 0.5184650000000001 0.36535833281249996 0.5184650000000001 0.36535833281249996 0.49926000000000004 0.3561816671875 0.49926000000000004 0.3561816671875 0.5184650000000001
3 0.3261033328125 0.4458075 0.3405233328125 0.4458075 0.3405233328125 0.4293875 0.3261033328125 0.4293875 0.3261033328125 0.4458075
3 0.3286808328125 0.471805 0.33873583281249997 0.471805 0.33873583281249997 0.457235 0.3286808328125 0.457235 0.3286808328125 0.471805
3 0.4003575 0.448285 0.43097916718749996 0.448285 0.43097916718749996 0.41985 0.4003575 0.41985 0.4003575 0.448285
3 0.41256000000000004 0.491405 0.42571000000000003 0.491405 0.42571000000000003 0.477345 0.41256000000000004 0.477345 0.41256000000000004 0.491405
3 0.4378283328125 0.45055375 0.48837833281250004 0.45055375 0.48837833281250004 0.41675625 0.4378283328125 0.41675625 0.4378283328125 0.45055375
3 0.43524916718749995 0.46479 0.45168416718750004 0.46479 0.45168416718750004 0.44589 0.43524916718749995 0.44589 0.43524916718749995 0.46479
3 0.4777066671875 0.33586 0.49044 0.33586 0.49044 0.31749 0.4777066671875 0.31749 0.4777066671875 0.33586
3 0.4701433328125 0.3769175 0.4849433328125 0.3769175 0.4849433328125 0.36235249999999997 0.4701433328125 0.36235249999999997 0.4701433328125 0.3769175
3 0.4495158328125 0.34927125000000003 0.4624041671875 0.34927125000000003 0.4624041671875 0.33141375 0.4495158328125 0.33141375 0.4495158328125 0.34927125000000003
3 0.42012416718749995 0.39280499999999996 0.4317758328125 0.39280499999999996 0.4317758328125 0.371635 0.42012416718749995 0.371635 0.42012416718749995 0.39280499999999996
3 0.3917625 0.40662624999999997 0.4029141671875 0.40662624999999997 0.4029141671875 0.38890875 0.3917625 0.38890875 0.3917625 0.40662624999999997
3 0.3608233328125 0.39012375 0.37454 0.39012375 0.37454 0.37395625 0.3608233328125 0.37395625 0.3608233328125 0.39012375
3 0.3310875 0.28745875 0.3455425 0.28745875 0.3455425 0.27237125 0.3310875 0.27237125 0.3310875 0.28745875
3 0.3572133328125 0.33491125 0.38677 0.33491125 0.38677 0.29944375 0.3572133328125 0.29944375 0.3572133328125 0.33491125
3 0.277885 0.33837375000000003 0.3096716671875 0.33837375000000003 0.3096716671875 0.31278625 0.277885 0.31278625 0.277885 0.33837375000000003
3 0.28010833281249997 0.18226625000000002 0.2936216671875 0.18226625000000002 0.2936216671875 0.16393375 0.28010833281249997 0.16393375 0.28010833281249997 0.18226625000000002
11 0.3532075 0.138395 0.3773458328125 0.138395 0.3773458328125 0.10305500000000001 0.3532075 0.10305500000000001 0.3532075 0.138395
2 0.5610691671875 0.16047125 0.5735808328124999 0.16047125 0.5735808328124999 0.13971875 0.5610691671875 0.13971875 0.5610691671875 0.16047125
9 0.6286975 0.16405375 0.6673225 0.16405375 0.6673225 0.12488625 0.6286975 0.12488625 0.6286975 0.16405375
2 0.759225 0.31132375 0.8123583328124999 0.31132375 0.8123583328124999 0.25918625 0.759225 0.25918625 0.759225 0.31132375
2 0.7688658328125 0.37114625 0.7829408328125 0.37114625 0.7829408328125 0.35125375000000003 0.7688658328125 0.35125375000000003 0.7688658328125 0.37114625
2 0.7327133328125 0.4264775 0.74607 0.4264775 0.74607 0.4083725 0.7327133328125 0.4083725 0.7327133328125 0.4264775
2 0.816105 0.42546375000000003 0.827055 0.42546375000000003 0.827055 0.40789125000000004 0.816105 0.40789125000000004 0.816105 0.42546375000000003
2 0.7905575 0.4802375 0.8035458328124999 0.4802375 0.8035458328124999 0.4650125 0.7905575 0.4650125 0.7905575 0.4802375
11 0.8029441671875001 0.4238625 0.8459325 0.4238625 0.8459325 0.3807175 0.8029441671875001 0.3807175 0.8029441671875001 0.4238625
11 0.8669133328124999 0.42137375 0.8962366671875 0.42137375 0.8962366671875 0.36445125 0.8669133328124999 0.36445125 0.8669133328124999 0.42137375
11 0.8411483328125 0.49496 0.867585 0.49496 0.867585 0.45019 0.8411483328125 0.45019 0.8411483328125 0.49496
9 0.8139025 0.3801375 0.8453275 0.3801375 0.8453275 0.3546775 0.8139025 0.3546775 0.8139025 0.3801375
11 0.7128783328125 0.62806125 0.7772416671875 0.62806125 0.7772416671875 0.58308375 0.7128783328125 0.58308375 0.7128783328125 0.62806125
11 0.6083941671875001 0.64059 0.7080291671875 0.64059 0.7080291671875 0.607745 0.6083941671875001 0.607745 0.6083941671875001 0.64059
11 0.4952933328125 0.630755 0.5564633328124999 0.630755 0.5564633328124999 0.591275 0.4952933328125 0.591275 0.4952933328125 0.630755
11 0.8005800000000001 0.64815625 0.84231 0.64815625 0.84231 0.57347375 0.8005800000000001 0.57347375 0.8005800000000001 0.64815625
3 0.3321983328125 0.31429874999999996 0.5549783328125 0.31429874999999996 0.5549783328125 0.15822624999999998 0.3321983328125 0.15822624999999998 0.3321983328125 0.31429874999999996
3 0.5749166671875 0.41981 0.75953 0.41981 0.75953 0.16413 0.5749166671875 0.16413 0.5749166671875 0.41981
3 0.560485 0.5520937499999999 0.7815583328125 0.5520937499999999 0.7815583328125 0.42390625000000004 0.560485 0.42390625000000004 0.560485 0.5520937499999999
3 0.3059575 0.57099125 0.5497325 0.57099125 0.5497325 0.31369875 0.3059575 0.31369875 0.3059575 0.57099125