9 0.0736171796875 0.8432592296875001 0.4442205125 0.8475715906250001 0.4374850828125 0.461699090625 0.06688174999999999 0.4573867296875 0.0736171796875 0.8432592296875001
9 0.60311846875 0.82180989375 0.8913751359375001 0.8251640640625 0.884436834375 0.42766906406249994 0.5961801671875 0.42431489375 0.60311846875 0.82180989375
9 0.44139905781250005 0.5883664109375 0.592892390625 0.5901291953125 0.5893567359375 0.3875716953125 0.437863403125 0.38580891093749997 0.44139905781250005 0.5883664109375
7 0.4544344015625 0.8621849953125 0.5897494015625 0.863759528125 0.5884077609375 0.7868970281250001 0.45309276093750006 0.7853224953125 0.4544344015625 0.8621849953125
7 0.596499290625 0.8663138171875 0.8419809578124999 0.8691702546875 0.841305359375 0.8304652546875 0.5958236921875 0.8276088171874999 0.596499290625 0.8663138171875
9 0.8491218796875 0.86677635 0.9449252125 0.8678911218750001 0.9408675203125 0.6354261218749999 0.8450641875 0.63431135 0.8491218796875 0.86677635
9 0.8880149234375001 0.635664703125 0.94418325625 0.63631828125 0.942334546875 0.53040578125 0.8861662140625001 0.5297522031249999 0.8880149234375001 0.635664703125
19 0.07898269999999999 0.4557204046875 0.3124710328125 0.45843728749999996 0.309183153125 0.27007478749999997 0.0756948203125 0.2673579046875 0.07898269999999999 0.4557204046875
19 0.311902378125 0.4074822703125 0.569492378125 0.4104796015625 0.5669474296875 0.26467960156250003 0.3093574296875 0.2616822703125 0.311902378125 0.4074822703125
19 0.5704990859375 0.3707806328125 0.7722790859375 0.37312855625 0.770458828125 0.26884605625 0.568678828125 0.2664981328125 0.5704990859375 0.3707806328125
19 0.8868217875 0.5220601453125 0.9379201203124999 0.522654728125 0.9336381312500001 0.27733972812499996 0.8825397984375 0.2767451453125 0.8868217875 0.5220601453125
19 0.7735805109375 0.41585002343750005 0.8833621781250001 0.4171274484375 0.8808172734375 0.27132994843749997 0.77103560625 0.2700525234375 0.7735805109375 0.41585002343750005