9 0.96638688125 0.049652325000000004 0.9013268812499999 0.051166614062500004 0.9002057562499999 0.2438716140625 0.96526575625 0.242357325 0.96638688125 0.049652325000000004
9 0.8953139171875 0.0586905671875 0.8428072500000001 0.059912673437499994 0.8422938546875001 0.1481576734375 0.8948005218749999 0.1469355671875 0.8953139171875 0.0586905671875
9 0.2363212703125 0.080355434375 0.0919462703125 0.08371579999999999 0.09161701093749999 0.1403108 0.2359920109375 0.136950434375 0.2363212703125 0.080355434375
9 0.1249984234375 0.14201225312500002 0.0904784234375 0.1428157140625 0.08938294062499999 0.3311132140625 0.123902940625 0.330309753125 0.1249984234375 0.14201225312500002
7 0.963462959375 0.250756903125 0.8431979593750001 0.253556103125 0.8416093 0.526623603125 0.9618743000000001 0.523824403125 0.963462959375 0.250756903125
7 0.8279018046875001 0.083823909375 0.2501884703125 0.0972703375 0.24931524375 0.2473653375 0.827028578125 0.23391890937499998 0.8279018046875001 0.083823909375
7 0.8980668296875001 0.155084678125 0.8234084968750001 0.1568223703125 0.82288668125 0.24651487031250002 0.8975450140625 0.24477717812500002 0.8980668296875001 0.155084678125
7 0.24206737031249997 0.1460565265625 0.1352473703125 0.1485427890625 0.1330083640625 0.5333952890625 0.2398283640625 0.5309090265624999 0.24206737031249997 0.1460565265625
7 0.84907973125 0.222179684375 0.23479473125 0.23647732656249998 0.23235356875000002 0.6560773265625001 0.8466385687500001 0.641779684375 0.84907973125 0.222179684375
19 0.295836475 0.35749498125 0.22410980781249998 0.3591644390625 0.2237118390625 0.42756943906249995 0.29543850625 0.42589998125 0.295836475 0.35749498125
19 0.2345675765625 0.43162993437499997 0.18870924375 0.4326972984375 0.18820685937499998 0.5190497984375 0.23406519218750002 0.517982434375 0.2345675765625 0.43162993437499997