19 0.8661680640625 0.7532826140625 0.7439713968749999 0.7539935328125 0.743214059375 0.8841685328125 0.8654107265625001 0.8834576140625 0.8661680640625 0.7532826140625
19 0.2285282765625 0.738621665625 0.0868782765625 0.7394457609375 0.0860585890625 0.8803382609374999 0.2277085890625 0.879514165625 0.2285282765625 0.738621665625
9 0.154506565625 0.33184859375000003 0.080511565625 0.332279084375 0.0783048203125 0.711586584375 0.1522998203125 0.71115609375 0.154506565625 0.33184859375000003
9 0.8091292390625 0.7567068515625001 0.7732042390625 0.75691585625 0.7730982375 0.77513585625 0.8090232374999999 0.7749268515625001 0.8091292390625 0.7567068515625001
2 0.7432736265625 0.708639128125 0.721416959375 0.7087662859375 0.720973059375 0.7850662859375 0.7428297265625 0.784939128125 0.7432736265625 0.708639128125
2 0.7459416796875 0.679882078125 0.7210300125 0.6800270109375 0.720898675 0.7026020109375 0.7458103421875 0.7024570781249999 0.7459416796875 0.679882078125
2 0.7522978484375 0.49687879218750003 0.7270995140625 0.49702539218749997 0.726992234375 0.5154653921875 0.75219056875 0.5153187921875 0.7522978484375 0.49687879218750003
2 0.6991871734374999 0.5087623890625 0.6754655078125 0.5089003984375 0.675273025 0.5419853984375 0.698994690625 0.5418473890625 0.6991871734374999 0.5087623890625
2 0.7295060046875 0.5811197953125 0.7131160046875 0.5812151484375 0.7130115015625 0.5991776484375 0.7294015015624999 0.5990822953125 0.7295060046875 0.5811197953125
2 0.7158245109375 0.55008794375 0.7038995109374999 0.550157321875 0.703787590625 0.569394821875 0.715712590625 0.56932544375 0.7158245109375 0.55008794375
11 0.7963522265625 0.626641840625 0.76973889375 0.626796671875 0.7695429921875 0.660469171875 0.796156325 0.660314340625 0.7963522265625 0.626641840625
11 0.8223877828124999 0.5996100296875 0.7764361156249999 0.59987736875 0.776317403125 0.62028236875 0.8222690703125 0.6200150296875 0.8223877828124999 0.5996100296875
11 0.816011103125 0.5722918046875 0.7971911031250001 0.5724012953125001 0.7970125390625 0.6030937953125 0.8158325390625001 0.6029843046875001 0.816011103125 0.5722918046875
3 0.7981473359375 0.501713125 0.784394003125 0.501793140625 0.7842827812500001 0.520910640625 0.7980361140625 0.520830625 0.7981473359375 0.501713125
3 0.744186896875 0.44108537031250006 0.7270135640625 0.4411852828125 0.726855290625 0.46839028281250006 0.7440286234375 0.4682903703125 0.744186896875 0.44108537031250006
3 0.670466121875 0.46771587812500004 0.6600694546875 0.4677763640625 0.659996121875 0.4803813640625 0.6703927890625 0.480320878125 0.670466121875 0.46771587812500004
3 0.6936750765624999 0.4372518796875 0.6831967437500001 0.43731284062500003 0.68309545625 0.454722840625 0.6935737890625 0.45466187968750005 0.6936750765624999 0.4372518796875
3 0.67500488125 0.42622212656249997 0.6659465484375 0.42627482656250004 0.6658749453125 0.43858232656249996 0.6749332781249999 0.43852962656249994 0.67500488125 0.42622212656249997
3 0.6416827578125 0.5110018765625 0.630821090625 0.5110650671875 0.6307526140624999 0.5228350671875 0.6416142812500001 0.5227718765625 0.6416827578125 0.5110018765625
3 0.64101684375 0.47778937499999996 0.631840178125 0.4778427625 0.631728446875 0.4970477625 0.6409051125 0.496994375 0.64101684375 0.47778937499999996
3 0.6706724703125 0.5502718843750001 0.6562524703125 0.5503557765625 0.6561569406250001 0.5667757765625 0.670576940625 0.5666918843750001 0.6706724703125 0.5502718843750001
3 0.66824621875 0.5242893796875 0.6581912187500001 0.524347878125 0.658106453125 0.538917878125 0.668161453125 0.5388593796875 0.66824621875 0.5242893796875
3 0.596432715625 0.54822638125 0.5658110484375001 0.548404534375 0.56564561875 0.576839534375 0.5962672859375 0.57666138125 0.596432715625 0.54822638125
3 0.58448108125 0.5051773734375 0.57133108125 0.505253878125 0.5712492828125 0.519313878125 0.5843992828125 0.5192373734375 0.58448108125 0.5051773734375
3 0.5589750828125 0.54617563125 0.5084250828125 0.546469721875 0.5082284546875 0.580267221875 0.5587784546875 0.5799731312499999 0.5589750828125 0.54617563125
3 0.561637071875 0.531924375 0.545202071875 0.5320199921875 0.5450921156249999 0.5509199921875 0.561527115625 0.550824375 0.561637071875 0.531924375
3 0.5184294796875 0.6611013859375 0.505696146875 0.6611754671875001 0.5055892734375 0.6795454671875001 0.51832260625 0.6794713859375 0.5184294796875 0.6611013859375
3 0.5262316796875 0.6199998843750001 0.5114316796875 0.6200859875 0.5113469421875 0.6346509874999999 0.5261469421875 0.634564884375 0.5262316796875 0.6199998843750001
3 0.5466983375 0.6475261265625 0.5338100031249999 0.647601109375 0.5337061125 0.665458609375 0.546594446875 0.6653836265625 0.5466983375 0.6475261265625
3 0.5763432749999999 0.6038213812500001 0.564691609375 0.60388916875 0.564568446875 0.62505916875 0.5762201124999999 0.62499138125 0.5763432749999999 0.6038213812500001
3 0.604785353125 0.589835128125 0.5936336859375 0.5899000062499999 0.5935306078125 0.60761750625 0.6046822749999999 0.607552628125 0.604785353125 0.589835128125
3 0.6356285109375001 0.6061576296875 0.62191184375 0.6062374296875 0.621817784375 0.6224049296875 0.6355344515625 0.6223251296875 0.6356285109375001 0.6061576296875
3 0.66476705625 0.7086496312499999 0.65031205625 0.708733728125 0.6502242796875 0.723821228125 0.6646792796875001 0.7237371312499999 0.66476705625 0.7086496312499999
3 0.63891729375 0.6613491265625 0.6093606265625 0.6615210828125 0.6091542828125001 0.6969885828125 0.63871095 0.6968166265625 0.63891729375 0.6613491265625
3 0.7182657703124999 0.6574251078125 0.686479103125 0.6576100375 0.686330240625 0.6831975375 0.7181169078125 0.6830126078125 0.7182657703124999 0.6574251078125
3 0.71513423125 0.8135455421875 0.701620896875 0.8136241609375 0.7015142421875 0.8319566609375 0.7150275765624999 0.8318780421874999 0.71513423125 0.8135455421875
11 0.641779828125 0.857842071875 0.6176414953125 0.8579825046874999 0.61743589375 0.8933225046875 0.6415742265625 0.893182071875 0.641779828125 0.857842071875
2 0.434046596875 0.836975125 0.42153493124999997 0.8370479156249999 0.421414196875 0.857800415625 0.43392586250000004 0.8577276250000001 0.434046596875 0.836975125
9 0.36643910625 0.8337860750000001 0.32781410625 0.8340107890624999 0.3275862375 0.8731782890625001 0.3662112375 0.872953575 0.36643910625 0.8337860750000001
2 0.23676839843750003 0.6872754624999999 0.183635065625 0.6875845828125 0.1833317390625 0.7397220828125 0.23646507187500002 0.7394129625 0.23676839843750003 0.6872754624999999
2 0.22747560312499998 0.62750905 0.21340060312500003 0.6275909359375 0.213284871875 0.6474834359375 0.227359871875 0.64740155 0.22747560312499998 0.62750905
2 0.26395001093750003 0.5719674718750001 0.25059334375 0.572045178125 0.2504880125 0.590150178125 0.26384467968749997 0.590072471875 0.26395001093750003 0.5719674718750001
2 0.1805524453125 0.5734663796875 0.1696024453125 0.5735300859375 0.1695002125 0.5911025859375 0.18045021249999998 0.5910388796875 0.1805524453125 0.5734663796875
2 0.2064186109375 0.5185439984375 0.193430278125 0.5186195625 0.1933417015625 0.5338445625 0.206330034375 0.5337689984375 0.2064186109375 0.5185439984375
11 0.1937039625 0.5749910625 0.15071562968750002 0.5752411609375 0.15046462031250002 0.6183861609375 0.193452953125 0.6181360625 0.1937039625 0.5749910625
11 0.12972031875 0.577851975 0.100396984375 0.578022571875 0.10006581875000001 0.634945071875 0.129389153125 0.6347744750000001 0.12972031875 0.577851975
11 0.1559134296875 0.504115828125 0.1294767625 0.5042696328125 0.1292162984375 0.5490396328125 0.155652965625 0.548885828125 0.1559134296875 0.504115828125
9 0.1824912453125 0.6187798171875001 0.15106624531249999 0.6189626421875001 0.1509181234375 0.6444226421875 0.1823431234375 0.6442398171875 0.1824912453125 0.6187798171875001
11 0.284957790625 0.370268325 0.22059445625000002 0.3706427796875 0.22033278437499998 0.41562027968750004 0.28469611875 0.41524582499999996 0.284957790625 0.370268325
11 0.389514846875 0.3571317046875 0.289879846875 0.3577113640625 0.289688759375 0.3905563640625 0.38932375937499997 0.3899767046875 0.389514846875 0.3571317046875
11 0.5025584624999999 0.36630870312499997 0.44138846249999997 0.3666645796875 0.441158775 0.40614457968749995 0.502328775 0.405788703125 0.5025584624999999 0.36630870312499997
11 0.19737303281250002 0.3506835578125 0.1556430328125 0.3509263359375 0.1552085421875 0.4256088359375 0.1969385421875 0.42536605781250003 0.19737303281250002 0.3506835578125
3 0.6638123734375 0.68181609375 0.4410323734375 0.6831121890625 0.4401243703125 0.8391846890625001 0.6629043703125 0.83788859375 0.6638123734375 0.68181609375
3 0.4217078859375 0.5777169375 0.237094553125 0.5787909859375 0.23560704999999998 0.8344709859374999 0.42022038281249996 0.8333969375000001 0.4217078859375 0.5777169375
3 0.43690915781250006 0.4453492265625 0.215835825 0.44663539375 0.2150900515625 0.5748228937500001 0.436163384375 0.5735367265625 0.43690915781250006 0.4453492265625
3 0.6915466 0.42497092812500004 0.4477716 0.4263891703125 0.446274715625 0.6836816703124999 0.6900497156250001 0.682263428125 0.6915466 0.42497092812500004