19 0.07033333281250001 0.22736159687500002 0.49916666718749997 0.2223716703125 0.49916666718749997 0.1421916703125 0.07033333281250001 0.14718159687500001 0.07033333281250001 0.22736159687500002
19 0.055334167187500005 0.301556128125 0.3204491671875 0.2984712359375 0.3204491671875 0.2242712359375 0.055334167187500005 0.227356128125 0.055334167187500005 0.301556128125
19 0.0586675 0.4855635921875 0.1483991671875 0.48451946875 0.1483991671875 0.30377196875 0.0586675 0.3048160921875 0.0586675 0.4855635921875
19 0.067 0.633505384375 0.1390633328125 0.6326668515625 0.1390633328125 0.4763818515625 0.067 0.477220384375 0.067 0.633505384375
19 0.5519999999999999 0.2117531484375 0.9309 0.20734424843750002 0.9309 0.1371667484375 0.5519999999999999 0.14157564843749998 0.5519999999999999 0.2117531484375
19 0.7253333328125 0.26975373281250004 0.9175633328125 0.267516934375 0.9175633328125 0.197324434375 0.7253333328125 0.1995612328125 0.7253333328125 0.26975373281250004
19 0.9070008328125001 0.3836698390625 0.9602425 0.3830503171875 0.9602425 0.2568278171875 0.9070008328125001 0.2574473390625 0.9070008328125001 0.3836698390625
9 0.09308 0.46920941562499996 0.11938666718749999 0.4689033109375 0.11938666718749999 0.3758583109375 0.09308 0.376164415625 0.09308 0.46920941562499996
9 0.1364641671875 0.46278584531250005 0.1583125 0.4625316171875 0.1583125 0.3754041171875 0.1364641671875 0.37565834531250003 0.1364641671875 0.46278584531250005
9 0.1492825 0.37979169062499996 0.17856416718749998 0.37945096718750004 0.17856416718749998 0.3618584671875 0.1492825 0.362199190625 0.1492825 0.37979169062499996
9 0.1653866671875 0.40879555156249997 0.1819833328125 0.4086024328125 0.1819833328125 0.37660743281250003 0.1653866671875 0.37680055156250003 0.1653866671875 0.40879555156249997
11 0.14961 0.40740162968750004 0.17041 0.40715960000000007 0.17041 0.3747696 0.14961 0.3750116296875 0.14961 0.40740162968750004
11 0.18839333281249998 0.36395034531250003 0.1977633328125 0.363841315625 0.1977633328125 0.346351315625 0.18839333281249998 0.34646034531250003 0.18839333281249998 0.36395034531250003
11 0.1795191671875 0.4042923546875 0.2048641671875 0.40399743906249996 0.2048641671875 0.3876799390625 0.1795191671875 0.38797485468750004 0.1795191671875 0.4042923546875
11 0.17557499999999998 0.436292 0.193555 0.43608278437500003 0.193555 0.407532784375 0.17557499999999998 0.407742 0.17557499999999998 0.436292
11 0.1624283328125 0.44907122499999996 0.177775 0.44889265 0.177775 0.42793015 0.1624283328125 0.42810872499999997 0.1624283328125 0.44907122499999996
11 0.1512533328125 0.5048262578125 0.1951333328125 0.50431566875 0.1951333328125 0.46322316875 0.1512533328125 0.4637337578125 0.1512533328125 0.5048262578125
11 0.12759 0.48932035625000003 0.14621333281249999 0.48910365312500004 0.14621333281249999 0.459848653125 0.12759 0.46006535625 0.12759 0.48932035625000003
11 0.1847783328125 0.464591159375 0.19644833281250001 0.4644553671875 0.19644833281250001 0.4449678671875 0.1847783328125 0.44510365937499996 0.1847783328125 0.464591159375
2 0.21087250000000002 0.44870252656250004 0.2272208328125 0.448512296875 0.2272208328125 0.416999796875 0.21087250000000002 0.41719002656250004 0.21087250000000002 0.44870252656250004
11 0.1584841671875 0.5213758703125 0.1733025 0.5212034421875 0.1733025 0.5029184421874999 0.1584841671875 0.5030908703125 0.1584841671875 0.5213758703125
11 0.1433666671875 0.564156778125 0.1819833328125 0.5637074328125 0.1819833328125 0.5333824328125 0.1433666671875 0.5338317781249999 0.1433666671875 0.564156778125
11 0.1772183328125 0.535360378125 0.1906616671875 0.53520395 0.1906616671875 0.51701395 0.1772183328125 0.517170378125 0.1772183328125 0.535360378125
11 0.19168000000000002 0.5501821015624999 0.20854666718749998 0.5499858390625 0.20854666718749998 0.5306108390625 0.19168000000000002 0.5308071015625 0.19168000000000002 0.5501821015624999
11 0.13383416718750002 0.5930676984375001 0.14331916718749999 0.5929573312499999 0.14331916718749999 0.57228733125 0.13383416718750002 0.5723976984375 0.13383416718750002 0.5930676984375001
11 0.1446808328125 0.6225302359375 0.1804058328125 0.6221145375 0.1804058328125 0.6014370375 0.1446808328125 0.6018527359375 0.1446808328125 0.6225302359375
11 0.1805058328125 0.6039646249999999 0.1969741671875 0.6037729984375 0.1969741671875 0.5731429984374999 0.1805058328125 0.573334625 0.1805058328125 0.6039646249999999
11 0.190365 0.648823653125 0.23405833281250002 0.6483152343749999 0.23405833281250002 0.614122734375 0.190365 0.614631153125 0.190365 0.648823653125
11 0.2160008328125 0.690330353125 0.2448425 0.68999475 0.2448425 0.64653725 0.2160008328125 0.646872853125 0.2160008328125 0.690330353125
11 0.1591416671875 0.69532946875 0.18040499999999998 0.6950820484375 0.18040499999999998 0.6616795484375 0.1591416671875 0.66192696875 0.1591416671875 0.69532946875
11 0.13416333281249998 0.65143761875 0.1470033328125 0.6512882109375 0.1470033328125 0.6338707109375 0.13416333281249998 0.63402011875 0.13416333281249998 0.65143761875
9 0.1035966671875 0.36590329375 0.1159666671875 0.36575935625 0.1159666671875 0.34533185624999996 0.1035966671875 0.34547579375000004 0.1035966671875 0.36590329375
9 0.1210166671875 0.37871809375 0.13543 0.3785503796875 0.13543 0.3564428796875 0.1210166671875 0.35661059375000004 0.1210166671875 0.37871809375
9 0.1821483328125 0.3361905125 0.23405833281250002 0.335586484375 0.23405833281250002 0.302051484375 0.1821483328125 0.3026555125 0.1821483328125 0.3361905125
11 0.23144833281250002 0.3320656046875 0.25299499999999997 0.33181488593749997 0.25299499999999997 0.30133738593750004 0.23144833281250002 0.3015881046875 0.23144833281250002 0.3320656046875
2 0.3241333328125 0.3321708671875 0.34107 0.331973790625 0.34107 0.298833790625 0.3241333328125 0.2990308671875 0.3241333328125 0.3321708671875
2 0.3530566671875 0.31565931406250003 0.3650033328125 0.3155203015625 0.3650033328125 0.2995403015625 0.3530566671875 0.2996793140625 0.3530566671875 0.31565931406250003
2 0.3704758328125 0.3332103734375 0.3868341671875 0.33302002656249996 0.3868341671875 0.29908752656250004 0.3704758328125 0.2992778734375 0.3704758328125 0.3332103734375
2 0.4157391671875 0.2985886875 0.42694083281250006 0.29845834375 0.42694083281250006 0.28467084374999996 0.4157391671875 0.2848011875 0.4157391671875 0.2985886875
2 0.3906675 0.300019171875 0.40363249999999995 0.2998683109375 0.40363249999999995 0.28341831093750003 0.3906675 0.283569171875 0.3906675 0.300019171875
2 0.3468608328125 0.300913909375 0.3678558328125 0.300669609375 0.3678558328125 0.281574609375 0.3468608328125 0.281818909375 0.3468608328125 0.300913909375
9 0.3391641671875 0.2582147171875 0.3780591671875 0.25776213281250004 0.3780591671875 0.22153963281250003 0.3391641671875 0.2219922171875 0.3391641671875 0.2582147171875
9 0.3612625 0.2236675796875 0.3758375 0.22349798437500001 0.3758375 0.205345484375 0.3612625 0.2055150796875 0.3612625 0.2236675796875
9 0.1721475 0.36367188281249996 0.1872325 0.363496353125 0.1872325 0.344826353125 0.1721475 0.3450018828125 0.1721475 0.36367188281249996
11 0.11861250000000001 0.50782981875 0.1314375 0.5076805859375 0.1314375 0.4864955859375 0.11861250000000001 0.48664481875 0.11861250000000001 0.50782981875
9 0.1126341671875 0.4899606328125 0.12386250000000001 0.48982997968750003 0.12386250000000001 0.46939747968749995 0.1126341671875 0.46952813281249994 0.1126341671875 0.4899606328125
9 0.09046583281250001 0.531776084375 0.1075175 0.5315776703124999 0.1075175 0.5032151703125 0.09046583281250001 0.503413584375 0.09046583281250001 0.531776084375
9 0.09594583281249999 0.5891148187499999 0.1250575 0.588776075 0.1250575 0.539998575 0.09594583281249999 0.54033731875 0.09594583281249999 0.5891148187499999
9 0.11687 0.54223009375 0.1374166671875 0.5419910125 0.1374166671875 0.5039860125 0.11687 0.50422509375 0.11687 0.54223009375
9 0.1338075 0.5770142593750001 0.1495758328125 0.5768307781249999 0.1495758328125 0.546063278125 0.1338075 0.546246759375 0.1338075 0.5770142593750001
9 0.14103000000000002 0.6495639671875 0.1715 0.6492094171875 0.1715 0.6216544171875 0.14103000000000002 0.6220089671875 0.14103000000000002 0.6495639671875
9 0.1365466671875 0.6636673859375 0.17448999999999998 0.663225875 0.17448999999999998 0.6473983750000001 0.1365466671875 0.6478398859375 0.1365466671875 0.6636673859375
9 0.12399249999999999 0.6225559671875 0.1441941671875 0.6223208984374999 0.1441941671875 0.5875983984375 0.12399249999999999 0.5878334671875 0.12399249999999999 0.6225559671875
9 0.1567716671875 0.562679546875 0.1661183328125 0.5625707875 0.1661183328125 0.5475932875 0.1567716671875 0.547702046875 0.1567716671875 0.562679546875
9 0.1577183328125 0.60213353125 0.1808683328125 0.60186415625 0.1808683328125 0.57260165625 0.1577183328125 0.5728710312499999 0.1577183328125 0.60213353125
9 0.1971491671875 0.6745547125 0.21660083281250003 0.6743283718749999 0.21660083281250003 0.648845871875 0.1971491671875 0.6490722124999999 0.1971491671875 0.6745547125
2 0.67981 0.5302321937500001 0.6927766671875 0.5300813140625 0.6927766671875 0.5129813140625 0.67981 0.51313219375 0.67981 0.5302321937500001
2 0.6055733328125 0.484808515625 0.62344 0.48460061874999993 0.62344 0.45537061874999996 0.6055733328125 0.45557851562499996 0.6055733328125 0.484808515625
2 0.5689875 0.46214173125 0.5840891671875 0.4619660078125 0.5840891671875 0.4419110078125 0.5689875 0.44208673125000003 0.5689875 0.46214173125
2 0.5474816671875 0.4324394734375 0.560315 0.4322901453125 0.560315 0.4114651453125 0.5474816671875 0.4116144734375 0.5474816671875 0.4324394734375
9 0.8233325 0.326993409375 0.9051175 0.32604175468749996 0.9051175 0.26633925468749997 0.8233325 0.267290909375 0.8233325 0.326993409375
11 0.8482441671875 0.30971728593750003 0.8595758328124999 0.30958542968749997 0.8595758328124999 0.28380042968749997 0.8482441671875 0.28393228593750003 0.8482441671875 0.30971728593750003
11 0.8762700000000001 0.410953675 0.88825 0.410814275 0.88825 0.38505927500000003 0.8762700000000001 0.385198675 0.8762700000000001 0.410953675
11 0.8957316671875001 0.44795596875 0.9101783328125 0.44778786562499995 0.9101783328125 0.418085365625 0.8957316671875001 0.41825346874999997 0.8957316671875001 0.44795596875
9 0.8768683328125 0.38453171249999996 0.9070816671875 0.38418015 0.9070816671875 0.32354015 0.8768683328125 0.3238917125 0.8768683328125 0.38453171249999996
9 0.7860858328125 0.2701130625 0.8231674999999999 0.2696815796875 0.8231674999999999 0.2480365796875 0.7860858328125 0.24846806250000003 0.7860858328125 0.2701130625
9 0.8519975000000001 0.23354611093750002 0.8670491671875 0.23337096875 0.8670491671875 0.21021596874999998 0.8519975000000001 0.2103911109375 0.8519975000000001 0.23354611093750002
9 0.8706516671875001 0.23102155 0.893995 0.2307499265625 0.893995 0.19684492656250002 0.8706516671875001 0.19711655 0.8706516671875001 0.23102155
9 0.8140700000000001 0.2791136875 0.8370599999999999 0.27884617500000003 0.8370599999999999 0.264723675 0.8140700000000001 0.2649911875 0.8140700000000001 0.2791136875
9 0.8412041671875 0.277315453125 0.8585991671875 0.27711304375 0.8585991671875 0.24340554375 0.8412041671875 0.243607953125 0.8412041671875 0.277315453125
9 0.8900433328125 0.4185946578125 0.9178066671874999 0.418271603125 0.9178066671874999 0.376309103125 0.8900433328125 0.3766321578125 0.8900433328125 0.4185946578125
9 0.9076008328125 0.4504016078125 0.9191891671875 0.450266765625 0.9191891671875 0.41747176562500005 0.9076008328125 0.41760660781250003 0.9076008328125 0.4504016078125
3 0.2251341671875 0.4587365765625 0.5459191671875 0.45500390468749996 0.5459191671875 0.32143140468750003 0.2251341671875 0.3251640765625 0.2251341671875 0.4587365765625
3 0.1953816671875 0.627921528125 0.3903816671875 0.6256524984375 0.3903816671875 0.43481749843750006 0.1953816671875 0.43708652812500004 0.1953816671875 0.627921528125
3 0.46151 0.6125435953125 0.6789466671875 0.610013490625 0.6789466671875 0.44385599062500003 0.46151 0.44638609531249995 0.46151 0.6125435953125
3 0.39373833281250004 0.6363559390625 0.4435916671875 0.6357758437500001 0.4435916671875 0.57304584375 0.39373833281250004 0.5736259390625 0.39373833281250004 0.6363559390625
11 0.7613641671875 0.6691319765625 0.7772158328125001 0.668947525 0.7772158328125001 0.643920025 0.7613641671875 0.6441044765624999 0.7613641671875 0.6691319765625
11 0.8321624999999999 0.6551594125 0.8584141671875001 0.654853946875 0.8584141671875001 0.624528946875 0.8321624999999999 0.6248344125 0.8321624999999999 0.6551594125
11 0.815395 0.6743857703125 0.831425 0.6741992437500001 0.831425 0.65223174375 0.815395 0.6524182703125 0.815395 0.6743857703125
7 0.42983000000000005 0.324403475 0.7195033328125 0.3210328203125 0.7195033328125 0.20145282031249998 0.42983000000000005 0.20482347500000003 0.42983000000000005 0.324403475
7 0.5559916671875 0.45035920156250003 0.8784449999999999 0.4466071171875 0.8784449999999999 0.3224446171875 0.5559916671875 0.32619670156249997 0.5559916671875 0.45035920156250003
7 0.7242041671874999 0.327143121875 0.8195258328125 0.326033953125 0.8195258328125 0.253408953125 0.7242041671874999 0.254518121875 0.7242041671874999 0.327143121875
7 0.24805833281249998 0.7164210796875 0.7572949999999999 0.710495575 0.7572949999999999 0.636730575 0.24805833281249998 0.6426560796875 0.24805833281249998 0.7164210796875
7 0.6761666671875 0.7238045890625 0.9231133328125001 0.7209311031250001 0.9231133328125001 0.44584110312499997 0.6761666671875 0.44871458906250006 0.6761666671875 0.7238045890625
11 0.9196616671875001 0.4929662671875 0.957695 0.492523709375 0.957695 0.384963709375 0.9196616671875001 0.3854062671875 0.9196616671875001 0.4929662671875