2 0.3194295203125 0.8917263234374999 0.3204916859375 0.9373613234375 0.4427641859375 0.9402072484374999 0.44170202031250005 0.8945722484375 0.3194295203125 0.8917263234374999
2 0.360365896875 0.8748104812499999 0.360667815625 0.8877821484374999 0.380555315625 0.8882450343749999 0.38025339687500004 0.8752733671874999 0.360365896875 0.8748104812499999
2 0.396133303125 0.8528803140625 0.39649480625 0.8684119812500001 0.44222230625 0.8694763015625 0.441860803125 0.8539446343750001 0.396133303125 0.8528803140625
2 0.44327453281249996 0.8539767062499999 0.44370155625 0.8723233718750001 0.47096655624999995 0.8729579718749999 0.47053953281250005 0.85461130625 0.44327453281249996 0.8539767062499999
2 0.44016816406250003 0.8901306015625 0.4410406375 0.9276156015625 0.48778063749999995 0.9287034875 0.4869081640625 0.8912184875 0.44016816406250003 0.8901306015625
2 0.48700114531249994 0.9294049546875 0.48749058593749994 0.9504332874999999 0.5603480859375 0.9521290640625001 0.5598586453125 0.9311007312499999 0.48700114531249994 0.9294049546875
2 0.504561575 0.89456695 0.5051660328125 0.92053695 0.5364810328125 0.9212658156250001 0.535876575 0.895295815625 0.504561575 0.89456695
2 0.48555724843750003 0.84761649375 0.48628941093750006 0.8790731609375 0.5325819109375 0.88015063125 0.5318497484375 0.8486939640625 0.48555724843750003 0.84761649375
2 0.5723112171875 0.905199765625 0.5729115250000001 0.9309914328125 0.638774025 0.9325243984375 0.6381737171874999 0.90673273125 0.5723112171875 0.905199765625
2 0.5882780796875 0.8414011796875001 0.5888185703125 0.8646228468749999 0.6033935703125 0.864962084375 0.6028530796875 0.8417404171875 0.5882780796875 0.8414011796875001
2 0.591529790625 0.76404216875 0.5922480265625001 0.7949005031249999 0.6326530265625 0.795840940625 0.631934790625 0.76498260625 0.591529790625 0.76404216875
2 0.2921260484375 0.803825628125 0.2924542296875 0.817925628125 0.31343922968750004 0.8184140609374999 0.31311104843750004 0.8043140609374999 0.2921260484375 0.803825628125
2 0.3254050828125 0.7933404765625001 0.325660375 0.804308809375 0.345827875 0.8047782140624999 0.3455725828125 0.79380988125 0.3254050828125 0.7933404765625001
2 0.2881916484375 0.6741859406249999 0.28843541875 0.6846592734375 0.30923541875 0.6851433984375 0.30899164843750004 0.674670065625 0.2881916484375 0.6741859406249999
2 0.5490207 0.6344841140625 0.549239603125 0.6438891140624999 0.563714603125 0.6442260234375 0.5634957 0.6348210234375 0.5490207 0.6344841140625
2 0.7715535140625 0.7250756609375 0.7733552140625 0.8024839953124999 0.7890377140625 0.8028490093749999 0.7872360140625 0.725440675 0.7715535140625 0.7250756609375
2 0.7436548562499999 0.7694644 0.7441724203125 0.7917010671875 0.7604899203125 0.7920808609375001 0.75997235625 0.76984419375 0.7436548562499999 0.7694644
2 0.7562680390625001 0.79839661875 0.75654645 0.8103582859375 0.7745214500000001 0.810776659375 0.7742430390624999 0.7988149921875001 0.7562680390625001 0.79839661875
2 0.7162259890625 0.8733818140625 0.7165188312499999 0.8859634812499999 0.73402383125 0.8863709140625 0.7337309890625 0.8737892468749999 0.7162259890625 0.8733818140625
2 0.7439154390625 0.8397573671874999 0.7443646515625 0.8590573671874999 0.7620596515625 0.8594692234375 0.7616104390625 0.8401692234375 0.7439154390625 0.8397573671874999
2 0.753818259375 0.69314411875 0.754429003125 0.7193841187500001 0.771764003125 0.7197875953125 0.771153259375 0.6935475953125 0.753818259375 0.69314411875
2 0.6670683187499999 0.576582909375 0.6677299953125 0.60501124375 0.7124349953125 0.6060517640625 0.7117733187499999 0.5776234296875 0.6670683187499999 0.576582909375
2 0.589812184375 0.5324393734374999 0.5907470359375 0.5726043734374999 0.6316870359375 0.5735572624999999 0.630752184375 0.5333922624999999 0.589812184375 0.5324393734374999
2 0.5591793890625001 0.5185093843749999 0.56002994375 0.5550527187500001 0.59342494375 0.5558299953125 0.5925743890625 0.5192866609375 0.5591793890625001 0.5185093843749999
2 0.482446396875 0.49689581718750003 0.4830243203125 0.5217258171875 0.5341668203125 0.5229161734375001 0.533588896875 0.4980861734375 0.482446396875 0.49689581718750003
2 0.36814430625 0.47895535625 0.3687929109375 0.5068220218749999 0.41549291093749996 0.5079089765625 0.41484430625 0.4800423109375 0.36814430625 0.47895535625
9 0.24670083593749997 0.25290222500000004 0.2479422984375 0.3062405578125 0.2918022984375 0.307261409375 0.2905608359375 0.2539230765625 0.24670083593749997 0.25290222500000004
9 0.25342684375 0.18681218125000001 0.2548992359375 0.25007218125 0.3066667359375 0.2512770828125 0.30519434375 0.1880170828125 0.25342684375 0.18681218125000001
9 0.3096637921875 0.15530139999999998 0.31237074374999996 0.27160306562500003 0.38939574375 0.2733958421875 0.3866887921875 0.1570941765625 0.3096637921875 0.15530139999999998
9 0.4248470328125 0.0979506921875 0.42595097812500005 0.1453806921875 0.549723478125 0.148261528125 0.5486195328125001 0.100831528125 0.4248470328125 0.0979506921875
11 0.70714346875 0.5359232140625 0.7078942125000001 0.5681782140625 0.7515217125 0.5691936546874999 0.75077096875 0.5369386546875 0.70714346875 0.5359232140625
11 0.6656338671875 0.488705471875 0.6660187234375 0.505240471875 0.7015462234375 0.5060673828125 0.7011613671875 0.4895323828125 0.6656338671875 0.488705471875
11 0.5967710453125 0.3948734953125 0.5975679125 0.42911016249999995 0.6318654125000001 0.42990844531250005 0.6310685453125 0.395671778125 0.5967710453125 0.3948734953125
11 0.535527690625 0.310159853125 0.536110115625 0.33518318593749996 0.557990115625 0.3356924484375 0.5574076906250001 0.310669115625 0.535527690625 0.310159853125
11 0.32316090625 0.27229064062499997 0.3239872953125 0.30779564062500003 0.37791729531249996 0.309050875 0.37709090624999997 0.273545875 0.32316090625 0.27229064062499997
2 0.277316703125 0.847093965625 0.2781345953125 0.882233965625 0.3121845953125 0.8830264874999999 0.311366703125 0.8478864875 0.277316703125 0.847093965625
2 0.2999656859375 0.88649255625 0.300395696875 0.9049675562499999 0.316183196875 0.9053350140624999 0.3157531859375 0.8868600140625 0.2999656859375 0.88649255625
2 0.3546541140625 0.8084184515624999 0.355132459375 0.82897011875 0.413757459375 0.8303346312500001 0.41327911406249995 0.8097829640624999 0.3546541140625 0.8084184515624999
3 0.3133227375 0.83783165625 0.31458576875 0.89209665625 0.36536826875 0.8932786328125 0.3641052375 0.8390136328125 0.3133227375 0.83783165625
3 0.3635950484375 0.8606250375 0.36472191875000004 0.9090400375 0.43920191875 0.9107735781249999 0.43807504843749995 0.862358578125 0.3635950484375 0.8606250375
3 0.44181177656250004 0.8770659593750001 0.44269317187499996 0.9149342921875 0.486050671875 0.91594345 0.4851692765625 0.8780751171875 0.44181177656250004 0.8770659593750001
3 0.4152413703125 0.7529752859375 0.417527465625 0.8511952859375 0.577014965625 0.8549073984375 0.5747288703125 0.7566873984375 0.4152413703125 0.7529752859375
3 0.53415285 0.71077235625 0.5352686656250001 0.75871235625 0.616518665625 0.760603471875 0.61540285 0.712663471875 0.53415285 0.71077235625
3 0.6586928624999999 0.656077275 0.6648151875 0.919117275 0.7517276875000001 0.9211401859375 0.7456053625 0.6581001859375 0.6586928624999999 0.656077275
3 0.5369123859375 0.5749627328125 0.53964129375 0.6922077328125 0.66770379375 0.6951884203125 0.6649748859375 0.5779434203125 0.5369123859375 0.5749627328125
3 0.294257584375 0.5152716734375 0.299302109375 0.7320050078125 0.5384271093749999 0.7375707031250001 0.533382584375 0.52083736875 0.294257584375 0.5152716734375
3 0.2603140609375 0.5195905265625 0.26180414218750003 0.5836105265625 0.3033091421875 0.584576565625 0.3018190609375 0.520556565625 0.2603140609375 0.5195905265625
7 0.28636714531249996 0.5896251203125 0.2874698109375 0.6370001203125 0.3365373109375 0.6381421781250001 0.3354346453125 0.590767178125 0.28636714531249996 0.5896251203125
7 0.33853666250000003 0.5734812875 0.3393886140625 0.610084621875 0.4638686140625 0.6129819265625 0.4630166625 0.5763785921875 0.33853666250000003 0.5734812875
7 0.4567801046875 0.693394928125 0.4578220609375 0.7381615953125 0.5248570609375001 0.739721853125 0.5238151046875 0.6949551859375 0.4567801046875 0.693394928125
7 0.4597315046875 0.5976047484375 0.4603746390625 0.625236415625 0.5251871390625 0.62674494375 0.5245440046875001 0.5991132765625 0.4597315046875 0.5976047484375
2 0.514397728125 0.6214199 0.5146722609375 0.6332149 0.5388022609374999 0.6337765328125 0.5385277281249999 0.6219815328125 0.514397728125 0.6214199
7 0.6315222265625 0.9205769953124999 0.6328436015625 0.9773486609375001 0.8719061015625 0.982912903125 0.8705847265625 0.9261412375000001 0.6315222265625 0.9205769953124999
7 0.26803183750000004 0.9414607578125 0.26884395 0.9763524234375 0.55294395 0.9829649249999999 0.5521318375 0.948073259375 0.26803183750000004 0.9414607578125
7 0.240639665625 0.3340837359375 0.2438523890625 0.472115403125 0.5559073890625 0.4793785625 0.552694665625 0.3413468953125 0.240639665625 0.3340837359375
7 0.5615908234375 0.10618070312500001 0.568100525 0.38586403593749996 0.804325525 0.391362234375 0.7978158234375 0.1116789015625 0.5615908234375 0.10618070312500001
7 0.4005956453125 0.15406218124999999 0.404003609375 0.30048218125 0.560803609375 0.3041317421875 0.5573956453125 0.1577117421875 0.4005956453125 0.15406218124999999
7 0.2341205765625 0.05399707031249999 0.23650788125000002 0.156565403125 0.41224288124999997 0.1606556796875 0.4098555765625 0.058087346875 0.2341205765625 0.05399707031249999
7 0.58232928125 0.383994740625 0.5860369515625 0.54329140625 0.8401369515624999 0.54920565 0.83642928125 0.389908984375 0.58232928125 0.383994740625
7 0.7229968343750001 0.55790715625 0.7263396656250001 0.7015288234375 0.8502771656249999 0.7044135 0.846934334375 0.5607918328125 0.7229968343750001 0.55790715625
7 0.7762734124999999 0.7005438734375 0.7802331171875 0.8706688734375 0.8721431171875 0.8728081031249999 0.8681834125 0.702683103125 0.7762734124999999 0.7005438734375