4 0.6330664109375 0.48533726250000003 0.5504564109375 0.48629851718749995 0.54840199375 0.6039960171875001 0.6310119937499999 0.6030347625 0.6330664109375 0.48533726250000003
4 0.389183575 0.438457696875 0.3094252421875 0.43938576874999996 0.30748742500000004 0.55040326875 0.38724575781250004 0.549475196875 0.389183575 0.438457696875
4 0.390688084375 0.63464658125 0.2942564171875 0.635768665625 0.29282484062499997 0.7177836656250001 0.3892565078125 0.71666158125 0.390688084375 0.63464658125
7 0.935239171875 0.257323021875 0.641169171875 0.26074483593750003 0.630129978125 0.8931798359374999 0.924199978125 0.8897580218750001 0.935239171875 0.257323021875
7 0.6415591546875 0.6282293921875 0.4015774875 0.63102183125 0.3967250234375 0.90901933125 0.636706690625 0.9062268921875001 0.6415591546875 0.6282293921875
7 0.6322091328125 0.24509979375 0.40710246562499997 0.24771914687500002 0.40315692187499996 0.473759146875 0.6282635890625 0.47113979375000004 0.6322091328125 0.24509979375
4 0.4590560703125 0.4763555421875 0.4065977375 0.47696595 0.40527996718750003 0.5524609500000001 0.45773830000000004 0.5518505421875 0.4590560703125 0.4763555421875
7 0.3763180796875 0.7061255546874999 0.022349746875 0.7102443484375 0.018803357812499998 0.9134168484374999 0.372771690625 0.9092980546874999 0.3763180796875 0.7061255546874999
7 0.28191235937500003 0.2679882953125 0.0183590265625 0.271055015625 0.01054216875 0.718882515625 0.2740955015625 0.7158157953125001 0.28191235937500003 0.2679882953125
7 0.446023046875 0.5548175375 0.2768063796875 0.5567865515625 0.2756340546875 0.6239490515624999 0.44485072187499997 0.6219800375 0.446023046875 0.5548175375
7 0.3988142515625 0.2526296125 0.2820925859375 0.253987790625 0.2789182953125 0.43584279062500003 0.3956399609375 0.43448461250000003 0.3988142515625 0.2526296125
7 0.5504822828125 0.481284234375 0.4433389484375 0.48253096093750003 0.44094180156249996 0.6198634609375 0.5480851359375001 0.618616734375 0.5504822828125 0.481284234375