19 0.224055878125 0.0953325 0.22527053437500003 0.3041141671875 0.397993034375 0.3041141671875 0.396778378125 0.0953325 0.224055878125 0.0953325
19 0.39659342343750004 0.10200083281250001 0.3971258234375 0.1935125 0.5333858234375 0.1935125 0.5328534234375 0.10200083281250001 0.39659342343750004 0.10200083281250001
19 0.21008536718749998 0.702 0.2112928953125 0.9095566671875 0.6115703953125 0.9095566671875 0.6103628671875 0.702 0.21008536718749998 0.702
9 0.38429361093750003 0.3379458328125 0.386829709375 0.7738641671875001 0.602659709375 0.7738641671875001 0.6001236109375 0.3379458328125 0.38429361093750003 0.3379458328125
9 0.46206151562500003 0.17365 0.4623957109375 0.2310933328125 0.6200432109375 0.2310933328125 0.619709015625 0.17365 0.46206151562500003 0.17365
7 0.1465545921875 0.0686841671875 0.15004233281249998 0.6681758328125 0.2528273328125 0.6681758328125 0.2493395921875 0.0686841671875 0.1465545921875 0.0686841671875
7 0.2559572265625 0.047006667187500004 0.256354971875 0.11537333281249999 0.704277471875 0.11537333281249999 0.7038797265625 0.047006667187500004 0.2559572265625 0.047006667187500004
7 0.6140180796875 0.11204 0.6188973 0.9507066671875 0.7433748 0.9507066671875 0.7384955796875 0.11204 0.6140180796875 0.11204
7 0.17028392187500002 0.9118816671875001 0.170546946875 0.9570916671875 0.603724446875 0.9570916671875 0.603461421875 0.9118816671875001 0.17028392187500002 0.9118816671875001
7 0.1483881859375 0.6779908328124999 0.14993234375 0.9434091671875 0.21197484375000003 0.9434091671875 0.21043068593749997 0.6779908328124999 0.1483881859375 0.6779908328124999
7 0.25745099374999997 0.3037633328125 0.2597234953125 0.6943733328125 0.3899259953125 0.6943733328125 0.38765349375 0.3037633328125 0.25745099374999997 0.3037633328125