19 0.7730476734375 0.0927910015625 0.7805329859375 0.5216243359375 0.8607129859375 0.5239573359375 0.8532276734375 0.0951240015625 0.7730476734375 0.0927910015625
19 0.6987658609375 0.0756380734375 0.7033934609375 0.3407530734375 0.7775934609374999 0.3429120734375 0.7729658609375 0.0777970734375 0.6987658609375 0.0756380734375
19 0.5147777953125 0.0736162078125 0.5163440671874999 0.163347875 0.6970915671875 0.1686070890625 0.6955252953125 0.07887542187499999 0.5147777953125 0.0736162078125
19 0.3668844890625 0.07764122031250001 0.368142359375 0.149704553125 0.524427359375 0.15425198125 0.5231694890624999 0.0821886484375 0.3668844890625 0.07764122031250001
19 0.7914589453125 0.5747487484375 0.7980726703125 0.9536487484375 0.8682501703125001 0.9556907046875001 0.8616364453124999 0.5767907046875 0.7914589453125 0.5747487484375
19 0.734466990625 0.74633575 0.737822378125 0.9385657500000001 0.808014878125 0.9406081421874999 0.804659490625 0.7483781421875 0.734466990625 0.74633575
19 0.6216080078124999 0.924627121875 0.6225373453125 0.9778687890625 0.7487598453125 0.9815414890625 0.7478305078124999 0.928299821875 0.6216080078124999 0.924627121875
9 0.5313322171875 0.10849291406249999 0.5317914015625 0.13479958125 0.6248364015625001 0.13750691406249999 0.6243772171875 0.111200246875 0.5313322171875 0.10849291406249999
9 0.538008240625 0.1520493 0.5383896046875 0.17389763281249998 0.6255171046875 0.17643278281250002 0.625135740625 0.15458445 0.538008240625 0.1520493
9 0.6210769859374999 0.167278175 0.6215880984375 0.1965598421875 0.6391805984375 0.19707173281249998 0.6386694859375 0.167790065625 0.6210769859374999 0.167278175
9 0.5921668343750001 0.1825329640625 0.5924565312500001 0.1991296296875 0.62445153125 0.20006058906250002 0.624161834375 0.1834639234375 0.5921668343750001 0.1825329640625
11 0.5934689515625 0.166802196875 0.5938320171875 0.187602196875 0.6262220171874999 0.18854465 0.6258589515625 0.16774465 0.5934689515625 0.166802196875
11 0.6371459171875 0.20683670312500002 0.637309471875 0.21620670312499998 0.654799471875 0.216715609375 0.6546359171875 0.207345609375 0.6371459171875 0.20683670312500002
11 0.59675226875 0.19679170937499998 0.5971946671875 0.22213670937500002 0.6135121671875 0.22261150000000002 0.61306976875 0.19726649999999998 0.59675226875 0.19679170937499998
11 0.5647296734375 0.1919177828125 0.565043515625 0.2098977828125 0.5935935156250001 0.210728503125 0.5932796734375 0.192748503125 0.5647296734375 0.1919177828125
11 0.551873946875 0.178403728125 0.5521418234375 0.1937503953125 0.5731043234375 0.1943603421875 0.572836446875 0.179013675 0.551873946875 0.178403728125
11 0.4960538875 0.16561020625 0.496819815625 0.20949020625 0.5379123156250001 0.2106858765625 0.5371463875 0.1668058765625 0.4960538875 0.16561020625
11 0.5114220921875 0.1424060609375 0.5117471625000001 0.16102939375 0.5410021625 0.16188062812499998 0.5406770921875 0.1432572953125 0.5114220921875 0.1424060609375
11 0.5364840671875 0.20029457812499998 0.53668776875 0.211964578125 0.55617526875 0.21253160625 0.5559715671875 0.20086160625 0.5364840671875 0.20029457812499998
2 0.5525245437499999 0.226842221875 0.5528099046875 0.2431905546875 0.5843224046875 0.244107475 0.58403704375 0.22775914218749999 0.5525245437499999 0.226842221875
11 0.47954635156250003 0.1723570484375 0.47980500625 0.18717538125 0.49809000625 0.1877074203125 0.49783135156249997 0.1728890875 0.47954635156250003 0.1723570484375
11 0.43667747500000004 0.15599986875 0.43735153125000004 0.19461653437499998 0.46767653124999997 0.195498903125 0.467002475 0.15688223750000002 0.43667747500000004 0.15599986875
11 0.46567085781250006 0.19067796406249998 0.4659055125 0.2041212984375 0.4840955125 0.2046505734375 0.4838608578125 0.19120723906249998 0.46567085781250006 0.19067796406249998
11 0.4509332875 0.20470346562500003 0.4512276953125 0.22157013281250001 0.4706026953125 0.2221338875 0.4703082875 0.20526722031250003 0.4509332875 0.20470346562500003
11 0.407711084375 0.145629375 0.40787664531249995 0.155114375 0.42854664531250003 0.1557158109375 0.42838108437500005 0.1462308109375 0.407711084375 0.145629375
11 0.3783116640625 0.1556150953125 0.3789352453125 0.1913400953125 0.3996127453125 0.19194175 0.39898916406249996 0.15621675 0.3783116640625 0.1556150953125
11 0.397085740625 0.1919681703125 0.397373196875 0.2084365046875 0.42800319687500005 0.20932774687500003 0.42771574062499995 0.1928594125 0.397085740625 0.1919681703125
11 0.3522840828125 0.20051873593749997 0.353046753125 0.24421206875 0.387239253125 0.24520696874999998 0.38647658281249997 0.2015136359375 0.3522840828125 0.20051873593749997
11 0.3109265578125 0.2249381671875 0.3114299921875 0.253779834375 0.3548874921875 0.25504431875 0.35438405781250004 0.22620265156250002 0.3109265578125 0.2249381671875
11 0.30559657812499996 0.1679527921875 0.30596773125 0.189216125 0.33937023125 0.19018803906249998 0.33899907812499996 0.16892470625 0.30559657812499996 0.1679527921875
11 0.3493430796875 0.1442600375 0.349567203125 0.15710003749999998 0.366984703125 0.1576068359375 0.36676057968750003 0.1447668359375 0.3493430796875 0.1442600375
9 0.6346995359375 0.12201192187500001 0.63491545625 0.134381921875 0.6553429562499999 0.1349763015625 0.6551270359375 0.1226063015625 0.6346995359375 0.12201192187500001
9 0.621986103125 0.1390531515625 0.6222376890625 0.153466484375 0.6443451890625 0.154109746875 0.644093603125 0.1396964140625 0.621986103125 0.1390531515625
9 0.6648694109375 0.20140154531249999 0.665775503125 0.2533115453125 0.699310503125 0.2542873140625 0.6984044109374999 0.20237731406249998 0.6648694109375 0.20140154531249999
11 0.6692811953125 0.2508048765625 0.66965729375 0.27235154375000004 0.70013479375 0.2732383484375 0.6997586953125 0.25169168124999997 0.6692811953125 0.2508048765625
2 0.66971526875 0.3434554328125 0.6700108984375001 0.3603921 0.7031508984375 0.361356375 0.70285526875 0.34441970781250003 0.66971526875 0.3434554328125
2 0.6863951265625 0.3728494109375 0.68660365625 0.3847960765625 0.7025836562500001 0.385261046875 0.7023751265625 0.37331438125 0.6863951265625 0.3728494109375
2 0.6689454296874999 0.38975199531250004 0.669230965625 0.40611032968750005 0.703163465625 0.407097665625 0.7028779296875001 0.39073933125 0.6689454296874999 0.38975199531250004
2 0.7038305046875 0.43600739375 0.7040260296875 0.447209059375 0.7178135296875 0.447610234375 0.7176180046875 0.43640856875 0.7038305046875 0.43600739375
2 0.7022541265625 0.4109025921875 0.7024804312499999 0.42386759218750003 0.71893043125 0.4243462375 0.7187041265625 0.4113812375 0.7022541265625 0.4109025921875
2 0.701104478125 0.367084721875 0.701470946875 0.388079721875 0.7205659468750001 0.3886353296875 0.720199478125 0.3676403296875 0.701104478125 0.367084721875
9 0.7437588828125 0.3606330828125 0.744437796875 0.39952808281249996 0.780660296875 0.40058204999999997 0.7799813828125 0.36168705 0.7437588828125 0.3606330828125
9 0.7784346109375 0.3837291515625 0.7786890171875 0.3983041515625 0.7968415171875 0.3988323359375 0.7965871109375 0.3842573359375 0.7784346109375 0.3837291515625
9 0.6373298453125 0.19060447187500001 0.6375931546875 0.20568947187500003 0.6562631546875 0.2062327140625 0.6559998453125 0.1911477140625 0.6373298453125 0.19060447187500001
11 0.4928603890625 0.13289303125000002 0.49308425 0.14571803125 0.51426925 0.1463344515625 0.5140453890625001 0.1335094515625 0.4928603890625 0.13289303125000002
9 0.5106947859375001 0.12743666250000002 0.5108907781250001 0.1386649953125 0.531323278125 0.1392595203125 0.5311272859375 0.1280311875 0.5106947859375001 0.12743666250000002
9 0.46875033750000006 0.104059128125 0.46904797499999995 0.12111079531249999 0.497410475 0.121936059375 0.4971128375 0.10488439218750001 0.46875033750000006 0.104059128125
9 0.41144349062499996 0.10786888593749999 0.41195163749999997 0.136980553125 0.4607291375 0.13839983281249998 0.460220990625 0.10928816562500002 0.41144349062499996 0.10786888593749999
9 0.4584499734375 0.13015017499999998 0.4588086171875 0.15069684218749999 0.4968136171875 0.151802675 0.4964549734375 0.1312560078125 0.4584499734375 0.13015017499999998
9 0.42376436875 0.14606982500000001 0.42403960625000003 0.1618381578125 0.45480710625 0.1627334 0.45453186875 0.1469650671875 0.42376436875 0.14606982500000001
9 0.3512566875 0.15117889843750001 0.35178854375 0.1816488984375 0.37934354375 0.1824506671875 0.3788116875 0.1519806671875 0.3512566875 0.15117889843750001
9 0.33712718124999996 0.146286715625 0.337789484375 0.1842300484375 0.353616984375 0.18469058124999999 0.35295468125 0.1467472484375 0.33712718124999996 0.146286715625
9 0.378165546875 0.13493301875 0.37851816875 0.1551346859375 0.41324066875 0.15614500781250001 0.412888046875 0.135943340625 0.378165546875 0.13493301875
9 0.438232709375 0.1694433140625 0.43839585625 0.1787899796875 0.45337335625 0.1792257796875 0.453210209375 0.1698791140625 0.438232709375 0.1694433140625
9 0.398784234375 0.169241665625 0.39918831875 0.192391665625 0.42845081875 0.1932431171875 0.42804673437499996 0.1700931171875 0.398784234375 0.169241665625
9 0.3265925015625 0.2065519078125 0.32693203125000003 0.22600357343750002 0.35241453125 0.22674503906250001 0.3520750015625 0.20729337343749998 0.3265925015625 0.2065519078125
2 0.473723628125 0.6932486812499999 0.47394996093749997 0.7062153484375 0.4910499609375 0.7067129078125001 0.49082362812499997 0.693746240625 0.473723628125 0.6932486812499999
2 0.518715321875 0.6203588421874999 0.5190271859375 0.638225509375 0.5482571859375 0.6390760156249999 0.547945321875 0.6212093484375 0.518715321875 0.6203588421874999
2 0.5411692140625 0.5844449328125 0.5414328140625 0.5995466 0.5614878140624999 0.6001301406249999 0.5612242140625 0.5850284734375 0.5411692140625 0.5844449328125
2 0.570746328125 0.5638106281249999 0.570970334375 0.5766439609375 0.591795334375 0.5772499062499999 0.591571328125 0.5644165734375 0.570746328125 0.5638106281249999
9 0.677797571875 0.8426362328125 0.679225134375 0.9244212328125 0.738927634375 0.9261583984374999 0.737500071875 0.8443733984374999 0.677797571875 0.8426362328125
11 0.69521865625 0.8680421484374999 0.6954164515625 0.8793738140625 0.7212014515625 0.88012408125 0.72100365625 0.868792415625 0.69521865625 0.8680421484374999
11 0.59414535 0.8931128140625001 0.5943544609375 0.9050928140625001 0.6201094609375 0.905842209375 0.61990035 0.893862209375 0.59414535 0.8931128140625001
11 0.5572563046875 0.9114912359374999 0.5575084718750001 0.9259379015625001 0.587210971875 0.92680215625 0.5869588046875001 0.912355490625 0.5572563046875 0.9114912359374999
9 0.62057079375 0.8944797453125 0.62109816875 0.9246930796875 0.68173816875 0.9264575234375 0.68121079375 0.8962441890624999 0.62057079375 0.8944797453125
9 0.7344611796875 0.807057225 0.7351084421875 0.8441388921874999 0.7567534421875 0.844768696875 0.7561061796875 0.8076870296875001 0.7344611796875 0.807057225
9 0.7714116718749999 0.874010565625 0.7716744 0.8890622328125 0.7948294 0.889735975 0.794566671875 0.8746843078125 0.7714116718749999 0.874010565625
9 0.77404478125 0.892731875 0.774452240625 0.9160752078125001 0.8083572406249999 0.9170617421875 0.8079497812499999 0.893718409375 0.77404478125 0.892731875
9 0.7256233953125 0.8347700265625001 0.7260246859375 0.8577600265624999 0.7401471859375001 0.8581709484375001 0.7397458953125 0.8351809484375 0.7256233953125 0.8347700265625001
9 0.7275795234375 0.8619473296875 0.7278831546875 0.8793423296875 0.7615906546875 0.8803231171875 0.7612870234375 0.8629281171875001 0.7275795234375 0.8619473296875
9 0.5865845140625 0.9066591546874999 0.587069125 0.9344224890625 0.629031625 0.9356434734375 0.6285470140625 0.9078801390625 0.5865845140625 0.9066591546874999
9 0.55487973125 0.9232852218750001 0.5550820062499999 0.93487355625 0.5878770062500001 0.93582779375 0.58767473125 0.924239459375 0.55487973125 0.9232852218750001
3 0.54257348125 0.2408071 0.5481728046875001 0.5615921 0.6817453046875 0.5654786625 0.67614598125 0.24469366250000002 0.54257348125 0.2408071
3 0.3732154 0.20614189375 0.3766191375 0.40114189375000003 0.5674541375000001 0.406694625 0.5640504 0.21169462499999997 0.3732154 0.20614189375
3 0.39014193750000004 0.472627575 0.3939373078125 0.6900642421875001 0.5600948078125 0.69489893125 0.5562994375 0.47746226406250003 0.39014193750000004 0.472627575
3 0.365935228125 0.40418598437500003 0.366805421875 0.45403931875000003 0.429535421875 0.455864575 0.428665228125 0.406011240625 0.365935228125 0.40418598437500003
11 0.3352984109375 0.770733665625 0.335575103125 0.78658533125 0.360602603125 0.78731355625 0.3603259109375 0.771461890625 0.3352984109375 0.770733665625
11 0.34968295 0.8419145875 0.35014117499999997 0.8681662546875 0.380466175 0.869048621875 0.38000795 0.8427969546874999 0.34968295 0.8419145875
11 0.3303590234375 0.824593334375 0.330638828125 0.8406233343749999 0.352606328125 0.8412625234375 0.35232652343750004 0.8252325234375 0.3303590234375 0.824593334375
7 0.6780977109374999 0.449342321875 0.683153978125 0.7390156546875 0.8027339781249999 0.7424950765625 0.7976777109375 0.45282174375000006 0.6780977109374999 0.449342321875
7 0.5528761203125 0.5717963359375 0.5585045640625 0.89424966875 0.6826670640625 0.8978624296875 0.6770386203125 0.575409096875 0.5528761203125 0.5717963359375
7 0.67707103125 0.74353710625 0.6787348765625 0.8388587718749999 0.7513598765625 0.8409719421874999 0.74969603125 0.7456502765625 0.67707103125 0.74353710625
7 0.285022375 0.25622565 0.29391113281250003 0.7654623171875 0.3676761328125 0.767608659375 0.358787375 0.2583719921875 0.285022375 0.25622565
7 0.2801300328125 0.6839742 0.284440503125 0.930920865625 0.559530503125 0.9389251671875 0.5552200328125 0.6919785015625 0.2801300328125 0.6839742
11 0.5123852546875 0.9341034671875 0.513049128125 0.9721368 0.620609128125 0.9752664765624999 0.6199452546875001 0.93723314375 0.5123852546875 0.9341034671875