19 0.9297824890624999 0.47074514062499995 0.8703774890625 0.46970822187500005 0.8588924562500001 0.864423221875 0.91829745625 0.865460140625 0.9297824890624999 0.47074514062499995
19 0.8641533718750001 0.7204381640624999 0.8208167046874999 0.7196817203125 0.8165539171875 0.8661842203125 0.859890584375 0.8669406640625 0.8641533718750001 0.7204381640624999
19 0.25838703125 0.7361865859375001 0.06771203125 0.732858340625 0.0634145453125 0.8805533406249999 0.2540895453125 0.8838815859375 0.25838703125 0.7361865859375001
11 0.1452161296875 0.7475091796875 0.08858279531249999 0.7465206421875 0.0875785828125 0.7810331421875001 0.14421191718749998 0.7820216796875 0.1452161296875 0.7475091796875
7 0.0762795359375 0.5811683078125001 0.03510786875 0.5804496546875 0.026990815624999998 0.8594146546875001 0.06816248281250001 0.8601333078125 0.0762795359375 0.5811683078125001
19 0.1318008703125 0.6826397046875 0.11869420312500001 0.682410928125 0.11812775625000001 0.701878428125 0.1312344234375 0.7021072046875 0.1318008703125 0.6826397046875
19 0.10904117499999999 0.6268430609375 0.097856175 0.6266478249999999 0.09733068125 0.644707825 0.10851568125 0.6449030609374999 0.10904117499999999 0.6268430609375
9 0.6178770078125 0.4315911984375 0.5335003406250001 0.4301183984375 0.530741215625 0.5249433984375 0.6151178828125 0.5264161984375 0.6178770078125 0.4315911984375
9 0.899667496875 0.6658425359375 0.8802574968749999 0.6655037328125 0.8784669375 0.7270412328125 0.8978769375000001 0.7273800359375 0.899667496875 0.6658425359375
9 0.9029567187499999 0.6221715015625 0.8879750515625 0.6219099953125 0.8873192046874999 0.6444499953125 0.9023008718750001 0.6447115015625 0.9029567187499999 0.6221715015625
9 0.8466397140625 0.7542422765625 0.7826297140625 0.753124978125 0.7815147890625 0.791442478125 0.8455247890625 0.7925597765625 0.8466397140625 0.7542422765625
9 0.8548168468749999 0.681300409375 0.8134501796875 0.6805783515625 0.811368940625 0.7521058515625 0.8527356078125001 0.752827909375 0.8548168468749999 0.681300409375
9 0.8682455156250001 0.635934159375 0.8430571812500001 0.6354944953125 0.8416747093750001 0.6830069953125 0.8668630437499999 0.683446659375 0.8682455156250001 0.635934159375
9 0.8644210140625 0.59401490625 0.83637268125 0.593525321875 0.8353136953125 0.629920321875 0.863362028125 0.6304099062499999 0.8644210140625 0.59401490625
11 0.84124256875 0.5929837578125 0.82869756875 0.592764784375 0.8281926625 0.610117284375 0.8407376624999999 0.6103362578125 0.84124256875 0.5929837578125
11 0.8775136609375 0.5948687578125 0.8602669953125 0.594567715625 0.8596517390624999 0.615712715625 0.8768984046874999 0.6160137578125 0.8775136609375 0.5948687578125
9 0.7990056859375 0.790198246875 0.733147353125 0.7890486859375 0.7312879062500001 0.8529536859375 0.7971462390624999 0.854103246875 0.7990056859375 0.790198246875
9 0.7145039796875 0.8124790734375 0.6652939796874999 0.811620109375 0.6638463296875 0.8613726093749999 0.7130563296875 0.8622315734375 0.7145039796875 0.8124790734375
9 0.6653614046875 0.7918237359375 0.6307247375 0.7912191515625 0.6291353843749999 0.8458416515625 0.6637720515625001 0.8464462359375 0.6653614046875 0.7918237359375
3 0.596162621875 0.6483624046875 0.4746942890625 0.6462421671875 0.46980016874999997 0.8144421671875 0.5912685015625 0.8165624046875 0.596162621875 0.6483624046875
3 0.5507680953125 0.46161564374999997 0.4524514296875 0.4598995203125 0.44684996093749996 0.6524095203125 0.5451666265624999 0.65412564375 0.5507680953125 0.46161564374999997
3 0.5436552453125 0.35671455 0.38633857968749996 0.35396857812500004 0.3833662453125 0.45612107812499997 0.5406829109375 0.45886705 0.5436552453125 0.35671455
3 0.389160490625 0.39083027187499997 0.32996549062499997 0.38979701875 0.3277090171875 0.46734701875000006 0.3869040171875 0.468380271875 0.389160490625 0.39083027187499997
3 0.33347026875 0.41817632031249996 0.2801219359375 0.417245121875 0.27780210312500003 0.496972621875 0.33115043593750004 0.49790382031249997 0.33347026875 0.41817632031249996
3 0.28676176249999996 0.6259706671874999 0.25646009687500004 0.62544175 0.2556837875 0.65212175 0.285985453125 0.6526506671875001 0.28676176249999996 0.6259706671874999
3 0.282340334375 0.5333890328125 0.24092533437500002 0.53266613125 0.2394987078125 0.58169613125 0.2809137078125 0.5824190328125 0.282340334375 0.5333890328125
9 0.1831982171875 0.5126188359375 0.0929815515625 0.5110440984375 0.08961429843749999 0.6267690984375001 0.17983096406250001 0.6283438359375 0.1831982171875 0.5126188359375
9 0.156383665625 0.6231996578125 0.11097033281249999 0.622406965625 0.1091682078125 0.684341965625 0.154581540625 0.6851346578124999 0.156383665625 0.6231996578125
9 0.1465905484375 0.7017061578125 0.0891205484375 0.700703015625 0.08803915625 0.7378680156249999 0.14550915625 0.7388711578125 0.1465905484375 0.7017061578125
9 0.2374199 0.4737638234375 0.1954349 0.4730309734375 0.19429902500000001 0.5120684734375 0.236284025 0.5128013234375 0.2374199 0.4737638234375
3 0.6953036109374999 0.45268770781249995 0.6370019453125 0.45167004843749997 0.6307359 0.6670200484375 0.689037565625 0.6680377078124999 0.6953036109374999 0.45268770781249995
3 0.750328675 0.4423561921875 0.6926403421875 0.4413492375 0.6905172046875 0.5143167375 0.7482055375 0.5153236921875 0.750328675 0.4423561921875
7 0.932966909375 0.29365079843749997 0.73927024375 0.290269809375 0.7338628515625001 0.476109809375 0.9275595171875001 0.47949079843750003 0.932966909375 0.29365079843749997
7 0.8239668968749999 0.6604728718749999 0.6023002296875 0.6566036656249999 0.5985424953125 0.785748665625 0.8202091625 0.789617871875 0.8239668968749999 0.6604728718749999
7 0.84751365625 0.5011040234374999 0.6969569890625 0.498476046875 0.69242941875 0.654078546875 0.8429860859374999 0.6567065234375 0.84751365625 0.5011040234374999
7 0.474886503125 0.5051326390625 0.2891148375 0.5018899828125 0.278459578125 0.8680874828125 0.46423124375 0.8713301390625 0.474886503125 0.5051326390625
7 0.27883931562500003 0.2892565234375 0.0766959828125 0.2857280984375 0.0719877921875 0.4475380984375 0.274131125 0.4510665234375 0.27883931562500003 0.2892565234375
7 0.4148649171875 0.29338675 0.27653825 0.29097225 0.2734484359375 0.39716225 0.411775103125 0.39957675 0.4148649171875 0.29338675
7 0.7384048734374999 0.286742921875 0.5324032062499999 0.28314715 0.5276360953125 0.44698215 0.7336377625 0.450577921875 0.7384048734374999 0.286742921875
7 0.6361483703124999 0.811705421875 0.46331170312500003 0.8086885468749999 0.46074796406249996 0.8967985468749999 0.63358463125 0.8998154218750001 0.6361483703124999 0.811705421875
7 0.5420021984375001 0.278048278125 0.41565886562500004 0.275842946875 0.413295678125 0.357060446875 0.5396390109375 0.359265778125 0.5420021984375001 0.278048278125
7 0.25228060937499996 0.5521678875 0.164395609375 0.5506338484375 0.15918062187499998 0.7298613484375001 0.24706562187499997 0.7313953875 0.25228060937499996 0.5521678875
7 0.285837009375 0.66047455 0.24221367656249998 0.6597131015625 0.23866820312499998 0.7815631015625 0.2822915359375 0.78232455 0.285837009375 0.66047455