9 0.05891 0.54329875 0.4295133328125 0.54329875 0.4295133328125 0.15742625 0.05891 0.15742625 0.05891 0.54329875
9 0.5888933328125 0.5825375 0.87715 0.5825375 0.87715 0.1850425 0.5888933328125 0.1850425 0.5888933328125 0.5825375
9 0.43121666718749996 0.6192087500000001 0.58271 0.6192087500000001 0.58271 0.41665125 0.43121666718749996 0.41665125 0.43121666718749996 0.6192087500000001
7 0.4394741671875 0.21979125000000002 0.5747891671875001 0.21979125000000002 0.5747891671875001 0.14292875 0.4394741671875 0.14292875 0.4394741671875 0.21979125000000002
7 0.5814958328125 0.1791575 0.8269774999999999 0.1791575 0.8269774999999999 0.1404525 0.5814958328125 0.1404525 0.5814958328125 0.1791575
9 0.8341616671875001 0.37539500000000003 0.9299649999999999 0.37539500000000003 0.9299649999999999 0.14293 0.8341616671875001 0.14293 0.8341616671875001 0.37539500000000003
9 0.8770975 0.48045375 0.9332658328125 0.48045375 0.9332658328125 0.37454125 0.8770975 0.37454125 0.8770975 0.48045375
19 0.0710425 0.73346875 0.3045308328125 0.73346875 0.3045308328125 0.54510625 0.0710425 0.54510625 0.0710425 0.73346875
19 0.3048516671875 0.741865 0.5624416671875 0.741865 0.5624416671875 0.5960650000000001 0.3048516671875 0.5960650000000001 0.3048516671875 0.741865
19 0.5641416671874999 0.74006625 0.7659216671875 0.74006625 0.7659216671875 0.63578375 0.5641416671874999 0.63578375 0.5641416671874999 0.74006625
19 0.8778874999999999 0.73347 0.9289858328125 0.73347 0.9289858328125 0.488155 0.8778874999999999 0.488155 0.8778874999999999 0.73347
19 0.7664774999999999 0.73886625 0.8762591671875001 0.73886625 0.8762591671875001 0.59306875 0.7664774999999999 0.59306875 0.7664774999999999 0.73886625