19 0.7061218453125 0.0095604203125 0.709563403125 0.157423753125 0.9052609031250001 0.15628521875 0.9018193453125001 0.0084218859375 0.7061218453125 0.0095604203125
19 0.8256431531249999 0.1588862109375 0.83179655 0.4232612109375 0.9339640499999999 0.42266681874999995 0.927810653125 0.15829181875 0.8256431531249999 0.1588862109375
19 0.7898566296875 0.5731513046875001 0.7990692875 0.9689646390625001 0.9267967875 0.9682215421875 0.9175841296874999 0.5724082078125 0.7898566296875 0.5731513046875001
19 0.598921434375 0.759077990625 0.6036717984375 0.963172990625 0.7995917984375 0.9620331609375 0.794841434375 0.7579381609375 0.598921434375 0.759077990625
9 0.577687765625 0.76941040625 0.579195071875 0.8341704062499999 0.715692571875 0.8333762874999999 0.7141852656250001 0.7686162875 0.577687765625 0.76941040625
9 0.7515736109375 0.614978828125 0.7532071078125 0.6851604953125 0.8348021078125001 0.684685790625 0.8331686109374999 0.6145041234375 0.7515736109375 0.614978828125
9 0.8154154078125 0.47675124375 0.818066459375 0.59065124375 0.870961459375 0.590343509375 0.8683104078125 0.476443509375 0.8154154078125 0.47675124375
9 0.55443335625 0.2431360890625 0.5574111140625 0.37107275624999997 0.8107911140624999 0.369598634375 0.80781335625 0.2416619671875 0.55443335625 0.2431360890625
9 0.32921139843749997 0.2833574953125 0.33459337499999997 0.5145891609375 0.558158375 0.5132884984375 0.5527763984375 0.2820568328125 0.32921139843749997 0.2833574953125
11 0.67760845625 0.0801050015625 0.678548271875 0.1204833359375 0.747453271875 0.1200824578125 0.74651345625 0.0797041234375 0.67760845625 0.0801050015625
11 0.7280225578125 0.124837796875 0.7285247984375001 0.14641613125 0.7513972984375 0.1462830625 0.7508950578125 0.124704728125 0.7280225578125 0.124837796875
11 0.7669336703125 0.19131628437499998 0.77068269375 0.3523896171875 0.8120526937499999 0.352148934375 0.8083036703124999 0.1910756015625 0.7669336703125 0.19131628437499998
3 0.3020600296875 0.055608765625 0.305989359375 0.224428765625 0.683959359375 0.2222298015625 0.6800300296875 0.053409801562500005 0.3020600296875 0.055608765625
3 0.6715620953125 0.1357277046875 0.67396988125 0.2391760390625 0.75804488125 0.23868690468749998 0.7556370953125 0.1352385703125 0.6715620953125 0.1357277046875
3 0.7524267874999999 0.42153100625000006 0.7559525625 0.5730126734375001 0.8230225624999999 0.572622471875 0.8194967875 0.42114080468750004 0.7524267874999999 0.42153100625000006
3 0.6540578640625 0.5238270734375 0.6566746625000001 0.6362554078125 0.7594521624999999 0.635657465625 0.7568353640625001 0.52322913125 0.6540578640625 0.5238270734375
3 0.6016593796875 0.7092361484375 0.6032352703125 0.776942815625 0.7493802703125 0.77609256875 0.7478043796875 0.7083859015625 0.6016593796875 0.7092361484375
3 0.4473397 0.7295915875000001 0.4487006828125 0.7880649203125001 0.5920506828125001 0.7872309343749999 0.5906897 0.7287576015624999 0.4473397 0.7295915875000001
3 0.374716803125 0.6961045046875001 0.37636011406250003 0.7667078375 0.4448126140625 0.7663095921874999 0.443169303125 0.695706259375 0.374716803125 0.6961045046875001
3 0.282888471875 0.6493898484375 0.28450396875 0.7187981812500001 0.36865396875 0.7183086109375 0.367038471875 0.648900278125 0.282888471875 0.6493898484375
3 0.4524069625 0.7945975796875 0.453650715625 0.8480342453124999 0.531753215625 0.8475798578125 0.5305094625 0.7941431921875 0.4524069625 0.7945975796875
3 0.37236759375 0.8245247234375 0.3727395703125 0.8405063890625 0.4448620703125 0.84008679375 0.44449009375 0.824105128125 0.37236759375 0.8245247234375
3 0.321803459375 0.8020283125000001 0.322395503125 0.827464978125 0.369520503125 0.8271908124999999 0.368928459375 0.801754146875 0.321803459375 0.8020283125000001
2 0.4449694421875 0.8489432015625 0.4454079484375 0.8677832015625 0.4846029484375 0.8675551718750001 0.48416444218750004 0.8487151718750001 0.4449694421875 0.8489432015625
2 0.42575699218749996 0.773376396875 0.42621171406249997 0.7929130640625 0.5028892140625 0.7924669671875 0.5024344921874999 0.7729303 0.42575699218749996 0.773376396875
2 0.3672078328125 0.752644171875 0.3677498359375 0.7759308390624999 0.38319483593750003 0.7758409828125 0.3826528328125 0.7525543156250001 0.3672078328125 0.752644171875
2 0.3306259 0.8338796374999999 0.33115106875 0.8564429703125 0.37393606875 0.8561940531250001 0.3734109 0.8336307203125 0.3306259 0.8338796374999999
2 0.4797279203125 0.8576455218750001 0.4803731875 0.8853688546875 0.5330906875 0.885062153125 0.5324454203125 0.8573388203125001 0.4797279203125 0.8576455218750001
2 0.37382479218750003 0.89921719375 0.3747097171875 0.93723719375 0.41320971718750005 0.93701320625 0.41232479218750007 0.8989932062499999 0.37382479218750003 0.89921719375
2 0.5315550250000001 0.79367788125 0.533488384375 0.87674288125 0.595508384375 0.8763820593749999 0.593575025 0.793317059375 0.5315550250000001 0.79367788125
2 0.501005575 0.8230987390625 0.501695840625 0.8527554046875 0.531760840625 0.8525804906250001 0.531070575 0.8229238249999999 0.501005575 0.8230987390625
2 0.3726886671875 0.8418643703124999 0.373933815625 0.8953610375000001 0.438976315625 0.8949826312500001 0.4377311671875 0.8414859640625 0.3726886671875 0.8418643703124999