19 0.084227521875 0.1400813609375 0.10318293125 0.9544830281250001 0.40240293125 0.95970593125 0.38344752187500003 0.14530426406250002 0.084227521875 0.1400813609375
19 0.3852748703125 0.1903162125 0.3936611390625 0.5506245468750001 0.4729011390625 0.5520076859375 0.4645148703125 0.1916993515625 0.3852748703125 0.1903162125
19 0.4112130109375 0.6605788515625 0.4177784953125 0.9426588515625 0.6020509953125 0.9458753390625001 0.5954855109375 0.6637953390625 0.4112130109375 0.6605788515625
9 0.4044837671875 0.5524294656250001 0.40686230468750006 0.6546211328125 0.6268373046875 0.6584608109375 0.6244587671875 0.55626914375 0.4044837671875 0.5524294656250001
9 0.15059734687499998 0.05351383750000001 0.1518887734375 0.10899883749999999 0.5047637734375 0.11515829375 0.503472346875 0.05967329375 0.15059734687499998 0.05351383750000001
9 0.3897833421875 0.10835491875 0.3916174703125 0.1871565859375 0.5514549703125 0.1899465609375 0.5496208421875 0.11114489375 0.3897833421875 0.10835491875
9 0.4709405125 0.18797390625 0.4796069 0.5603172390625 0.5693669 0.5618840046875 0.5607005125 0.189540671875 0.4709405125 0.18797390625
9 0.2873192359375 0.7408727640625 0.2880250203125 0.771196096875 0.3943500203125 0.77305200625 0.3936442359375 0.7427286734375 0.2873192359375 0.7408727640625
9 0.5332177312499999 0.66382383125 0.535487340625 0.7613354984375 0.590822340625 0.7623013734375 0.58855273125 0.66478970625 0.5332177312499999 0.66382383125
9 0.581426415625 0.7643523 0.5847450015625 0.9069323 0.6397250015625 0.9078919796875 0.636406415625 0.7653119796875 0.581426415625 0.7643523
9 0.51414693125 0.9087354390625 0.5150913625 0.9493121046875 0.5885988625 0.9505951828124999 0.58765443125 0.9100185171874999 0.51414693125 0.9087354390625
9 0.5471544749999999 0.11061370781249999 0.5522060984375 0.327652040625 0.6518635984375 0.32939156875000003 0.646811975 0.11235323593749999 0.5471544749999999 0.11061370781249999
7 0.5133224640625 0.051421985937500005 0.514557875 0.10450031875000002 0.684035375 0.107458559375 0.6827999640625 0.0543802265625 0.5133224640625 0.051421985937500005
7 0.6467350656249999 0.1132898453125 0.66597474375 0.9399048453125 0.7362347437500001 0.9411312390625 0.716995065625 0.1145162390625 0.6467350656249999 0.1132898453125
7 0.5475624640625 0.3374536375 0.552434325 0.5467686375 0.668504325 0.548794646875 0.6636324640625 0.339479646875 0.5475624640625 0.3374536375
7 0.57383639375 0.6630259453125 0.5761464640625 0.7622759453125 0.6685239640625 0.7638884 0.66621389375 0.6646384000000001 0.57383639375 0.6630259453125