19 0.148537015625 0.8386704734375 0.9299153484374999 0.8477626328125 0.929000771875 0.6905601328125 0.1476224390625 0.6814679734375 0.148537015625 0.8386704734375
19 0.10585139531250001 0.663185628125 0.24375806249999998 0.6647903171875 0.2428723125 0.5125428171874999 0.10496564531250001 0.5109381281250001 0.10585139531250001 0.663185628125
19 0.2809685921875 0.685223196875 0.43582025937499996 0.687025059375 0.434981096875 0.542785059375 0.2801294296875 0.540983196875 0.2809685921875 0.685223196875
19 0.46595238281249995 0.684875846875 0.7690440484375001 0.6884026375000001 0.7686966078124999 0.6286826375000001 0.46560494218750004 0.625155846875 0.46595238281249995 0.684875846875
19 0.8542865484375 0.6893945234375 0.9383298828125 0.69037245625 0.937388878125 0.52862745625 0.85334554375 0.5276495234375 0.8542865484375 0.6893945234375
7 0.1196878375 0.46336141875000003 0.6278178375000001 0.469274046875 0.626710646875 0.278964046875 0.118580646875 0.27305141875 0.1196878375 0.46336141875000003
9 0.8082716140624999 0.511267365625 0.9153849468749999 0.5125137421875 0.9140584671875001 0.2845112421875 0.806945134375 0.283264865625 0.8082716140624999 0.511267365625
19 0.48563807031249995 0.6232053515625 0.5923080703125 0.62444656875 0.5917985875 0.53687406875 0.48512858750000004 0.5356328515625 0.48563807031249995 0.6232053515625
7 0.63514025 0.47951356250000005 0.79011025 0.4813168015625 0.7889718171875 0.28563680156250004 0.6340018171875 0.2838335625 0.63514025 0.47951356250000005
7 0.089630440625 0.867505534375 0.135315440625 0.8680371265625 0.1348545671875 0.7888196265625 0.08916956718749999 0.7882880343750001 0.089630440625 0.867505534375
7 0.2661374421875 0.527445040625 0.768350775 0.533288821875 0.768007596875 0.47430132187499996 0.2657942640625 0.46845754062499995 0.2661374421875 0.527445040625