19 0.5404818578125 0.1779975390625 0.100325190625 0.1882423 0.10272883906250001 0.3259473 0.54288550625 0.3157025390625 0.5404818578125 0.1779975390625
19 0.4909389203125 0.3192087921875 0.111102253125 0.32804958906250004 0.1145541234375 0.5258070890625001 0.49439079062499997 0.5169662921875 0.4909389203125 0.3192087921875
19 0.6681039578125 0.1558042953125 0.5425089578125 0.1587275515625 0.547616396875 0.45133255156249996 0.673211396875 0.44840929531249996 0.6681039578125 0.1558042953125
19 0.8831437703124999 0.315229715625 0.8164337703125 0.3167824078125 0.8207867578125001 0.5661649078125001 0.8874967578125 0.564612215625 0.8831437703124999 0.315229715625
9 0.930834753125 0.13454676875 0.83553641875 0.1367648625 0.8384759828125 0.3051723625 0.9337743171874999 0.30295426875000003 0.930834753125 0.13454676875
9 0.8302733921875 0.131221309375 0.6934967249999999 0.134404821875 0.6941478 0.171704821875 0.8309244671875 0.168521309375 0.8302733921875 0.131221309375
9 0.9373956906249999 0.41117521406249996 0.9054706906250001 0.4119182765625 0.9066746531250001 0.4808932765625 0.938599653125 0.48015021406249997 0.9373956906249999 0.41117521406249996
9 0.9206120015625 0.48500193124999996 0.89969366875 0.48548881093749996 0.90074023125 0.5454463109375001 0.9216585640625 0.54495943125 0.9206120015625 0.48500193124999996
9 0.9375723171875 0.52923405 0.9183539843749999 0.5296813609375 0.91961764375 0.6020763609374999 0.9388359765625 0.60162905 0.9375723171875 0.52923405
19 0.825507453125 0.1668604171875 0.667512453125 0.17053779062500002 0.6734891109375 0.512940290625 0.8314841109375 0.5092629171875 0.825507453125 0.1668604171875
7 0.755677359375 0.515941834375 0.0987440265625 0.5312321265625 0.10236712968749999 0.7387996265625 0.7593004624999999 0.723509334375 0.755677359375 0.515941834375
7 0.5341398265625 0.3403685328125 0.4965514921875 0.3412434109375 0.49961407031249994 0.5166984109375 0.5372024046874999 0.5158235328125 0.5341398265625 0.3403685328125
7 0.6578026718750001 0.46603494999999995 0.533567671875 0.4689265515625 0.5344940125 0.5219965515625 0.6587290125 0.51910495 0.6578026718750001 0.46603494999999995
7 0.540332415625 0.134379553125 0.08704241562500001 0.1449299953125 0.0877580296875 0.1859274953125 0.5410480296875 0.17537705312500002 0.540332415625 0.134379553125
7 0.0985198265625 0.212144009375 0.0687198265625 0.2128376125 0.074257009375 0.5300626125 0.104057009375 0.5293690093750001 0.0985198265625 0.212144009375
7 0.9140157656250001 0.58160963125 0.75566243125 0.585295346875 0.75810225625 0.7250728468750001 0.9164555906249999 0.72138713125 0.9140157656250001 0.58160963125