19 0.09890608125 0.802581053125 0.86191108125 0.784821915625 0.86040833125 0.698729415625 0.09740333125 0.716488553125 0.09890608125 0.802581053125
19 0.0907907234375 0.7181168125 0.36636905625 0.7117026546874999 0.364417928125 0.5999226546875 0.08883959531249999 0.6063368125 0.0907907234375 0.7181168125
19 0.18792220312500002 0.6107233562500001 0.303572203125 0.6080315734374999 0.30126315937500003 0.4757465734375 0.185613159375 0.47843835625000003 0.18792220312500002 0.6107233562500001
19 0.6871368453125 0.6933160171875 0.9257551796874999 0.6877621140625 0.9246618375000001 0.6251246140625 0.686043503125 0.6306785171875 0.6871368453125 0.6933160171875
19 0.7894227703125 0.6308571374999999 0.931986103125 0.6275389390624999 0.9309497078125 0.5681639390625 0.788386375 0.5714821375 0.7894227703125 0.6308571374999999
3 0.6406149703125 0.5892648796875 0.7173783046875 0.58747819375 0.714625990625 0.42979819375000006 0.63786265625 0.4315848796875 0.6406149703125 0.5892648796875
3 0.392968453125 0.706989384375 0.510968453125 0.7042429046875001 0.50950345 0.6203129046875 0.39150345 0.6230593843750001 0.392968453125 0.706989384375
3 0.3578504578125 0.6135935046875 0.4256154578125 0.61201625625 0.4230491265625 0.46499125625 0.3552841265625 0.4665685046875 0.3578504578125 0.6135935046875
3 0.41767034843750006 0.45381936093749997 0.6321253484375 0.44882786562500004 0.6306830359375 0.366197865625 0.4162280359375 0.3711893609375 0.41767034843750006 0.45381936093749997
3 0.60279168125 0.671914684375 0.628285015625 0.6713213203125 0.6279182421875 0.6503088203125 0.6024249078125 0.650902184375 0.60279168125 0.671914684375
3 0.5404064749999999 0.6539638359375 0.568036475 0.653320740625 0.5677373390625 0.636183240625 0.5401073390625 0.6368263359374999 0.5404064749999999 0.6539638359375
3 0.6393182625 0.6542476890625 0.6680749296874999 0.6535783703125 0.6676945390625 0.6317858703125 0.638937871875 0.6324551890625 0.6393182625 0.6542476890625
3 0.6654545171875 0.63035615625 0.6918061843750001 0.6297428140625 0.6910915734375 0.5888028140625 0.66473990625 0.58941615625 0.6654545171875 0.63035615625
7 0.43760159375 0.6382142796875 0.64167159375 0.6334644968750001 0.6385392375000001 0.454011996875 0.4344692375 0.4587617796875 0.43760159375 0.6382142796875
7 0.26183223437500003 0.633362975 0.360462234375 0.6310673359375001 0.353282790625 0.21975733593750002 0.254652790625 0.22205297499999999 0.26183223437500003 0.633362975
7 0.0915623046875 0.4838262140625 0.2554923046875 0.4800107015625 0.250970309375 0.22094570156249999 0.087040309375 0.2247612140625 0.0915623046875 0.4838262140625
7 0.075557025 0.6138538953125 0.181285359375 0.611393040625 0.17891234375 0.475443040625 0.073184009375 0.4779038953125 0.075557025 0.6138538953125
7 0.72056298125 0.570525965625 0.95244798125 0.5651287828125 0.9463242640624999 0.2143012828125 0.7144392640625 0.219698465625 0.72056298125 0.570525965625
7 0.861130396875 0.793779965625 0.961365396875 0.7914469703125 0.9603342390625 0.7323719703125 0.8600992390625001 0.734704965625 0.861130396875 0.793779965625
7 0.6365289062499999 0.42643381874999997 0.71750890625 0.42454898906249994 0.71411441875 0.2300789890625 0.63313441875 0.23196381875 0.6365289062499999 0.42643381874999997
7 0.360493971875 0.3648985046875 0.63687230625 0.358465728125 0.63443470625 0.218815728125 0.358056371875 0.2252485046875 0.360493971875 0.3648985046875
7 0.36183493125 0.4417697734375 0.40979493125 0.4406534921875 0.408470834375 0.36479599218750003 0.360510834375 0.3659122734375 0.36183493125 0.4417697734375