9 0.0061958 0.9268791734375 0.07125580000000001 0.9249861203125 0.07686294375 0.7322811203125 0.01180294375 0.7341741734375 0.0061958 0.9268791734375
9 0.0774406828125 0.9174274109375 0.12994735 0.9158996234375 0.1325150171875 0.8276546234375 0.08000834999999999 0.8291824109375 0.0774406828125 0.9174274109375
9 0.736580628125 0.8919262546875 0.880955628125 0.8877253703125 0.8826023749999999 0.8311303703125 0.738227375 0.8353312546874999 0.736580628125 0.8919262546875
9 0.8492786640625001 0.829623340625 0.8837986640625 0.8286189109375 0.8892775625 0.6403214109375 0.8547575625 0.641325840625 0.8492786640625001 0.829623340625
7 0.013800324999999999 0.72576438125 0.13406532499999999 0.722265028125 0.14201077812500001 0.449197528125 0.021745778125 0.45269688124999996 0.013800324999999999 0.72576438125
7 0.1454014265625 0.8919024078125 0.7231147609375 0.8750926671875 0.7274820796875 0.7249976671875 0.1497687453125 0.7418074078125 0.1454014265625 0.8919024078125
7 0.07693354375 0.82105259375 0.1515918765625 0.8188802578125 0.1542016609375 0.7291877578125 0.079543328125 0.73136009375 0.07693354375 0.82105259375
7 0.7323673187499999 0.8262608453125001 0.83918731875 0.8231527 0.8503853828124999 0.43830020000000003 0.7435653828125 0.44140834531250006 0.7323673187499999 0.8262608453125001
7 0.127456225 0.75367463125 0.741741225 0.7358007625 0.7539503375 0.3162007625 0.13966533750000001 0.33407463125 0.127456225 0.75367463125
19 0.683550134375 0.615142625 0.7552768015625 0.6130555921874999 0.7572671843750001 0.5446505921875 0.6855405171875 0.546737625 0.683550134375 0.615142625
19 0.7465118687500001 0.5406534421875 0.7923702015625 0.5393191015625 0.7948828031249999 0.45296660156249996 0.7490244703125 0.45430094218750006 0.7465118687500001 0.5406534421875