19 0.64605625 0.1141897140625 0.64605625 0.1447163796875 0.70872875 0.1436224265625 0.70872875 0.1130957609375 0.64605625 0.1141897140625
19 0.70330625 0.15199374375000002 0.70330625 0.2277670765625 0.75965875 0.226783440625 0.75965875 0.1510101078125 0.70330625 0.15199374375000002
19 0.672255 0.288349078125 0.672255 0.39110574531250003 0.753595 0.38968595 0.753595 0.28692928281249996 0.672255 0.288349078125
19 0.65576 0.5149936671875001 0.65576 0.762740334375 0.76936 0.7607574390625 0.76936 0.513010771875 0.65576 0.5149936671875001
9 0.47752125 0.6406548359375 0.47752125 0.8575781687499999 0.65646375 0.854454715625 0.65646375 0.6375313828125 0.47752125 0.6406548359375
9 0.6739975 0.2307136625 0.6739975 0.28961699687500003 0.7378224999999999 0.288502928125 0.7378224999999999 0.22959959375 0.6739975 0.2307136625
9 0.6000575 0.2685584578125 0.6000575 0.396446790625 0.6738525 0.39515869375 0.6738525 0.2672703609375 0.6000575 0.2685584578125
9 0.5805275 0.365583521875 0.5805275 0.40591018749999996 0.6017675 0.40553944218750004 0.6017675 0.3652127765625 0.5805275 0.365583521875
9 0.5932725 0.4097035578125 0.5932725 0.425161890625 0.6153525 0.42477648281249997 0.6153525 0.40931815 0.5932725 0.4097035578125
7 0.7639525 0.0764009921875 0.7639525 0.8877493265625 0.8424625000000001 0.8863789296875 0.8424625000000001 0.0750305953125 0.7639525 0.0764009921875
7 0.25118625 0.399188028125 0.25118625 0.4920996953125 0.76313875 0.48316353124999994 0.76313875 0.3902518640625 0.25118625 0.399188028125
7 0.70628125 0.0518576484375 0.70628125 0.145159315625 0.75035875 0.1443899390625 0.75035875 0.051088271875 0.70628125 0.0518576484375
7 0.39777125 0.0572418765625 0.39777125 0.11988854374999999 0.70988875 0.11444051250000001 0.70988875 0.051793845312499996 0.39777125 0.0572418765625
7 0.24767 0.0963952375 0.24767 0.394988571875 0.581855 0.38915535 0.581855 0.090562015625 0.24767 0.0963952375
7 0.582085 0.1507330015625 0.582085 0.25992966875 0.692645 0.25799983593750003 0.692645 0.14880316875 0.582085 0.1507330015625
7 0.25629875 0.51554045625 0.25629875 0.6397121218749999 0.65024625 0.6328357421875 0.65024625 0.5086640765625 0.25629875 0.51554045625
7 0.258005 0.6390540062500001 0.258005 0.9098990062500001 0.484105 0.905952415625 0.484105 0.6351074156250001 0.258005 0.6390540062500001
7 0.65174 0.772763003125 0.65174 0.9121080031250001 0.76527 0.9101263296875001 0.76527 0.7707813296875 0.65174 0.772763003125
7 0.48299624999999996 0.8583626015625001 0.48299624999999996 0.9286792687500001 0.65238375 0.9257226 0.65238375 0.8554059328125 0.48299624999999996 0.8583626015625001
7 0.26134625 0.4901123515625 0.26134625 0.5197740171875 0.45252875000000004 0.5164369140625 0.45252875000000004 0.4867752484375 0.26134625 0.4901123515625