9 0.0331933328125 0.26486 0.09825333281250001 0.26486 0.09825333281250001 0.072155 0.0331933328125 0.072155 0.0331933328125 0.26486
9 0.1042233328125 0.16778500000000002 0.15672999999999998 0.16778500000000002 0.15672999999999998 0.07954 0.1042233328125 0.07954 0.1042233328125 0.16778500000000002
9 0.7631791671875 0.1424625 0.9075541671874999 0.1424625 0.9075541671874999 0.0858675 0.7631791671875 0.0858675 0.7631791671875 0.1424625
9 0.8741583328125 0.33323875 0.9086783328125 0.33323875 0.9086783328125 0.14494125 0.8741583328125 0.14494125 0.8741583328125 0.33323875
7 0.0349475 0.54628625 0.1552125 0.54628625 0.1552125 0.27321875 0.0349475 0.27321875 0.0349475 0.54628625
7 0.1714983328125 0.2532025 0.7492116671875 0.2532025 0.7492116671875 0.10310749999999999 0.1714983328125 0.10310749999999999 0.1714983328125 0.2532025
7 0.10090916718750001 0.26570375 0.17556750000000002 0.26570375 0.17556750000000002 0.17601125 0.10090916718750001 0.17601125 0.10090916718750001 0.26570375
7 0.75705 0.53656375 0.86387 0.53656375 0.86387 0.15171125000000002 0.75705 0.15171125000000002 0.75705 0.53656375
7 0.1495125 0.661575 0.7637975 0.661575 0.7637975 0.241975 0.1495125 0.241975 0.1495125 0.661575
19 0.7020433328125 0.432835 0.7737700000000001 0.432835 0.7737700000000001 0.36443 0.7020433328125 0.36443 0.7020433328125 0.432835
19 0.7628891671875 0.52350125 0.8087475 0.52350125 0.8087475 0.43714875 0.7628891671875 0.43714875 0.7628891671875 0.52350125