3 0.22387443906249999 0.7154262499999999 0.3764611046875 0.7154262499999999 0.3779142390625 0.46565375 0.22532757343749998 0.46565375 0.22387443906249999 0.7154262499999999
3 0.262258603125 0.47006 0.43252193749999995 0.47006 0.43344485 0.311425 0.26318151562500003 0.311425 0.262258603125 0.47006
11 0.2065413640625 0.4243225 0.219424696875 0.4243225 0.219577734375 0.3980175 0.2066944015625 0.3980175 0.2065413640625 0.4243225
11 0.16498591093749998 0.41537625 0.1916409109375 0.41537625 0.19176505 0.39403875 0.16511005 0.39403875 0.16498591093749998 0.41537625
11 0.143487228125 0.4665725 0.165497228125 0.4665725 0.1656808671875 0.43500750000000005 0.1436708671875 0.43500750000000005 0.143487228125 0.4665725
11 0.12776223125 0.52472625 0.1422955640625 0.52472625 0.142414903125 0.50421375 0.1278815703125 0.50421375 0.12776223125 0.52472625
11 0.133723171875 0.59331875 0.15084317187500002 0.59331875 0.151016790625 0.56347625 0.13389679062499998 0.56347625 0.133723171875 0.59331875
11 0.167298659375 0.74392125 0.21226199218750003 0.74392125 0.212514821875 0.70046375 0.1675514890625 0.70046375 0.167298659375 0.74392125
11 0.1219086890625 0.62015875 0.1357753546875 0.62015875 0.1358798859375 0.60219125 0.12201322031249999 0.60219125 0.1219086890625 0.62015875
9 0.38626167499999997 0.7792125000000001 0.4691950078125 0.7792125000000001 0.46943350937500006 0.7382175 0.3865001765625 0.7382175 0.38626167499999997 0.7792125000000001
9 0.31679286875 0.80307125 0.35374286875 0.80307125 0.354080840625 0.74497875 0.317130840625 0.74497875 0.31679286875 0.80307125
9 0.26348509999999997 0.7643 0.308901765625 0.7643 0.3091090546875 0.7286699999999999 0.2636923890625 0.7286699999999999 0.26348509999999997 0.7643
9 0.24074651875000003 0.77623125 0.26940151874999996 0.77623125 0.26959259062499996 0.74338875 0.24093759062500003 0.74338875 0.24074651875000003 0.77623125
3 0.1888954703125 0.68875 0.22053713749999998 0.68875 0.22159074531249998 0.50765 0.189949078125 0.50765 0.1888954703125 0.68875
3 0.1546453796875 0.6539587499999999 0.189592046875 0.6539587499999999 0.1904941453125 0.49890125 0.155547478125 0.49890125 0.1546453796875 0.6539587499999999
19 0.5247625828125 0.8787499999999999 0.93421925 0.8787499999999999 0.9347478859375 0.787885 0.52529121875 0.787885 0.5247625828125 0.8787499999999999
19 0.7924745765625001 0.781435 0.9382929109375 0.781435 0.93888598125 0.679495 0.793067646875 0.679495 0.7924745765625001 0.781435
19 0.8814570859374999 0.67228625 0.934543753125 0.67228625 0.9356160515624999 0.48797375 0.882529384375 0.48797375 0.8814570859374999 0.67228625
19 0.3644385421875 0.848505 0.496915209375 0.848505 0.49731073437499995 0.78052 0.3648340671875 0.78052 0.3644385421875 0.848505
19 0.068903928125 0.86691625 0.320588928125 0.86691625 0.3211879765625 0.7639487500000001 0.0695029765625 0.7639487500000001 0.068903928125 0.86691625
19 0.06387315625 0.76749875 0.1968498234375 0.76749875 0.1973847578125 0.67555125 0.064408090625 0.67555125 0.06387315625 0.76749875
19 0.076332634375 0.67491375 0.145487634375 0.67491375 0.14660429375 0.48297625 0.07744929375000001 0.48297625 0.076332634375 0.67491375
7 0.4113248578125 0.7727925 0.7844331921875 0.7727925 0.787329628125 0.2749375 0.41422129375 0.2749375 0.4113248578125 0.7727925
7 0.783925703125 0.6746725 0.8882140375 0.6746725 0.8905193234375 0.2784275 0.7862309890625 0.2784275 0.783925703125 0.6746725
7 0.10542661718749999 0.380305 0.2517716171875 0.380305 0.252460796875 0.261845 0.10611579687499999 0.261845 0.10542661718749999 0.380305