19 0.900766271875 0.234028009375 0.6919846046875 0.2315986140625 0.688969721875 0.4043211140625 0.8977513890625 0.406750509375 0.900766271875 0.234028009375
19 0.8910869609375001 0.40644916562500005 0.79957529375 0.40538433124999995 0.7971968671874999 0.54164433125 0.888708534375 0.542709165625 0.8910869609375001 0.40644916562500005
19 0.294404234375 0.20946879375 0.0868475671875 0.20705365312500001 0.0798606984375 0.607331153125 0.287417365625 0.60974629375 0.294404234375 0.20946879375
9 0.655380615625 0.3900311984375 0.21946228125 0.384958828125 0.2156949546875 0.600788828125 0.6516132890625 0.6058611984375 0.655380615625 0.3900311984375
9 0.8183023203124999 0.47066670312500003 0.7608589875 0.46999828906249996 0.758107240625 0.6276457890625 0.8155505734374999 0.628314203125 0.8183023203124999 0.47066670312500003
7 0.9287646875 0.156991840625 0.329273021875 0.15001612343749998 0.327478903125 0.2528011234375 0.9269705687500001 0.259776840625 0.9287646875 0.156991840625
7 0.94853035625 0.26677283125 0.880163690625 0.2659773125 0.8723451750000001 0.7138998125 0.9407118406249999 0.71469533125 0.94853035625 0.26677283125
7 0.8772536515624999 0.6236986 0.038586984375 0.6139398296875 0.036414221875 0.7384173296875 0.8750808890625 0.7481761 0.8772536515624999 0.6236986
7 0.08523861875 0.16600410000000002 0.04002861875 0.165478034375 0.0324674765625 0.598655534375 0.0776774765625 0.5991816 0.08523861875 0.16600410000000002
7 0.3194878921875 0.148190665625 0.0540695578125 0.14510224375 0.0529866015625 0.20714474374999997 0.31840493593749997 0.210233165625 0.3194878921875 0.148190665625
7 0.691773690625 0.263785196875 0.30116369062500004 0.2592400375 0.298890996875 0.3894425375 0.689500996875 0.393987696875 0.691773690625 0.263785196875