19 0.906325190625 0.1747380765625 0.4661685234375 0.1824210390625 0.468572171875 0.3201260390625 0.9087288390625 0.31244307656250003 0.906325190625 0.1747380765625
19 0.9004355875 0.3148847859375 0.5205989203125 0.321514859375 0.524050790625 0.519272359375 0.9038874578125 0.5126422859375 0.9004355875 0.3148847859375
19 0.4634706234375 0.1632472765625 0.3378756234375 0.1654395453125 0.3429830625 0.4580445453125 0.46857806249999995 0.4558522765625 0.4634706234375 0.1632472765625
19 0.1952837703125 0.332342325 0.1285737703125 0.3335067515625 0.13292675781250002 0.5828892515625 0.1996367578125 0.581724825 0.1952837703125 0.332342325
9 0.16991475312499998 0.15323045156249998 0.07461641875 0.154893890625 0.07755598281250001 0.323301390625 0.1728543171875 0.32163795156249997 0.16991475312499998 0.15323045156249998
9 0.311756725 0.145089115625 0.17498005781249998 0.1474765609375 0.1756311328125 0.1847765609375 0.3124078 0.182389115625 0.311756725 0.145089115625
9 0.109639025 0.4310356140625 0.07771402499999999 0.43159286718749995 0.0789179875 0.5005678671875 0.11084298749999999 0.5000106140625 0.109639025 0.4310356140625
9 0.11797866875 0.5043186609375 0.09706033593749999 0.5046837921875 0.0981068984375 0.5646412921875 0.11902523125 0.5642761609375 0.11797866875 0.5043186609375
9 0.10087565000000001 0.5492395359375 0.0816573171875 0.5495749937500001 0.0829209765625 0.62196999375 0.102139309375 0.6216345359375001 0.10087565000000001 0.5492395359375
19 0.3389807875 0.18013848906250002 0.1809857875 0.1828963015625 0.1869624453125 0.5252988015625 0.3449574453125 0.5225409890625 0.3389807875 0.18013848906250002
7 0.9198740265625001 0.5174197781250001 0.26294069375 0.5288865921875 0.266563796875 0.7364540921875 0.9234971296875001 0.724987278125 0.9198740265625001 0.5174197781250001
7 0.5157598265625001 0.3437623265625 0.47817149218750005 0.3444184328125 0.4812340703125 0.5198734328125 0.5188224046875 0.5192173265625 0.5157598265625001 0.3437623265625
7 0.48322933749999997 0.472861796875 0.3589943375 0.4750303265625 0.359920678125 0.5281003265625 0.48415567812500004 0.5259317968749999 0.48322933749999997 0.472861796875
7 0.91808575 0.130915759375 0.46479575000000006 0.138827965625 0.46551136406250004 0.17982546562499999 0.9188013640625 0.171913259375 0.91808575 0.130915759375
7 0.9387631609374999 0.1980291359375 0.9089631609375 0.198549296875 0.91450034375 0.515774296875 0.9443003437499999 0.5152541359375 0.9387631609374999 0.1980291359375
7 0.265375765625 0.5981902109375 0.10702243125 0.600954278125 0.10946225624999999 0.740731778125 0.26781559062500004 0.7379677109375 0.265375765625 0.5981902109375