19 0.1541216671875 0.13755 0.3466616671875 0.13755 0.3466616671875 0.09145 0.1541216671875 0.09145 0.1541216671875 0.13755
19 0.12854166718749999 0.18552625 0.193695 0.18552625 0.193695 0.13941375 0.12854166718749999 0.13941375 0.12854166718749999 0.18552625
19 0.0496683328125 0.11835999999999999 0.1221883328125 0.11835999999999999 0.1221883328125 0.085055 0.0496683328125 0.085055 0.0496683328125 0.11835999999999999
19 0.0947591671875 0.2616475 0.11622416718749999 0.2616475 0.11622416718749999 0.2330975 0.0947591671875 0.2330975 0.0947591671875 0.2616475
2 0.2589858328125 0.39166375000000003 0.30924416718750003 0.39166375000000003 0.30924416718750003 0.22713624999999998 0.2589858328125 0.22713624999999998 0.2589858328125 0.39166375000000003
2 0.2124891671875 0.44654249999999995 0.26339416718750003 0.44654249999999995 0.26339416718750003 0.3515125 0.2124891671875 0.3515125 0.2124891671875 0.44654249999999995
2 0.3062566671875 0.6248437499999999 0.36842 0.6248437499999999 0.36842 0.56191125 0.3062566671875 0.56191125 0.3062566671875 0.6248437499999999
2 0.3690283328125 0.63786625 0.454545 0.63786625 0.454545 0.59678375 0.3690283328125 0.59678375 0.3690283328125 0.63786625
2 0.6983783328125 0.62205125 0.7771916671875 0.62205125 0.7771916671875 0.57353375 0.6983783328125 0.57353375 0.6983783328125 0.62205125
9 0.9432591671875 0.60716875 0.9736008328124999 0.60716875 0.9736008328124999 0.10740625 0.9432591671875 0.10740625 0.9432591671875 0.60716875
2 0.8394166671875001 0.5392662500000001 0.87686 0.5392662500000001 0.87686 0.47705374999999994 0.8394166671875001 0.47705374999999994 0.8394166671875001 0.5392662500000001
2 0.46821999999999997 0.66298 0.6304666671875 0.66298 0.6304666671875 0.6293300000000001 0.46821999999999997 0.6293300000000001 0.46821999999999997 0.66298
2 0.3049666671875 0.23308374999999998 0.3563366671875 0.23308374999999998 0.3563366671875 0.16320625 0.3049666671875 0.16320625 0.3049666671875 0.23308374999999998
2 0.3544375 0.1864625 0.3977658328125 0.1864625 0.3977658328125 0.1435125 0.3544375 0.1435125 0.3544375 0.1864625
19 0.5104391671874999 0.12318124999999999 0.5610108328125001 0.12318124999999999 0.5610108328125001 0.10656375 0.5104391671874999 0.10656375 0.5104391671874999 0.12318124999999999
2 0.6012475 0.45370999999999995 0.6117791671874999 0.45370999999999995 0.6117791671874999 0.43375 0.6012475 0.43375 0.6012475 0.45370999999999995
2 0.42121583281249997 0.540435 0.4391275 0.540435 0.4391275 0.509195 0.42121583281249997 0.509195 0.42121583281249997 0.540435
2 0.26499666718750003 0.5666125 0.3093733328125 0.5666125 0.3093733328125 0.5078925 0.26499666718750003 0.5078925 0.26499666718750003 0.5666125
2 0.220025 0.511975 0.274015 0.511975 0.274015 0.44783999999999996 0.220025 0.44783999999999996 0.220025 0.511975
2 0.21892833281250001 0.35004 0.2643683328125 0.35004 0.2643683328125 0.298945 0.21892833281250001 0.298945 0.21892833281250001 0.35004
2 0.8813650000000001 0.48435375 0.9065883328125001 0.48435375 0.9065883328125001 0.39008625 0.8813650000000001 0.39008625 0.8813650000000001 0.48435375
3 0.31636583281249997 0.5629525 0.8165641671874999 0.5629525 0.8165641671874999 0.2367975 0.31636583281249997 0.2367975 0.31636583281249997 0.5629525
3 0.3941866671875 0.23506624999999998 0.8648166671874999 0.23506624999999998 0.8648166671874999 0.14865375 0.3941866671875 0.14865375 0.3941866671875 0.23506624999999998
3 0.8118774999999999 0.43713499999999994 0.9143391671875 0.43713499999999994 0.9143391671875 0.22012 0.8118774999999999 0.22012 0.8118774999999999 0.43713499999999994
7 0.046375 0.67733 0.2096983328125 0.67733 0.2096983328125 0.18677 0.046375 0.18677 0.046375 0.67733
7 0.1972516671875 0.7345200000000001 0.2975116671875 0.7345200000000001 0.2975116671875 0.5179050000000001 0.1972516671875 0.5179050000000001 0.1972516671875 0.7345200000000001
7 0.298895 0.736425 0.848605 0.736425 0.848605 0.61796 0.298895 0.61796 0.298895 0.736425
7 0.8182291671874999 0.67161125 0.9362208328125 0.67161125 0.9362208328125 0.51790375 0.8182291671874999 0.51790375 0.8182291671874999 0.67161125