19 0 0.8338588187499999 0.8928230781250001 0.8286645265624999 0.8981248484375 0.6464545265625 0 0.6516796640625 0 0.8338588187499999
19 0 0.6438897328125 0.11747405 0.6432062890625 0.12417429531249999 0.4129337890625 0.0066292953125 0.41361764531249995 0 0.6414517515625 0 0.6438897328125
19 0.739709953125 0.64708620625 0.9047966187500001 0.6461257609375 0.9124136390625001 0.3843457609375 0.7473269734375 0.38530620625 0.739709953125 0.64708620625
19 0.1114501953125 0.6482417375 0.33453519531250003 0.6469438671875001 0.335967496875 0.5977188671875 0.112882496875 0.5990167375000001 0.1114501953125 0.6482417375
9 0.121601309375 0.59694510625 0.326022975 0.595755815625 0.3332276171875 0.348148315625 0.12880595156250002 0.34933760625 0.121601309375 0.59694510625
9 0.327281784375 0.600256478125 0.39971678437499997 0.5998350640625 0.40430596718749995 0.4421150640625 0.33187096718750003 0.44253647812499997 0.327281784375 0.600256478125
9 0.6098680875 0.6437822921875 0.7387780875 0.643032315625 0.7476427875 0.338372315625 0.6187327875 0.3391222921875 0.6098680875 0.6437822921875
9 0.73986025 0.5459936984375 0.8048802500000001 0.545615421875 0.8104340734375001 0.354742921875 0.7454140734375 0.3551211984375 0.73986025 0.5459936984375
9 0.532477925 0.607671225 0.6064095921875 0.607241103125 0.6123609531249999 0.402706103125 0.5384292859375 0.403136225 0.532477925 0.607671225
9 0.454603553125 0.43715198125 0.5340152203125 0.436689978125 0.5359863265625 0.368947478125 0.456574659375 0.36940948125 0.454603553125 0.43715198125
9 0.5025613796874999 0.647357334375 0.5655530468750001 0.646990859375 0.5667346046875 0.606383359375 0.5037429375 0.606749834375 0.5025613796874999 0.647357334375
9 0.43850877656250004 0.6489935171875 0.523982109375 0.6484962484375 0.5268184875 0.5510162484375 0.44134515468749996 0.5515135171875001 0.43850877656250004 0.6489935171875
9 0.39499989062499996 0.6415341999999999 0.43616655625 0.6412947 0.43715316406250004 0.6073872 0.3959864984375 0.6076267 0.39499989062499996 0.6415341999999999
9 0.08885218125 0.407399009375 0.13842218125 0.40711061875 0.14077787656250002 0.32615061875 0.0912078765625 0.326439009375 0.08885218125 0.407399009375
11 0.7197632484375001 0.445498903125 0.73053658125 0.4454362265625 0.7312261796875 0.4217362265625 0.720452846875 0.421798903125 0.7197632484375001 0.445498903125
11 0.13231491875 0.4008097234375 0.14477491874999998 0.4007372328125 0.1453200515625 0.3820022328125 0.1328600515625 0.38207472343750004 0.13231491875 0.4008097234375