2 0.6957508078125 0.9467256000000001 0.696016303125 0.9010906000000001 0.573743803125 0.8982446765625 0.5734783078125 0.9438796765624999 0.6957508078125 0.9467256000000001
2 0.65469235 0.89522144375 0.6547678171875 0.8822497765625 0.6348803171874999 0.881786890625 0.63480485 0.8947585578125 0.65469235 0.89522144375
2 0.6185124578125001 0.8741616109375 0.61860281875 0.8586299437499999 0.57287531875 0.857565625 0.5727849578125 0.8730972921875001 0.6185124578125001 0.8741616109375
2 0.571354834375 0.8758785515625 0.5714615734375 0.8575318859375001 0.5441965734374999 0.8568972859375 0.544089834375 0.8752439515624999 0.571354834375 0.8758785515625
2 0.57498261875 0.9313546562499999 0.5752007015625 0.89386965625 0.5284607015625 0.8927817703125 0.52824261875 0.9302667703124999 0.57498261875 0.9313546562499999
2 0.528912340625 0.9520336359374999 0.52903468125 0.931005303125 0.45617718125 0.9293095265625 0.45605484062499996 0.950337859375 0.528912340625 0.9520336359374999
2 0.5107075125 0.9212816421875001 0.5108586015625 0.8953116421875 0.47954360156250003 0.894582778125 0.47939251250000003 0.920552778125 0.5107075125 0.9212816421875001
2 0.5288675640625 0.880652096875 0.5290505750000001 0.8491954296875001 0.482758075 0.8481179593749999 0.48257506406250006 0.8795746265625001 0.5288675640625 0.880652096875
2 0.44311708593750004 0.9285921609375001 0.4432671375 0.90280049375 0.37740463750000003 0.9012675265625001 0.3772545859375 0.9270591937500001 0.44311708593750004 0.9285921609375001
2 0.4260443203125 0.8614107453125 0.42617942031249995 0.838189078125 0.4116044203125 0.8378498406249999 0.41146932031250005 0.8610715078125001 0.4260443203125 0.8614107453125
2 0.42139563750000003 0.7914530890625 0.4215751671875 0.7605947546875 0.38117016718749996 0.7596543171875 0.3809906375 0.7905126515625 0.42139563750000003 0.7914530890625
2 0.7217134921875 0.8284662953125 0.7217955234375 0.8143662953125 0.7008105234374999 0.8138778640625001 0.7007284921875 0.8279778640625001 0.7217134921875 0.8284662953125
2 0.6882560046874999 0.8132881140625001 0.688319815625 0.8023197812499999 0.668152315625 0.8018503765625 0.6680885046875 0.812818709375 0.6882560046874999 0.8132881140625001
2 0.7234061890625 0.69524265 0.7234671203125 0.6847693171875 0.7026671203125 0.6842851921875 0.7026061890624999 0.694758525 0.7234061890625 0.69524265
2 0.46178384531249994 0.64228114375 0.4618385625 0.63287614375 0.4473635625 0.632539234375 0.44730884531250004 0.641944234375 0.46178384531249994 0.64228114375
2 0.2403472828125 0.7906095984375 0.24079763125000003 0.7132012640625 0.22511513125 0.71283625 0.2246647828125 0.790244584375 0.2403472828125 0.7906095984375
2 0.2693535953125 0.781174190625 0.2694829640625 0.7589375234375 0.25316546406249996 0.7585577296875 0.25303609531250004 0.780794396875 0.2693535953125 0.781174190625
2 0.25730041875 0.79927530625 0.257370009375 0.7873136390625 0.239395009375 0.7868952671875 0.23932541875000002 0.798856934375 0.25730041875 0.79927530625
2 0.2986648984375 0.876826778125 0.298738096875 0.8642451109374999 0.281233096875 0.8638376765625001 0.2811598984375 0.87641934375 0.2986648984375 0.876826778125
2 0.2703377921875 0.8485945562499999 0.27045007499999996 0.82929455625 0.252755075 0.8288827015625 0.25264279218749996 0.8481827015625001 0.2703377921875 0.8485945562499999
2 0.257829690625 0.7083011390625 0.25798234999999997 0.6820611390625 0.24064735 0.6816576624999999 0.240494690625 0.7078976625 0.257829690625 0.7083011390625
2 0.34256620625 0.5978423484375 0.3427315984375 0.5694140140624999 0.2980265984375 0.56837349375 0.29786120625 0.596801828125 0.34256620625 0.5978423484375
2 0.4190144171875 0.5689858859375 0.419248090625 0.5288208859375 0.378308090625 0.5278679953125 0.3780744171875 0.5680329953125 0.4190144171875 0.5689858859375
2 0.4494374234375 0.552845875 0.4496500265625 0.516302540625 0.41625502656249996 0.5155252625 0.41604242343750003 0.552068596875 0.4494374234375 0.552845875
2 0.5258922359375 0.5230694406249999 0.5260366921874999 0.49823944062500003 0.47489419218749995 0.4970490859375 0.47474973593750003 0.5218790859375 0.5258922359375 0.5230694406249999
2 0.6399097640625 0.5134699015625 0.6400718875 0.4856032359375 0.5933718875 0.48451628125 0.5932097640625 0.5123829468750001 0.6399097640625 0.5134699015625
9 0.7573059718749999 0.3182997015625 0.757616284375 0.26496136875 0.7137562843749999 0.263940515625 0.7134459718749999 0.3172788484375 0.7573059718749999 0.3182997015625
9 0.74936511875 0.2617464109375 0.7497331546875 0.1984864109375 0.6979656546874999 0.197281509375 0.6975976187499999 0.260541509375 0.74936511875 0.2617464109375
9 0.6922463249999999 0.2806238578125 0.6929229484375 0.1643221921875 0.6158979484375 0.162529415625 0.615221325 0.27883108125 0.6922463249999999 0.2806238578125
9 0.5764152015625 0.148974565625 0.576691140625 0.101544565625 0.452918640625 0.0986637296875 0.45264270156249997 0.1460937296875 0.5764152015625 0.148974565625
11 0.301742303125 0.559098709375 0.3019299578125 0.526843709375 0.2583024578125 0.52582826875 0.258114803125 0.55808326875 0.301742303125 0.559098709375
11 0.3425354890625 0.498043121875 0.3426316875 0.481508121875 0.3071041875 0.480681209375 0.30700798906250004 0.497216209375 0.3425354890625 0.498043121875
11 0.40968436874999997 0.42501842968750003 0.4098835515625 0.39078176249999996 0.37558605156249997 0.3899834796875 0.37538686875 0.42422014687500004 0.40968436874999997 0.42501842968750003
11 0.46952653906249997 0.3338520734375 0.46967212031249994 0.308828740625 0.4477921203125 0.308319478125 0.4476465390625 0.33334281093749996 0.46952653906249997 0.3338520734375
11 0.6812572218749999 0.3163146171875 0.681463784375 0.28080961718749997 0.627533784375 0.2795543828125 0.627327221875 0.3150593828125 0.6812572218749999 0.3163146171875
2 0.7371622140625 0.8935112937499999 0.7373666531249999 0.85837129375 0.703316653125 0.8575787703125 0.7031122140625 0.8927187703125 0.7371622140625 0.8935112937499999
2 0.7152891484375 0.9152327015624999 0.7153966328125 0.8967577015625 0.6996091328125 0.89639024375 0.6995016484375001 0.9148652437499999 0.7152891484375 0.9152327015624999
2 0.65920269375 0.8366034734375001 0.659322259375 0.81605180625 0.600697259375 0.8146872937499999 0.60057769375 0.8352389609375 0.65920269375 0.8366034734375001
3 0.7008684921875 0.9016869359375 0.701184196875 0.8474219359375 0.650401696875 0.8462399609375 0.6500859921875 0.9005049609375 0.7008684921875 0.9016869359375
3 0.6510079078125 0.9163135562500001 0.651289578125 0.8678985562499999 0.576809578125 0.8661650140624999 0.5765279078125001 0.9145800140624999 0.6510079078125 0.9163135562500001
3 0.5731079109375 0.91858263125 0.573328221875 0.8807142984375 0.529970721875 0.8797051421875001 0.5297504109375 0.917573475 0.5731079109375 0.91858263125
3 0.597170525 0.8559466390624999 0.597741953125 0.7577266390624999 0.438254453125 0.754014525 0.437683025 0.8522345250000001 0.597170525 0.8559466390624999
3 0.47776606875 0.7578795671874999 0.478044975 0.7099395671875001 0.396794975 0.708048453125 0.39651606875 0.755988453125 0.47776606875 0.7578795671874999
3 0.35096865625 0.9124246484375 0.352498978125 0.6493846484375 0.265586478125 0.6473617375 0.26405615625 0.9104017375 0.35096865625 0.9124246484375
3 0.472230034375 0.6910991906249999 0.4729121453125 0.573854190625 0.3448496453125 0.570873503125 0.34416753437500003 0.688118503125 0.472230034375 0.6910991906249999
3 0.7133620625 0.7421335859375 0.7146229796875 0.5254002515625 0.4754979796875 0.5198345546875001 0.47423706250000003 0.7365678890625 0.7133620625 0.7421335859375
3 0.7482832828125 0.5953247312500001 0.7486557406250001 0.53130473125 0.707150740625 0.5303386921875 0.7067782828125 0.5943586921875 0.7482832828125 0.5953247312500001
7 0.72353973125 0.6475768046875 0.72381535 0.6002018046875001 0.6747478499999999 0.5990597453125 0.67447223125 0.6464347453125 0.72353973125 0.6475768046875
7 0.6711296890625 0.618213971875 0.6713426421875 0.5816106375000001 0.5468626421875 0.5787133328125 0.5466496890625 0.6153166671875 0.6711296890625 0.618213971875
7 0.5548852015625 0.7409136625 0.555145646875 0.6961469953125 0.48811064687499994 0.6945867390625 0.48785020156250003 0.73935340625 0.5548852015625 0.7409136625
7 0.5503591328125 0.6277471765625 0.5505198890624999 0.6001155093749999 0.4857073890625 0.59860698125 0.4855466328125 0.6262386484375 0.5503591328125 0.6277471765625
2 0.49617879687500005 0.6332053578125 0.49624741875 0.6214103578125 0.47211741875 0.620848725 0.47204879687499995 0.632643725 0.49617879687500005 0.6332053578125
7 0.3839703609375 0.9722082625 0.3843006484375 0.915436596875 0.1452381484375 0.9098723546875 0.14490786093750002 0.9666440203125 0.3839703609375 0.9722082625
7 0.74810059375 0.9881645000000001 0.7483035874999999 0.953272834375 0.4642035875 0.946660334375 0.46400059374999997 0.981552 0.74810059375 0.9881645000000001
7 0.7642948625 0.48454485625 0.7650979078125 0.3465131890625 0.45304290781249995 0.339250028125 0.45223986250000003 0.4772816953125 0.7642948625 0.48454485625
7 0.43840836093749996 0.3830978875 0.4400355109375 0.10341455468750001 0.2038105109375 0.0979163578125 0.20218336093749997 0.377599690625 0.43840836093749996 0.3830978875
7 0.6010806343749999 0.3052664109375 0.60193248125 0.15884641093750002 0.44513248125000004 0.15519685 0.444280634375 0.30161685 0.6010806343749999 0.3052664109375
7 0.766130678125 0.16899485625 0.766727403125 0.0664265234375 0.590992403125 0.062336245312500004 0.5903956781249999 0.16490457812499998 0.766130678125 0.16899485625
7 0.423214409375 0.5398605171875 0.42414117031250004 0.3805638515625 0.1700411703125 0.3746496078125 0.169114409375 0.5339462734375 0.423214409375 0.5398605171875
7 0.2856185703125 0.6917347687500001 0.2864541375 0.5481131015625 0.1625166375 0.545228425 0.1616810703125 0.6888500921875 0.2856185703125 0.6917347687500001
7 0.23465756093749998 0.8585480499999999 0.23564731874999997 0.68842305 0.14373731875 0.686283821875 0.14274756093750002 0.8564088218749999 0.23465756093749998 0.8585480499999999