9 0.14400322031249999 0.8765458718750001 0.146443684375 0.9604192046875 0.241781184375 0.9631932421875 0.23934072031250003 0.8793199093749999 0.14400322031249999 0.8765458718750001
9 0.13060431249999999 0.5512638015625 0.139935875 0.8719688015625 0.19406837500000002 0.873543896875 0.1847368125 0.552838896875 0.13060431249999999 0.5512638015625
9 0.13736679375 0.3331089234375 0.14168154375 0.4813972578125 0.19529154375 0.48295715 0.19097679375 0.334668815625 0.13736679375 0.3331089234375
9 0.1432010921875 0.17327926093749998 0.147823590625 0.3321442609375 0.263376090625 0.3355064953125 0.2587535921875 0.1766414953125 0.1432010921875 0.17327926093749998
9 0.1272869953125 0.031758234375 0.1309021078125 0.15600156874999999 0.2582621078125 0.15970736562500001 0.2546469953125 0.03546403125 0.1272869953125 0.031758234375
9 0.2565457390625 0.22936086093750002 0.2581825921875 0.2856158609375 0.6143450921875 0.29597913125 0.6127082390624999 0.23972413124999997 0.2565457390625 0.22936086093750002
9 0.5120266578125 0.29760556875 0.51855215 0.521872234375 0.73050965 0.5280395671875 0.7239841578124999 0.30377290156250003 0.5120266578125 0.29760556875
9 0.5994100484375 0.5350982453124999 0.602061903125 0.6262365796875 0.750396903125 0.6305526875 0.7477450484375 0.539414353125 0.5994100484375 0.5350982453124999
9 0.31703292968749996 0.7178609171875 0.320724178125 0.8447209171875001 0.660321678125 0.8546021953125 0.6566304296875 0.7277421953125 0.31703292968749996 0.7178609171875
3 0.21835685312500003 0.849045309375 0.22183709999999998 0.96865364375 0.6622396 0.9814680484375 0.658759353125 0.8618597140625001 0.21835685312500003 0.849045309375
3 0.18646256875 0.7425933640625 0.1898245859375 0.8581383640625001 0.3198395859375 0.8619214140624999 0.31647756875 0.7463764140625 0.18646256875 0.7425933640625
3 0.16712868125 0.3188019296875 0.1784773953125 0.7088319296875001 0.5219098953125 0.7188247953125 0.51056118125 0.3287947953125 0.16712868125 0.3188019296875
3 0.26440374375000003 0.0843542375 0.26814780312500003 0.21302923749999997 0.734770303125 0.22660656562499998 0.7310262437499999 0.09793156562500001 0.26440374375000003 0.0843542375
3 0.5154250671875 0.221289203125 0.5162794515625 0.2506525359375 0.7495044515625 0.2574386890625 0.7486500671874999 0.22807535625000003 0.5154250671875 0.221289203125
3 0.30202252343749997 0.0620136890625 0.3026347734375 0.08305535625 0.5488847734375 0.09022050000000001 0.5482725234375 0.06917883281250001 0.30202252343749997 0.0620136890625
9 0.265570846875 0.030248239062499998 0.266344925 0.05685157187499999 0.6280699249999999 0.0673766953125 0.627295846875 0.0407733625 0.265570846875 0.030248239062499998