19 0.076349759375 0.061659895312500004 0.0813652328125 0.9237465625000001 0.2615527328125 0.9268917468750001 0.256537259375 0.0648050796875 0.076349759375 0.061659895312500004
3 0.2846831796875 0.059009507812499994 0.2849980109375 0.11312450781250001 0.6173255109375 0.11892530625 0.6170106796875 0.06481030625 0.2846831796875 0.059009507812499994
3 0.2775019546875 0.8329388796874999 0.2778990703125 0.9011972125 0.5442365703125 0.9058461515625 0.5438394546875001 0.83758781875 0.2775019546875 0.8329388796874999
3 0.5468112578125 0.7825219546875 0.5472949609375 0.865663621875 0.6216774609375 0.8669619734375 0.6211937578125 0.78382030625 0.5468112578125 0.7825219546875
3 0.6428602328124999 0.7638280640625 0.643342609375 0.8467413984375 0.7006701093750001 0.8477420546875001 0.7001877328125 0.7648287203125 0.6428602328124999 0.7638280640625
11 0.333797925 0.5326746250000001 0.3341234125 0.588621290625 0.3708234125 0.589261890625 0.370497925 0.5333152250000001 0.333797925 0.5326746250000001
11 0.371138171875 0.5857885734375 0.3714785625 0.6442969062499999 0.41559856249999994 0.6450670234375 0.41525817187499997 0.586558690625 0.371138171875 0.5857885734375
11 0.3594005375 0.426153215625 0.35984351718749996 0.5022948828125 0.4784985171875 0.5043660140624999 0.47805553749999996 0.428224346875 0.3594005375 0.426153215625
11 0.3193854109375 0.18761057187500002 0.3196821484375 0.238615571875 0.43794464843750003 0.2406798515625 0.43764791093750005 0.1896748515625 0.3193854109375 0.18761057187500002
11 0.37122700625 0.27407928125000003 0.37175730156250003 0.36522928125 0.4438123015625 0.36648700624999997 0.44328200625 0.27533700625 0.37122700625 0.27407928125000003
11 0.27194863593749996 0.30657039531249997 0.2722449671875 0.3575053953125 0.3641749671875 0.3591100390625 0.36387863593750003 0.3081750390625 0.27194863593749996 0.30657039531249997
11 0.40243830625 0.1238185578125 0.40276137968750003 0.179350225 0.5107738796875 0.181235590625 0.5104508062499999 0.1257039234375 0.40243830625 0.1238185578125
11 0.540573909375 0.15189878437499998 0.5412949421875 0.275833784375 0.5973449421875 0.27681214062500004 0.596623909375 0.152877140625 0.540573909375 0.15189878437499998
11 0.46623923906250003 0.3356308078125 0.4666101171875 0.39937914218750004 0.5775276171875 0.40131521562500005 0.5771567390625 0.33756688125 0.46623923906250003 0.3356308078125
11 0.4746786796875 0.40743667656250004 0.4750306578125 0.4679366765625 0.6164431578125 0.47040504062500005 0.6160911796875 0.409905040625 0.4746786796875 0.40743667656250004
11 0.47352921875 0.485494515625 0.47373539375 0.5209328484375 0.5487053937499999 0.5222414546875 0.54849921875 0.48680312187499997 0.47352921875 0.485494515625
11 0.56457225 0.4164941796875 0.5649154921874999 0.4754925140625 0.6100579921875 0.4762804796875 0.60971475 0.41728214531249996 0.56457225 0.4164941796875
11 0.577888915625 0.4990799265625 0.5780962921875 0.5347249265625 0.6270937921875 0.5355801812500001 0.626886415625 0.49993518124999997 0.577888915625 0.4990799265625
11 0.6191695562499999 0.4249330859375 0.619648353125 0.50723141875 0.6872733531249999 0.5084118171875 0.68679455625 0.42611348437499996 0.6191695562499999 0.4249330859375
11 0.3936352828125 0.5407842046875 0.3939608 0.596735871875 0.45029329999999995 0.597719159375 0.4499677828125 0.5417674921875 0.3936352828125 0.5407842046875
11 0.379979384375 0.6753079859375 0.380525853125 0.7692379859375 0.587393353125 0.7728488718750001 0.586846884375 0.678918871875 0.379979384375 0.6753079859375
11 0.46426887343749995 0.5484348 0.46498494062500006 0.6715164671875 0.539309940625 0.6728138140625 0.5385938734375 0.549732146875 0.46426887343749995 0.5484348
11 0.5717265625 0.542823740625 0.5724065890625 0.6597104078125 0.6008590890625001 0.6602070484375 0.6001790625 0.54332038125 0.5717265625 0.542823740625
11 0.616749884375 0.5607228875 0.6171760984375 0.6339828875 0.6995660984375001 0.6354210109375 0.699139884375 0.5621610109375 0.616749884375 0.5607228875
9 0.6305608171875 0.176999621875 0.6315778140625 0.3518062890625 0.6966378140625 0.352941915625 0.6956208171875 0.1781352484375 0.6305608171875 0.176999621875
9 0.2723046046875 0.36754125000000004 0.2726193875 0.4216479171875 0.4608418875 0.42493335312499997 0.4605271046875 0.3708266859375 0.2723046046875 0.36754125000000004
9 0.44770059843750004 0.1823635828125 0.44807074843750005 0.245986915625 0.5368357484375 0.24753631406249998 0.5364655984375 0.18391298125 0.44770059843750004 0.1823635828125
9 0.46105958124999996 0.27243764062500003 0.461399575 0.33087764062499997 0.564292075 0.3326736359375 0.56395208125 0.2742336359375 0.46105958124999996 0.27243764062500003
9 0.5573146359375001 0.271978828125 0.557637225 0.3274271609375 0.628454725 0.3286632859375 0.6281321359375001 0.273214953125 0.5573146359375001 0.271978828125
9 0.30506100625 0.7584942 0.3055542515625 0.8432758671875 0.43889675156249996 0.84560336875 0.43840350624999996 0.7608217015625 0.30506100625 0.7584942
9 0.27839904843749996 0.5879727515625001 0.2788965984375 0.67349441875 0.3647290984375 0.6749926312500001 0.3642315484375 0.5894709640625 0.27839904843749996 0.5879727515625001
9 0.274055915625 0.11729973593750001 0.27452682031250003 0.198241403125 0.34270432031250003 0.199431446875 0.342233415625 0.1184897796875 0.274055915625 0.11729973593750001
11 0.3297172671875 0.11076957031250001 0.330151296875 0.18537290312500002 0.413038796875 0.1868197109375 0.4126047671875 0.112216378125 0.3297172671875 0.11076957031250001
7 0.616594896875 0.0777733984375 0.6170813546875 0.1613883984375 0.6974963546875 0.16279204687499998 0.697009896875 0.079177046875 0.616594896875 0.0777733984375
7 0.6052490140625 0.8611416078125 0.6058204609375 0.9593649421875 0.7021404609374999 0.9610462140625 0.7015690140624999 0.8628228796874999 0.6052490140625 0.8611416078125
9 0.185989884375 0.9106893046875 0.1862847125 0.9613659718750001 0.3827147125 0.9647946703124999 0.382419884375 0.914118003125 0.185989884375 0.9106893046875