3 0.6193766671875001 0.53434625 0.7719633328125 0.53434625 0.7719633328125 0.28457374999999996 0.6193766671875001 0.28457374999999996 0.6193766671875001 0.53434625
3 0.5647433328125 0.6885749999999999 0.7350066671875 0.6885749999999999 0.7350066671875 0.5299400000000001 0.5647433328125 0.5299400000000001 0.5647433328125 0.6885749999999999
11 0.7781066671875 0.6019825 0.7909900000000001 0.6019825 0.7909900000000001 0.5756775000000001 0.7781066671875 0.5756775000000001 0.7781066671875 0.6019825
11 0.8059424999999999 0.60596125 0.8325975 0.60596125 0.8325975 0.58462375 0.8059424999999999 0.58462375 0.8059424999999999 0.60596125
11 0.8317883328125 0.5649925 0.8537983328125 0.5649925 0.8537983328125 0.5334274999999999 0.8317883328125 0.5334274999999999 0.8317883328125 0.5649925
11 0.8546516671875001 0.49578625 0.8691850000000001 0.49578625 0.8691850000000001 0.47527375000000005 0.8546516671875001 0.47527375000000005 0.8546516671875001 0.49578625
11 0.845705 0.43652375 0.862825 0.43652375 0.862825 0.40668125 0.845705 0.40668125 0.845705 0.43652375
11 0.78341 0.29953625 0.8283733328125 0.29953625 0.8283733328125 0.25607875 0.78341 0.25607875 0.78341 0.29953625
11 0.8606166671875 0.39780875 0.8744833328125001 0.39780875 0.8744833328125001 0.37984125 0.8606166671875 0.37984125 0.8606166671875 0.39780875
9 0.5262716671875001 0.2617825 0.609205 0.2617825 0.609205 0.2207875 0.5262716671875001 0.2207875 0.5262716671875001 0.2617825
9 0.641585 0.25502125000000003 0.678535 0.25502125000000003 0.678535 0.19692875 0.641585 0.19692875 0.641585 0.25502125000000003
9 0.6866516671875 0.27132999999999996 0.7320683328125 0.27132999999999996 0.7320683328125 0.23570000000000002 0.6866516671875 0.23570000000000002 0.6866516671875 0.27132999999999996
9 0.7260825 0.25661125 0.7547375 0.25661125 0.7547375 0.22376875 0.7260825 0.22376875 0.7260825 0.25661125
3 0.7754558328125001 0.49234999999999995 0.8070975 0.49234999999999995 0.8070975 0.31124999999999997 0.7754558328125001 0.31124999999999997 0.7754558328125001 0.49234999999999995
3 0.8066033328125 0.5010987499999999 0.84155 0.5010987499999999 0.84155 0.34604124999999997 0.8066033328125 0.34604124999999997 0.8066033328125 0.5010987499999999
19 0.0606683328125 0.212115 0.470125 0.212115 0.470125 0.12125 0.0606683328125 0.12125 0.0606683328125 0.212115
19 0.05716083281249999 0.320505 0.2029791671875 0.320505 0.2029791671875 0.21856499999999998 0.05716083281249999 0.21856499999999998 0.05716083281249999 0.320505
19 0.061545 0.51202625 0.1146316671875 0.51202625 0.1146316671875 0.32771374999999997 0.061545 0.32771374999999997 0.061545 0.51202625
19 0.4981483328125 0.21947999999999998 0.630625 0.21947999999999998 0.630625 0.151495 0.4981483328125 0.151495 0.4981483328125 0.21947999999999998
19 0.6743675 0.23605125 0.9260525 0.23605125 0.9260525 0.13308375 0.6743675 0.13308375 0.6743675 0.23605125
19 0.798685 0.32444875 0.9316616671875 0.32444875 0.9316616671875 0.23250125000000002 0.798685 0.23250125000000002 0.798685 0.32444875
19 0.8505858328125001 0.51702375 0.9197408328125001 0.51702375 0.9197408328125001 0.32508625 0.8505858328125001 0.32508625 0.8505858328125001 0.51702375
7 0.2110708328125 0.7250625 0.5841791671875 0.7250625 0.5841791671875 0.2272075 0.2110708328125 0.2272075 0.2110708328125 0.7250625
7 0.1078608328125 0.7215725 0.2121491671875 0.7215725 0.2121491671875 0.3253275 0.1078608328125 0.3253275 0.1078608328125 0.7215725
7 0.7460158328125 0.738155 0.8923608328125001 0.738155 0.8923608328125001 0.619695 0.7460158328125 0.619695 0.7460158328125 0.738155