19 0.9793346046875 0.71300676875 0.8468079375 0.7114646828125 0.851572325 0.9161621828125 0.9840989921875 0.91770426875 0.9793346046875 0.71300676875
9 0.9252304015625 0.7453057890625 0.8461054015625 0.7443850875 0.848557625 0.8497425875 0.9276826249999999 0.8506632890624999 0.9252304015625 0.7453057890625
9 0.95497281875 0.5605232765625 0.912359484375 0.560027425 0.9161860531249999 0.724432425 0.9587993875 0.7249282765625 0.95497281875 0.5605232765625
9 0.7912378703125 0.8388133906249999 0.6487512046874999 0.837155409375 0.650324553125 0.9047529093750001 0.79281121875 0.906410890625 0.7912378703125 0.8388133906249999
9 0.636939478125 0.8061613265625001 0.584359478125 0.8055495031250001 0.5862629874999999 0.8873320031249999 0.6388429875 0.8879438265624999 0.636939478125 0.8061613265625001
9 0.5629880671875 0.8228148281250001 0.3914097328125 0.820818334375 0.3931481609375 0.8955083343749999 0.5647264953125 0.897504828125 0.5629880671875 0.8228148281250001
9 0.37199476875 0.7955741984375 0.20598143593749998 0.7936424578125 0.2081567421875 0.8871024578125001 0.374170075 0.8890341984375001 0.37199476875 0.7955741984375
9 0.178278915625 0.770804959375 0.11663558125 0.770087675 0.11829179062499999 0.8412451750000001 0.179935125 0.8419624593749999 0.178278915625 0.770804959375
3 0.206265340625 0.4509098609375 0.113625340625 0.44983189687499997 0.12154794843750001 0.790219396875 0.2141879484375 0.7912973609375 0.206265340625 0.4509098609375
9 0.1857424046875 0.6494147140625001 0.1469657390625 0.64896350625 0.148145853125 0.69966600625 0.18692251875000002 0.7001172140625 0.1857424046875 0.6494147140625001
11 0.1512105125 0.6000374171875 0.1336638453125 0.5998332421875 0.1343908484375 0.6310682421875 0.151937515625 0.6312724171874999 0.1512105125 0.6000374171875
11 0.1422211578125 0.73973494375 0.12386615781250002 0.7395213625 0.1247322296875 0.7767313625 0.1430872296875 0.77694494375 0.1422211578125 0.73973494375
11 0.2002835 0.7960629828125 0.1732185 0.795748053125 0.1736567734375 0.8145780531250001 0.20072177343750003 0.8148929828125 0.2002835 0.7960629828125
3 0.8798950984375 0.40340074687499994 0.7370217640625001 0.40173826406249996 0.7465780625 0.8123157640625 0.889451396875 0.8139782468750001 0.8798950984375 0.40340074687499994
3 0.7412895359375 0.37788939843749997 0.5123878687500001 0.37522588749999997 0.518568090625 0.6407533875 0.7474697578125 0.6434168984374999 0.7412895359375 0.37788939843749997
3 0.740699715625 0.6770539890625 0.6170980484374999 0.675615753125 0.62113275625 0.8489632531250001 0.7447344234375 0.8504014890624999 0.740699715625 0.6770539890625
3 0.564435859375 0.656045609375 0.39497252656250004 0.654073725 0.39916085 0.8340212250000001 0.5686241828124999 0.8359931093749999 0.564435859375 0.656045609375
3 0.5149649593750001 0.3595963671875 0.3798466265625 0.358024121875 0.38416139375 0.543404121875 0.5192797265625 0.5449763671875 0.5149649593750001 0.3595963671875
3 0.4845759546875 0.529019265625 0.3634809546875 0.527610196875 0.3657373734375 0.624555196875 0.4868323734375 0.625964265625 0.4845759546875 0.529019265625
3 0.3568297046875 0.3800090171875 0.2098613703125 0.3782988859375 0.21310658125 0.5177263859375001 0.360074915625 0.5194365171875 0.3568297046875 0.3800090171875
7 0.37298728125 0.5137108578125 0.23328728124999998 0.5120853015625 0.2394666875 0.7775778015625 0.37916668750000004 0.7792033578125 0.37298728125 0.5137108578125
7 0.9568791093750001 0.3315212515625 0.8290457765625 0.3300337765625 0.8310919625000001 0.4179462765625 0.9589252953124999 0.41943375156249996 0.9568791093750001 0.3315212515625
7 0.3559153234375 0.30772170781249997 0.13669365625000002 0.3051708328125 0.1383038390625 0.3743508328125 0.35752550625 0.3769017078125 0.3559153234375 0.30772170781249997
7 0.175110765625 0.36426696875000003 0.12296243281250001 0.3636601671875 0.125223740625 0.46081516718750004 0.1773720734375 0.46142196875 0.175110765625 0.36426696875000003