19 0.14898375 0.1483923734375 0.14898375 0.2798123734375 0.26207625 0.2758630953125 0.26207625 0.1444430953125 0.14898375 0.1483923734375
19 0.23515375 0.0607240828125 0.23515375 0.1711424171875 0.41368124999999994 0.1649081 0.41368124999999994 0.054489765625 0.23515375 0.0607240828125
19 0.14331624999999998 0.307324453125 0.14331624999999998 0.648389453125 0.22908875 0.6453942125000001 0.22908875 0.3043292125 0.14331624999999998 0.307324453125
19 0.1444475 0.6466757828125 0.1444475 0.8439957828125 0.23470249999999998 0.8408440078125 0.23470249999999998 0.6435240078125 0.1444475 0.6466757828125
19 0.22381500000000001 0.690013375 0.22381500000000001 0.774368375 0.33647499999999997 0.7704342015625001 0.33647499999999997 0.6860792015625 0.22381500000000001 0.690013375
19 0.23969000000000001 0.798304840625 0.23969000000000001 0.901914840625 0.40876999999999997 0.8960104375 0.40876999999999997 0.7924004375 0.23969000000000001 0.798304840625
9 0.41203124999999996 0.6532040515624999 0.41203124999999996 0.724782384375 0.6306737499999999 0.7171472203125 0.6306737499999999 0.6455688875 0.41203124999999996 0.6532040515624999
9 0.23515375 0.5822815828125 0.23515375 0.6285715828125 0.30570125 0.626108009375 0.30570125 0.579818009375 0.23515375 0.5822815828125
9 0.28164125 0.6403723703125 0.28164125 0.6760373703125 0.30780875 0.67512358125 0.30780875 0.63945858125 0.28164125 0.6403723703125
9 0.30431625 0.622951375 0.30431625 0.6691680421874999 0.35483375 0.6674039328125 0.35483375 0.6211872656249999 0.30431625 0.622951375
9 0.38255 0.7388927265625 0.38255 0.8880427265625 0.62225 0.87967221875 0.62225 0.73052221875 0.38255 0.7388927265625
9 0.25783 0.7976722109375001 0.25783 0.8316205453125001 0.34571 0.8285517078125 0.34571 0.7946033734375 0.25783 0.7976722109375001
9 0.3179225 0.8212720687499999 0.3179225 0.8580404015624999 0.3653625 0.8563837609375 0.3653625 0.8196154281249999 0.3179225 0.8212720687499999
9 0.20794125000000002 0.8447668640625 0.20794125000000002 0.8978801984375 0.29868375 0.8947114015625001 0.29868375 0.8415980671875 0.20794125000000002 0.8447668640625
9 0.350805 0.8609429515624999 0.350805 0.88774961875 0.3794 0.886751059375 0.3794 0.8599443921875001 0.350805 0.8609429515624999
9 0.3235925 0.738683234375 0.3235925 0.79472656875 0.3744875 0.792949275 0.3744875 0.736905940625 0.3235925 0.738683234375
9 0.21928 0.768026740625 0.21928 0.8035117406250001 0.305 0.8005183328125 0.305 0.7650333328125 0.21928 0.768026740625
9 0.291845 0.742060215625 0.291845 0.7752635484375 0.321845 0.774215925 0.321845 0.7410125921875 0.291845 0.742060215625
9 0.2079425 0.45322098750000006 0.2079425 0.5556859875 0.2957675 0.5526190718749999 0.2957675 0.450154071875 0.2079425 0.45322098750000006
9 0.26916875 0.166871253125 0.26916875 0.285836253125 0.33788125 0.283436759375 0.33788125 0.164471759375 0.26916875 0.166871253125
9 0.26916875 0.1003545875 0.26916875 0.17004292031249998 0.36455125 0.16671208906249999 0.36455125 0.09702375625000001 0.26916875 0.1003545875
9 0.3474025 0.1611159375 0.3474025 0.2149976046875 0.4915925 0.20996237812500002 0.4915925 0.1560807109375 0.3474025 0.1611159375
9 0.42677 0.0525210296875 0.42677 0.1598626953125 0.544935 0.15573628281250002 0.544935 0.0483946171875 0.42677 0.0525210296875
9 0.54436125 0.10940881875 0.54436125 0.16951548593750002 0.61113375 0.1671837390625 0.61113375 0.107077071875 0.54436125 0.10940881875
9 0.49394499999999997 0.1696610609375 0.49394499999999997 0.20286439375 0.61478 0.1986447421875 0.61478 0.16544140937500001 0.49394499999999997 0.1696610609375
9 0.6235875 0.10402301249999998 0.6235875 0.13921134531249998 0.6844975 0.1370843203125 0.6844975 0.1018959875 0.6235875 0.10402301249999998
9 0.22150124999999998 0.09222750625000001 0.22150124999999998 0.15581250625 0.25196375 0.15474873125 0.25196375 0.09116373125 0.22150124999999998 0.09222750625000001
9 0.20523625 0.213041325 0.20523625 0.303624659375 0.27080375 0.30133499218750004 0.27080375 0.2107516578125 0.20523625 0.213041325
9 0.22508875 0.393509728125 0.22508875 0.430739728125 0.29845625 0.42817767812499996 0.29845625 0.390947678125 0.22508875 0.393509728125
9 0.21158625 0.311174578125 0.21158625 0.35701791250000003 0.25609875 0.3554635015625 0.25609875 0.30962016718749996 0.21158625 0.311174578125
9 0.17461625 0.8151664328124999 0.17461625 0.8518514328125001 0.22334874999999998 0.8501496562499999 0.22334874999999998 0.8134646562500001 0.17461625 0.8151664328124999
7 0.12670375 0.841683740625 0.12670375 0.9179170750000001 0.21456124999999998 0.9148490234375 0.21456124999999998 0.8386156890625 0.12670375 0.841683740625
7 0.62726875 0.7316027921875 0.62726875 0.9086511249999999 0.70874125 0.90580604375 0.70874125 0.7287577109375001 0.62726875 0.7316027921875
7 0.3276325 0.221389653125 0.3276325 0.654804653125 0.6965775 0.6419208109375 0.6965775 0.20850581093749998 0.3276325 0.221389653125
7 0.26623375 0.2841162453125 0.26623375 0.3865495796875 0.33777124999999997 0.3840514359375 0.33777124999999997 0.2816181015625 0.26623375 0.2841162453125
7 0.55113125 0.046575740625 0.55113125 0.10822907343749999 0.69961875 0.10304377499999999 0.69961875 0.0413904421875 0.55113125 0.046575740625
7 0.14343250000000002 0.04935039375 0.14343250000000002 0.14474539375 0.2252625 0.141887828125 0.2252625 0.046492828125 0.14343250000000002 0.04935039375