19 0.3539871046875 0.9950258265624999 0.34869235625 0.08493582656250001 0.16648235625000002 0.083875759375 0.17177710468750002 0.9939657593750001 0.3539871046875 0.9950258265624999
19 0.591982975 0.9847433406249999 0.5912991187500001 0.867198340625 0.36102661875000003 0.8658586546875 0.36171047500000003 0.9834036546875 0.591982975 0.9847433406249999
19 0.6116840359375 0.24488383749999998 0.6107235906249999 0.07979717187499999 0.348943590625 0.07827418124999999 0.34990403593749997 0.243360846875 0.6116840359375 0.24488383749999998
19 0.40528456718749994 0.8719942734374999 0.403986696875 0.6489092734375 0.354761696875 0.648622890625 0.3560595671875 0.871707890625 0.40528456718749994 0.8719942734374999
9 0.6548629359375 0.864786571875 0.6536736453125 0.66036490625 0.4060661453125 0.6589243671875 0.4072554359375 0.8633460328125 0.6548629359375 0.864786571875
9 0.5592693078125001 0.6584257250000001 0.55884789375 0.585990725 0.40112789375 0.5850731359375 0.4015493078125 0.6575081359375 0.5592693078125001 0.6584257250000001
9 0.6593801218750001 0.3751169265625 0.6586301453125001 0.24620692656249998 0.35397014531250004 0.2444344671875 0.354720121875 0.37334446718750003 0.6593801218750001 0.3751169265625
9 0.641901528125 0.2478512109375 0.641523253125 0.18283121093750002 0.45065075312499997 0.181720746875 0.45102902812499995 0.24674074687499997 0.641901528125 0.2478512109375
9 0.5962790546875001 0.453201328125 0.5958489328125001 0.37926966093750003 0.39131393281250004 0.3780797109375 0.3917440546875 0.45201137812500003 0.5962790546875001 0.453201328125
9 0.6309698109374999 0.5362503484375 0.6305078078124999 0.45683868125 0.5627653078125 0.45644456718750004 0.5632273109375 0.535856234375 0.6309698109374999 0.5362503484375
9 0.3930001640625 0.4807843796875 0.3926336890625 0.4177927125 0.3520261890625 0.41755646406249997 0.3523926640625 0.48054813125000007 0.3930001640625 0.4807843796875
9 0.448981346875 0.545123734375 0.448484078125 0.45965040156250003 0.351004078125 0.45908327968749996 0.351501346875 0.5445566125 0.448981346875 0.545123734375
9 0.3933770296875 0.588532090625 0.39313752968750004 0.547365425 0.3592300296875 0.5471681562499999 0.3594695296875 0.588334821875 0.3933770296875 0.588532090625
9 0.6782068390625 0.903191921875 0.6779184484375 0.8536219218750001 0.5969584484375 0.8531509093749999 0.5972468390625 0.902720909375 0.6782068390625 0.903191921875
11 0.5754917328125 0.27048907031249997 0.57542905625 0.2597157375 0.55172905625 0.2595778546875 0.5517917328124999 0.2703511875 0.5754917328125 0.27048907031249997
11 0.6220675531250001 0.8595884421875001 0.6219950625 0.8471284421874999 0.6032600625 0.8470194453125 0.603332553125 0.8594794453124999 0.6220675531250001 0.8595884421875001