19 0.9183926859374999 0.85645026875 0.9161522796874999 0.66391026875 0.8700522796874999 0.663373846875 0.8722926859375001 0.8559138468749999 0.9183926859374999 0.85645026875
19 0.8707265859375 0.8814721609375 0.8699684578125 0.8163188281249999 0.8238559578125001 0.8157822593749999 0.8246140859375 0.8809355921875 0.8707265859375 0.8814721609375
19 0.926003109375 0.9609780156250001 0.9251592640625 0.8884580156249999 0.8918542640625 0.888070478125 0.8926981093749999 0.9605904781250001 0.926003109375 0.9609780156250001
19 0.77743593125 0.9141645515624999 0.7771861624999999 0.8926995515625 0.7486361625 0.8923673421875 0.74888593125 0.9138323421875001 0.77743593125 0.9141645515624999
2 0.7814862312499999 0.7500072515625 0.780901421875 0.6997489171875 0.616373921875 0.697834465625 0.61695873125 0.7480928 0.7814862312499999 0.7500072515625
2 0.65765101875 0.79505666875 0.657058684375 0.74415166875 0.562028684375 0.74304589375 0.56262101875 0.79395089375 0.65765101875 0.79505666875
2 0.446161184375 0.69884095625 0.4454378484375 0.6366776234375 0.3825053484375 0.6359453375 0.383228684375 0.6981086703125 0.446161184375 0.69884095625
2 0.41055827031250003 0.6356635125000001 0.40956319375000005 0.5501468453125 0.36848069375 0.5496688078124999 0.3694757703125 0.635185475 0.41055827031250003 0.6356635125000001
2 0.4299759359375 0.3065840515625 0.429058859375 0.2277707171875 0.380541359375 0.2272061640625 0.3814584359375 0.3060194984375 0.4299759359375 0.3065840515625
9 0.8932539890625 0.0671271015625 0.8929009328124999 0.0367854359375 0.3931384328125 0.030970171875 0.3934914890625 0.0613118375 0.8932539890625 0.0671271015625
2 0.52481480625 0.16666836406250002 0.5243791140625 0.12922503125 0.4621666140625 0.128501121875 0.46260230625 0.16594445468750002 0.52481480625 0.16666836406250002
2 0.37685782031250004 0.5360931359375 0.37496990937499997 0.37384646875 0.341319909375 0.373454915625 0.3432078203125 0.5357015828125 0.37685782031250004 0.5360931359375
2 0.8448811953125 0.704770309375 0.8442834515625 0.653400309375 0.7744059515624999 0.6525872109375 0.7750036953125 0.7039572109375001 0.8448811953125 0.704770309375
2 0.8639993 0.655528634375 0.8634951296875 0.6122003015625 0.8205451296874999 0.6117005328125 0.8210493 0.6550288656250001 0.8639993 0.655528634375
19 0.8991328062499999 0.4999569046875 0.8985443515625 0.44938523906250005 0.8819268515625 0.4491918765625 0.88251530625 0.49976354218749997 0.8991328062499999 0.4999569046875
2 0.5708899046875 0.405341415625 0.5707673578125 0.3948097484375 0.5508073578125 0.3945774921875 0.5509299046875 0.40510915937499997 0.5708899046875 0.405341415625
2 0.4975397640625 0.5844952 0.49733134218749997 0.5665835328125 0.4660913421875 0.5662200234375 0.4662997640625 0.584131690625 0.4975397640625 0.5844952
2 0.5006600375 0.740729521875 0.50014366875 0.69635285625 0.44142366875 0.6956695875000001 0.44194003750000005 0.7400462531249999 0.5006600375 0.740729521875
2 0.56123583125 0.7863999640625 0.5606076 0.7324099640624999 0.4964726 0.731663684375 0.49710083125000004 0.7856536843749999 0.56123583125 0.7863999640625
2 0.7101435921875 0.78922918125 0.70961485 0.74378918125 0.65851985 0.7431946359375 0.6590485921875 0.7886346359374999 0.7101435921875 0.78922918125
2 0.6112941937499999 0.1257319890625 0.61100069375 0.10050865625000001 0.51673319375 0.09941175468749999 0.51702669375 0.1246350875 0.6112941937499999 0.1257319890625
3 0.7711573031250001 0.6925148328125 0.76533696875 0.1923164984375 0.43918196875 0.18852134062499998 0.445002303125 0.688719675 0.7711573031250001 0.6925148328125
3 0.8583955265625001 0.61571964375 0.85291925 0.14508964375 0.76650675 0.14408414218750001 0.7719830265625001 0.6147141421875 0.8583955265625001 0.61571964375
3 0.7820690031249999 0.197197225 0.7808767546875 0.09473555781250001 0.5638617546875 0.092210359375 0.565054003125 0.1946720265625 0.7820690031249999 0.197197225
7 0.8243264312499999 0.9630877874999999 0.8224259921874999 0.7997644546875 0.3318659921875 0.7940562718749999 0.33376643125 0.9573796046874999 0.8243264312499999 0.9630877874999999
7 0.491435821875 0.8083580156249999 0.49026919218750004 0.708098015625 0.2736541921875 0.7055774718750001 0.274820821875 0.8058374718750001 0.491435821875 0.8083580156249999
7 0.3901980953125 0.7055504375 0.383801640625 0.1558404375 0.265336640625 0.1544619734375 0.2717330953125 0.7041719734375 0.3901980953125 0.7055504375
7 0.4842113453125 0.18738053125 0.4828383875 0.06938886562499999 0.32913088749999997 0.06760031562499999 0.3305038453125 0.18559198125 0.4842113453125 0.18738053125