19 0.13502514375000002 0.12818125 0.197561809375 0.12818125 0.198298109375 0.06490375000000001 0.13576144375000002 0.06490375000000001 0.13502514375000002 0.12818125
9 0.0722117671875 0.26841 0.1450551 0.26841 0.1472761890625 0.07753 0.07443285625 0.07753 0.0722117671875 0.26841
9 0.14842768125 0.2619575 0.206366015625 0.2619575 0.20792571249999997 0.1279175 0.14998737812500001 0.1279175 0.14842768125 0.2619575
9 0.205542471875 0.24206625 0.2420508046875 0.24206625 0.24405136249999998 0.07013875 0.2075430296875 0.07013875 0.205542471875 0.24206625
9 0.2425923375 0.13723125 0.3179506703125 0.13723125 0.3186688171875 0.07551375 0.24331048437499997 0.07551375 0.2425923375 0.13723125
2 0.374039075 0.1765425 0.38539240937499997 0.1765425 0.3855901640625 0.1595475 0.3742368296875 0.1595475 0.374039075 0.1765425
9 0.07895586875 0.43513875 0.1619442015625 0.43513875 0.16386400625 0.27015125 0.08087567343749999 0.27015125 0.07895586875 0.43513875
9 0.7591360546875 0.4687825 0.8644543890625 0.4687825 0.868564825 0.1155325 0.763246490625 0.1155325 0.7591360546875 0.4687825
7 0.314802121875 0.64415125 0.7659504546875 0.64415125 0.7726530828125 0.06812875 0.32150475 0.06812875 0.314802121875 0.64415125
7 0.14439089375 0.6241325 0.3250775609375 0.6241325 0.329509384375 0.2432625 0.1488227171875 0.2432625 0.14439089375 0.6241325
7 0.0315029953125 0.6225912499999999 0.1435246625 0.6225912499999999 0.14560958125 0.44341375000000005 0.0335879140625 0.44341375000000005 0.0315029953125 0.6225912499999999
7 0.741961690625 0.65185125 0.8855083562500001 0.65185125 0.8876202125000001 0.47035875000000005 0.7440735468749999 0.47035875000000005 0.741961690625 0.65185125
7 0.8667006531249999 0.39147125 0.9162723203124999 0.39147125 0.91961899375 0.10385875 0.8700473265625 0.10385875 0.8667006531249999 0.39147125