19 0.1254666671875 0.35394375 0.1559933328125 0.35394375 0.1559933328125 0.29127125 0.1254666671875 0.29127125 0.1254666671875 0.35394375
19 0.16427 0.29669375 0.2400433328125 0.29669375 0.2400433328125 0.24034125 0.16427 0.24034125 0.16427 0.29669375
19 0.3000833328125 0.327745 0.40284000000000003 0.327745 0.40284000000000003 0.24640499999999999 0.3000833328125 0.24640499999999999 0.3000833328125 0.327745
19 0.52644 0.34424 0.7741866671875 0.34424 0.7741866671875 0.23064 0.52644 0.23064 0.52644 0.34424
9 0.64899 0.52247875 0.8659133328124999 0.52247875 0.8659133328124999 0.34353625 0.64899 0.34353625 0.64899 0.52247875
9 0.24247833281250003 0.32600250000000003 0.3013816671875 0.32600250000000003 0.3013816671875 0.2621775 0.24247833281250003 0.2621775 0.24247833281250003 0.32600250000000003
9 0.2790325 0.3999425 0.40692083281249997 0.3999425 0.40692083281249997 0.3261475 0.2790325 0.3261475 0.2790325 0.3999425
9 0.37571666718749996 0.4194725 0.41604333281250006 0.4194725 0.41604333281250006 0.3982325 0.37571666718749996 0.3982325 0.37571666718749996 0.4194725
9 0.4200591671875 0.4067275 0.4355175 0.4067275 0.4355175 0.3846475 0.4200591671875 0.3846475 0.4200591671875 0.4067275
7 0.0897358328125 0.23604750000000002 0.9010841671875 0.23604750000000002 0.9010841671875 0.1575375 0.0897358328125 0.1575375 0.0897358328125 0.23604750000000002
7 0.4035725 0.74881375 0.4964841671875 0.74881375 0.4964841671875 0.23686124999999997 0.4035725 0.23686124999999997 0.4035725 0.74881375
7 0.0641858328125 0.29371875 0.1574875 0.29371875 0.1574875 0.24964124999999998 0.0641858328125 0.24964124999999998 0.0641858328125 0.29371875
7 0.064185 0.60222875 0.1268316671875 0.60222875 0.1268316671875 0.29011125 0.064185 0.29011125 0.064185 0.60222875
7 0.1007183328125 0.7523299999999999 0.3993116671875 0.7523299999999999 0.3993116671875 0.418145 0.1007183328125 0.418145 0.1007183328125 0.7523299999999999
7 0.1608933328125 0.417915 0.27009 0.417915 0.27009 0.307355 0.1608933328125 0.307355 0.1608933328125 0.417915
7 0.5200141671875 0.74370125 0.6441858328125 0.74370125 0.6441858328125 0.34975375 0.5200141671875 0.34975375 0.5200141671875 0.74370125
7 0.6435575 0.741995 0.9144024999999999 0.741995 0.9144024999999999 0.515895 0.6435575 0.515895 0.6435575 0.741995
7 0.7841391671875 0.34826 0.9234841671874999 0.34826 0.9234841671874999 0.23473000000000002 0.7841391671875 0.23473000000000002 0.7841391671875 0.34826
7 0.8667933328125 0.51700375 0.93711 0.51700375 0.93711 0.34761625 0.8667933328125 0.34761625 0.8667933328125 0.51700375
7 0.4946741671875 0.73865375 0.5243358328125 0.73865375 0.5243358328125 0.54747125 0.4946741671875 0.54747125 0.4946741671875 0.73865375