19 0.06352428125000001 0.7052878781249999 0.3229659484375 0.7113264499999999 0.3213108953125 0.5690914499999999 0.061869228124999995 0.5630528781249999 0.06352428125000001 0.7052878781249999
19 0.075083115625 0.5530982156250001 0.1666147828125 0.5552286375000001 0.1657798390625 0.48347363750000005 0.074248171875 0.48134321562500004 0.075083115625 0.5530982156250001
19 0.31804238125 0.711692971875 0.46076904843750005 0.715014971875 0.4598484328125 0.635897471875 0.317121765625 0.632575471875 0.31804238125 0.711692971875
9 0.32021370937500004 0.669042578125 0.422563709375 0.6714248015625001 0.42138198125 0.5698673015625 0.31903198125 0.567485078125 0.32021370937500004 0.669042578125
19 0.4995698953125 0.715919321875 0.8442115625 0.7239409453125 0.8430548234374999 0.6245309453125001 0.49841315625 0.616509321875 0.4995698953125 0.715919321875
19 0.8447383578125001 0.7159453765625 0.9689133578125 0.71883558125 0.965388971875 0.41595058125 0.841213971875 0.41306037656249994 0.8447383578125001 0.7159453765625
9 0.8136436203124999 0.51720653125 0.903851953125 0.5193061546875 0.9024484984375001 0.3986936546875 0.812240165625 0.39659403125 0.8136436203124999 0.51720653125
11 0.8603947015625 0.4804411796875 0.8937597015625001 0.48121775937500005 0.8932873359375 0.44062275937499995 0.8599223359374999 0.4398461796875 0.8603947015625 0.4804411796875
9 0.8865876671875 0.6571481218749999 0.9269593328125 0.6580877828125 0.92620008125 0.5928377828125 0.885828415625 0.591898121875 0.8865876671875 0.6571481218749999
9 0.8514756578125 0.7040567015625 0.905138990625 0.7053057296875 0.9038779046875 0.5969282296875 0.850214571875 0.5956792015625 0.8514756578125 0.7040567015625
11 0.901362984375 0.3711308484375 0.9139746515624999 0.3714243875 0.91374335625 0.35154688749999996 0.9011316890625001 0.3512533484375 0.901362984375 0.3711308484375
9 0.7269749328125 0.5745844546875001 0.8372565984375001 0.5771512890625 0.8335547625 0.25901628906249996 0.7232730968750001 0.25644945468749997 0.7269749328125 0.5745844546875001
9 0.6611520015625 0.621271846875 0.76890866875 0.6237799109375 0.76823843125 0.5661799109375 0.6604817640625 0.5636718468749999 0.6611520015625 0.621271846875
7 0.1103056640625 0.5626569109374999 0.3179823296875 0.5674906390625 0.313410903125 0.1746231390625 0.1057342375 0.1697894109375 0.1103056640625 0.5626569109374999
7 0.40423691406250006 0.54275673125 0.7211719140625 0.550133475 0.716662653125 0.162608475 0.39972765312499997 0.15523173125 0.40423691406250006 0.54275673125
7 0.737729434375 0.24566019374999998 0.9471761015625001 0.25053511875 0.9455177609375 0.10801761875 0.73607109375 0.10314269375 0.737729434375 0.24566019374999998