4 0.3583316671875 0.50719625 0.44094166718750005 0.50719625 0.44094166718750005 0.38949875 0.3583316671875 0.38949875 0.3583316671875 0.50719625
4 0.6030825 0.5569237499999999 0.6828408328125 0.5569237499999999 0.6828408328125 0.44590625 0.6030825 0.44590625 0.6030825 0.5569237499999999
4 0.5981525000000001 0.3606775 0.6945841671874999 0.3606775 0.6945841671874999 0.2786625 0.5981525000000001 0.2786625 0.5981525000000001 0.3606775
7 0.0600783328125 0.7317400000000001 0.3541483328125 0.7317400000000001 0.3541483328125 0.099305 0.0600783328125 0.099305 0.0600783328125 0.7317400000000001
7 0.3473425 0.36417625 0.5873241671875 0.36417625 0.5873241671875 0.08617875 0.3473425 0.08617875 0.3473425 0.36417625
7 0.3633833328125 0.7474925 0.58849 0.7474925 0.58849 0.5214525 0.3633833328125 0.5214525 0.3633833328125 0.7474925
4 0.5325341671875 0.518205 0.5849925 0.518205 0.5849925 0.44271000000000005 0.5325341671875 0.44271000000000005 0.5325341671875 0.518205
7 0.6112775 0.28935125 0.9652458328125 0.28935125 0.9652458328125 0.08617875 0.6112775 0.08617875 0.6112775 0.28935125
7 0.7133516671875 0.72867625 0.976905 0.72867625 0.976905 0.28084875 0.7133516671875 0.28084875 0.7133516671875 0.72867625
7 0.5442 0.43987875 0.7134166671875 0.43987875 0.7134166671875 0.37271624999999997 0.5442 0.37271624999999997 0.5442 0.43987875
7 0.5966941671875 0.7426775 0.7134158328125 0.7426775 0.7134158328125 0.5608225 0.5966941671875 0.5608225 0.5966941671875 0.7426775
7 0.44100333281250004 0.51221125 0.5481466671875 0.51221125 0.5481466671875 0.37487875000000004 0.44100333281250004 0.37487875000000004 0.44100333281250004 0.51221125