19 0.05533249999999999 0.438235 0.3147741671875 0.438235 0.3147741671875 0.296 0.05533249999999999 0.296 0.05533249999999999 0.438235
19 0.06866583281250001 0.5202549999999999 0.1601975 0.5202549999999999 0.1601975 0.4485 0.06866583281250001 0.4485 0.06866583281250001 0.5202549999999999
19 0.30984500000000004 0.37463625 0.4525716671875 0.37463625 0.4525716671875 0.29551875 0.30984500000000004 0.29551875 0.30984500000000004 0.37463625
9 0.3125133328125 0.43978875000000006 0.41486333281250004 0.43978875000000006 0.41486333281250004 0.33823125 0.3125133328125 0.33823125 0.3125133328125 0.43978875000000006
19 0.49137250000000005 0.3949275 0.8360141671875001 0.3949275 0.8360141671875001 0.2955175 0.49137250000000005 0.2955175 0.49137250000000005 0.3949275
19 0.8366341671875 0.6064125 0.9608091671875 0.6064125 0.9608091671875 0.3035275 0.8366341671875 0.3035275 0.8366341671875 0.6064125
9 0.8078441671875 0.62220875 0.8980525 0.62220875 0.8980525 0.50159625 0.8078441671875 0.50159625 0.8078441671875 0.62220875
11 0.8550358328125001 0.580055 0.8884008328125 0.580055 0.8884008328125 0.5394599999999999 0.8550358328125001 0.5394599999999999 0.8550358328125001 0.580055
9 0.8791791671875 0.42856500000000003 0.9195508328124999 0.42856500000000003 0.9195508328124999 0.363315 0.8791791671875 0.363315 0.8791791671875 0.42856500000000003
9 0.8435116671875 0.42395375 0.8971750000000001 0.42395375 0.8971750000000001 0.31557625 0.8435116671875 0.31557625 0.8435116671875 0.42395375
11 0.8972875 0.66963125 0.9098991671875 0.66963125 0.9098991671875 0.64975375 0.8972875 0.64975375 0.8972875 0.66963125
9 0.7204841671875 0.76032 0.8307658328124999 0.76032 0.8307658328124999 0.442185 0.7204841671875 0.442185 0.7204841671875 0.76032
9 0.6541 0.4515525 0.7618566671875 0.4515525 0.7618566671875 0.39395250000000004 0.6541 0.39395250000000004 0.6541 0.4515525
7 0.1037866671875 0.83262625 0.3114633328125 0.83262625 0.3114633328125 0.43975875000000003 0.1037866671875 0.43975875000000003 0.1037866671875 0.83262625
7 0.3980291671875 0.8540325 0.7149641671875 0.8540325 0.7149641671875 0.46650749999999996 0.3980291671875 0.46650749999999996 0.3980291671875 0.8540325
7 0.73507 0.91396625 0.9445166671875 0.91396625 0.9445166671875 0.77144875 0.73507 0.77144875 0.73507 0.91396625