19 0.1386675 0.38022 0.9530691671874999 0.38022 0.9530691671874999 0.081 0.1386675 0.081 0.1386675 0.38022
19 0.18366583281249999 0.46024000000000004 0.5439741671875 0.46024000000000004 0.5439741671875 0.381 0.18366583281249999 0.381 0.18366583281249999 0.46024000000000004
19 0.6536666671875 0.58027125 0.9357466671875001 0.58027125 0.9357466671875001 0.39599875 0.6536666671875 0.39599875 0.6536666671875 0.58027125
9 0.5455908328125 0.6117600000000001 0.6477825 0.6117600000000001 0.6477825 0.391785 0.5455908328125 0.391785 0.5455908328125 0.6117600000000001
9 0.050905832812499996 0.5022875 0.10639083281249999 0.5022875 0.10639083281249999 0.1494125 0.050905832812499996 0.1494125 0.050905832812499996 0.5022875
9 0.1015925 0.54725625 0.1803941671875 0.54725625 0.1803941671875 0.38741875000000003 0.1015925 0.38741875000000003 0.1015925 0.54725625
9 0.1798266671875 0.556515 0.55217 0.556515 0.55217 0.46675500000000003 0.1798266671875 0.46675500000000003 0.1798266671875 0.556515
9 0.7361566671875 0.37651 0.7664799999999999 0.37651 0.7664799999999999 0.270185 0.7361566671875 0.270185 0.7361566671875 0.37651
9 0.6547824999999999 0.5733125 0.7522941671875001 0.5733125 0.7522941671875001 0.5179775 0.6547824999999999 0.5179775 0.6547824999999999 0.5733125
9 0.75451 0.618845 0.89709 0.618845 0.89709 0.5638650000000001 0.75451 0.5638650000000001 0.75451 0.618845
9 0.9001266671874999 0.5667037500000001 0.9407033328125 0.5667037500000001 0.9407033328125 0.49319625 0.9001266671874999 0.49319625 0.9001266671874999 0.5667037500000001
9 0.1011041671875 0.64445875 0.3181425 0.64445875 0.3181425 0.54480125 0.1011041671875 0.54480125 0.1011041671875 0.64445875
7 0.0424791671875 0.68181125 0.09555749999999999 0.68181125 0.09555749999999999 0.51233375 0.0424791671875 0.51233375 0.0424791671875 0.68181125
7 0.1020425 0.71462 0.9286574999999999 0.71462 0.9286574999999999 0.64436 0.1020425 0.64436 0.1020425 0.71462
7 0.3280291671875 0.6559975 0.5373441671875 0.6559975 0.5373441671875 0.5399275 0.3280291671875 0.5399275 0.3280291671875 0.6559975
7 0.653275 0.65100875 0.752525 0.65100875 0.752525 0.55863125 0.653275 0.55863125 0.653275 0.65100875