19 0.22138952500000003 0.8776113703125 0.224233684375 0.755414703125 0.094058684375 0.751626996875 0.091214525 0.8738236640625001 0.22138952500000003 0.8776113703125
19 0.25460449375 0.24039925156250003 0.257901434375 0.0987492515625 0.117008934375 0.0946496984375 0.11371199375 0.2362996984375 0.25460449375 0.24039925156250003
9 0.6636000109375 0.17585723749999999 0.6653222624999999 0.10186223750000001 0.2860147625 0.09082551718750001 0.28429251093749996 0.1648205171875 0.6636000109375 0.17585723749999999
9 0.2196242 0.8205005546875 0.22046036406249997 0.7845755546875 0.20224036406249998 0.78404540625 0.20140419999999998 0.8199704062500001 0.2196242 0.8205005546875
2 0.2696160671875 0.7557728781249999 0.2701247875 0.7339162109374999 0.1938247875 0.7316961078124999 0.1933160671875 0.753552775 0.2696160671875 0.7557728781249999
2 0.298300359375 0.7591100328125 0.2988801859375 0.734198365625 0.2763051859375 0.7335415000000001 0.275725359375 0.7584531671875 0.298300359375 0.7591100328125
2 0.4811496953125 0.7697256546875 0.4817361921875 0.7445273203125 0.4632961921875 0.743990771875 0.4627096953125 0.76918910625 0.4811496953125 0.7697256546875
2 0.4708092921875 0.7163455234375 0.4713614203125 0.6926238578125 0.4382764203125 0.6916611828125 0.43772429218750003 0.7153828484375 0.4708092921875 0.7163455234375
2 0.3975575421875 0.7449757671875 0.3979390234375 0.7285857671875 0.3799765234375 0.7280631125 0.3795950421875 0.7444531125 0.3975575421875 0.7449757671875
2 0.42899269531249995 0.7320185484375 0.4292702515625 0.7200935484375 0.41003275156249996 0.7195337953125 0.40975519531250004 0.7314587953125 0.42899269531249995 0.7320185484375
11 0.3500829609375 0.8107531828125 0.35070239375 0.7841398500000001 0.31702989375 0.7831600812499999 0.31641046093749997 0.8097734140625 0.3500829609375 0.8107531828125
11 0.37636186718750003 0.837414515625 0.37743140468749997 0.7914628484375 0.3570264046875 0.7908691234375 0.3559568671875 0.8368207906249999 0.37636186718750003 0.837414515625
11 0.403870240625 0.831674665625 0.40430828124999996 0.812854665625 0.37361578125 0.81196160625 0.373177740625 0.8307816062500001 0.403870240625 0.831674665625
3 0.4749805953125 0.8154563890625001 0.4753007078125 0.80170305625 0.4561832078125 0.8011467937500001 0.4558630953125 0.8149001265625 0.4749805953125 0.8154563890625001
3 0.537188540625 0.7629146718750001 0.5375882546875 0.7457413390625 0.5103832546875 0.7449497546875 0.5099835406250001 0.7621230875 0.537188540625 0.7629146718750001
3 0.5126983640625 0.6885839234375 0.5129403484374999 0.67818725625 0.5003353484375 0.6778204890625 0.5000933640625 0.68821715625 0.5126983640625 0.6885839234375
3 0.5424922765625 0.7124989375 0.5427361625 0.7020206046874999 0.5253261625000001 0.701514025 0.5250822765625001 0.7119923578125 0.5424922765625 0.7124989375
3 0.5540670875 0.6940880421875 0.5542779234374999 0.685029709375 0.5419704234375 0.684671596875 0.5417595875 0.6937299296874999 0.5540670875 0.6940880421875
3 0.4702424640625 0.6587967609375001 0.47049527343750003 0.6479350937499999 0.4587252734375 0.6475926203125 0.4584724640625 0.6584542875 0.4702424640625 0.6587967609375001
3 0.5034799624999999 0.6589041234375 0.5036935515625001 0.6497274578125001 0.48448855156250004 0.64916865 0.48427496249999996 0.658345315625 0.5034799624999999 0.6589041234375
3 0.43012238125 0.686868340625 0.4304580109375 0.672448340625 0.41403801093750003 0.6719705671875 0.41370238125 0.6863905671875 0.43012238125 0.686868340625
3 0.45617987343750005 0.685047290625 0.45641390625 0.674992290625 0.44184390625000003 0.674568346875 0.44160987343749997 0.684623346875 0.45617987343750005 0.685047290625
3 0.43432816562500004 0.6126862609375 0.43504089375 0.58206459375 0.40660589375 0.5812372203125 0.40589316562500005 0.6118588875000001 0.43432816562500004 0.6126862609375
3 0.4777321828125 0.601738425 0.4780382515625 0.588588425 0.4639782515625 0.5881793203125001 0.4636721828125 0.6013293203125001 0.4777321828125 0.601738425
3 0.43746905937499997 0.5752814421875 0.4386456234375 0.5247314421875 0.4048481234375 0.5237480359375 0.40367155937500004 0.5742980359375001 0.43746905937499997 0.5752814421875
3 0.451645278125 0.578274840625 0.4520278078125 0.561839840625 0.4331278078125 0.5612899062500001 0.43274527812499997 0.5777249062500001 0.451645278125 0.578274840625
3 0.3237034875 0.5320658609375 0.32399985937500003 0.519332528125 0.305629859375 0.518798015625 0.3053334875 0.5315313484375 0.3237034875 0.5320658609375
3 0.3645849484375 0.540823846875 0.3649294234375 0.526023846875 0.35036442343749996 0.5256000484375 0.3500199484375 0.5404000484375 0.3645849484375 0.540823846875
3 0.3364585890625 0.560646921875 0.33675856875 0.5477585875 0.31890106875 0.5472389875 0.3186010890625 0.560127321875 0.3364585890625 0.560646921875
3 0.379308240625 0.591305290625 0.3795794359375 0.579653625 0.35840943593749996 0.579037640625 0.358138240625 0.59068930625 0.379308240625 0.591305290625
3 0.392469365625 0.620069115625 0.3927289234375 0.6089174484375001 0.3750114234375 0.608401921875 0.374751865625 0.6195535890625 0.392469365625 0.620069115625
3 0.3752467484375 0.6505281093749999 0.37556600625000003 0.6368114421875 0.35939850624999997 0.636341015625 0.3590792484375 0.6500576828125 0.3752467484375 0.6505281093749999
3 0.27188963906249997 0.6772766953125 0.2722260828125 0.6628216953125 0.2571385828125 0.6623826937499999 0.2568021390625 0.67683769375 0.27188963906249997 0.6772766953125
3 0.31995022500000003 0.6525315890625001 0.3206381640625 0.622974921875 0.28517066406249997 0.6219429234375 0.284482725 0.6514995906250001 0.31995022500000003 0.6525315890625001
3 0.3215663375 0.7319606703125 0.3223061796875 0.700174003125 0.2967186796875 0.6994294828125 0.2959788375 0.7312161500000001 0.3215663375 0.7319606703125
3 0.1655105859375 0.7251950734375 0.1658251125 0.7116817390625 0.1474926125 0.7111483171875 0.14717808593749998 0.7246616515625 0.1655105859375 0.7251950734375
11 0.1233407375 0.6508193828125 0.1239025640625 0.62668105 0.0885625640625 0.6256527609375 0.08800073750000001 0.64979109375 0.1233407375 0.6508193828125
2 0.150255021875 0.44360006875 0.150546234375 0.43108840312499996 0.129793734375 0.43048456718750006 0.129502521875 0.4429962328125 0.150255021875 0.44360006875
9 0.15541158906250002 0.3760759765625 0.1563105953125 0.3374509765625 0.1171430953125 0.33631131875000003 0.11624408906249999 0.37493631875 0.15541158906250002 0.3760759765625
2 0.30571965 0.2498335953125 0.3069563421875 0.1967002625 0.2548188421875 0.1951832171875 0.25358215 0.24831655000000002 0.30571965 0.2498335953125
2 0.3657665421875 0.2419334203125 0.3660941421875 0.22785842031249998 0.3462016421875 0.22727960781249998 0.3458740421875 0.2413546078125 0.3657665421875 0.2419334203125
2 0.420256334375 0.2796958953125 0.4205672140625 0.266339228125 0.40246221406249993 0.26581242656250004 0.40215133437499995 0.27916909375 0.420256334375 0.2796958953125
2 0.42118354687500004 0.19627473125 0.42143841093749995 0.18532473124999999 0.40386591093749996 0.1848134234375 0.40361104687499993 0.1957634234375 0.42118354687500004 0.19627473125
2 0.475362671875 0.22341598437500002 0.475664978125 0.2104276515625 0.460439978125 0.2099846484375 0.460137671875 0.22297298125 0.475362671875 0.22341598437500002
11 0.41927597499999997 0.209388971875 0.4202765390625 0.1664006390625 0.37713153906249997 0.1651452484375 0.37613097500000003 0.20813358124999998 0.41927597499999997 0.209388971875
11 0.4182761234375 0.145347390625 0.41895863125000005 0.11602405625000001 0.36203613125 0.11436778125 0.3613536234375 0.143691115625 0.4182761234375 0.145347390625
11 0.4912626859375 0.1732535328125 0.49187800625 0.14681686562500001 0.44710800624999997 0.14551419062499998 0.44649268593749997 0.1719508578125 0.4912626859375 0.1732535328125
9 0.3758060328125 0.19715837187500002 0.3765374578125 0.16573337187499998 0.3510774578125 0.1649925609375 0.3503460328125 0.1964175609375 0.3758060328125 0.19715837187500002
11 0.62137841875 0.30539638281250003 0.6228764921875001 0.2410330484375 0.5778989921875 0.2397243375 0.57640091875 0.30408767187499997 0.62137841875 0.30539638281250003
11 0.6314752734375 0.4102450984375 0.633794303125 0.3106100984375 0.600949303125 0.30965440625 0.5986302734375 0.40928940625 0.6314752734375 0.4102450984375
11 0.619007821875 0.5230597625 0.62043156875 0.46188976249999997 0.58095156875 0.46074101250000005 0.579527821875 0.5219110125 0.619007821875 0.5230597625
11 0.6435146984375 0.21827942031249997 0.644485975 0.1765494203125 0.569803475 0.17437638125 0.5688321984375 0.21610638125 0.6435146984375 0.21827942031249997
3 0.29875549375 0.6769468265625 0.30394075625 0.45416682656249996 0.14786825625 0.44962558125 0.14268299375 0.6724055812499999 0.29875549375 0.6769468265625
3 0.40991607500000005 0.43729855625 0.4142129984375 0.2526852234375 0.1585329984375 0.2452456953125 0.154236075 0.429859028125 0.40991607500000005 0.43729855625
3 0.541863925 0.4555792875 0.5470094640625 0.2345059546875 0.41882196406250005 0.23077607968749997 0.41367642499999996 0.4518494125 0.541863925 0.4555792875
3 0.55483723125 0.7106566484375 0.5605111578125 0.4668816484375 0.3032186578125 0.45939520156249997 0.29754473125 0.7031702015625 0.55483723125 0.7106566484375