19 0.13377475156250002 0.17728123906249998 0.0954047515625 0.1759413296875 0.0972401515625 0.2810913296875 0.1356101515625 0.2824312390625 0.13377475156250002 0.17728123906249998
19 0.8499652421875 0.1817074671875 0.6766452421875 0.175655 0.6784703000000001 0.28021250000000003 0.8517903 0.2862649671875 0.8499652421875 0.1817074671875
19 0.8968079031249999 0.261266971875 0.8594512359375001 0.2599624484375 0.8609221734375 0.3442324484375 0.898278840625 0.345536971875 0.8968079031249999 0.261266971875
9 0.6683852156250001 0.18948794062500002 0.51927855 0.1842810203125 0.5200225281249999 0.2269035203125 0.66912919375 0.232110440625 0.6683852156250001 0.18948794062500002
9 0.7018343421875 0.25578128906250003 0.6699443421875 0.254667665625 0.67081033125 0.304280165625 0.70270033125 0.3053937890625 0.7018343421875 0.25578128906250003
9 0.24030650781250001 0.19207590624999998 0.1324198421875 0.1883084203125 0.13390382812499999 0.27332592031249997 0.24179049375 0.27709340625 0.24030650781250001 0.19207590624999998
9 0.433309153125 0.1976789 0.2424808203125 0.19101502812499999 0.24342797656249998 0.245277528125 0.434256309375 0.2519414 0.433309153125 0.1976789
11 0.1354406125 0.278968678125 0.0642522796875 0.2764827265625 0.065097671875 0.3249152265625 0.13628600468750002 0.327401178125 0.1354406125 0.278968678125
11 0.1554938171875 0.5410307921874999 0.09661215 0.5389745984375 0.09965046562499999 0.7130395984375 0.1585321328125 0.7150957921875001 0.1554938171875 0.5410307921874999
11 0.2194027484375 0.5779838640625 0.1696527484375 0.57624655625 0.1718464140625 0.7019215562500001 0.22159641406250002 0.7036588640625 0.2194027484375 0.5779838640625
11 0.8748087484375 0.3188519046875 0.8133687484375001 0.316706371875 0.8144808546875 0.380418871875 0.8759208546874999 0.38256440468749997 0.8748087484375 0.3188519046875
11 0.9250135984375 0.377088146875 0.8653002640624999 0.3750029109375 0.8661707921874999 0.4248754109375 0.9258841265625 0.426960646875 0.9250135984375 0.377088146875
11 0.9092206640624999 0.589739109375 0.845143996875 0.587501503125 0.8462156078125 0.648894003125 0.910292275 0.6511316093749999 0.9092206640624999 0.589739109375
11 0.7855464796875 0.6952058515624999 0.7499464796875001 0.6939626718749999 0.751013028125 0.755065171875 0.786613028125 0.7563083515625 0.7855464796875 0.6952058515624999
11 0.80555754375 0.651354325 0.7555358765625 0.6496075296875 0.7564465515625 0.7017800296875001 0.8064682187500001 0.703526825 0.80555754375 0.651354325
11 0.7839199703124999 0.602070821875 0.754158303125 0.601031521875 0.7545267359375 0.622139021875 0.7842884031249999 0.623178321875 0.7839199703124999 0.602070821875
11 0.699813796875 0.5711071140625 0.626938796875 0.5685622625 0.6282920015625 0.6460872625 0.7011670015625 0.6486321140625 0.699813796875 0.5711071140625
11 0.73899418125 0.6604791484375 0.628475846875 0.6566197625 0.6298994812500001 0.7381797625 0.7404178156250001 0.7420391484375 0.73899418125 0.6604791484375
2 0.45044105625 0.65346828125 0.43916605625000005 0.65307455 0.439480859375 0.6711095499999999 0.45075585937499996 0.6715032812499999 0.45044105625 0.65346828125
11 0.3494805546875 0.677062371875 0.29935722187499997 0.6753120265625 0.2998880734375 0.7057245265625001 0.35001140625 0.707474871875 0.3494805546875 0.677062371875
11 0.3604356203125 0.6258713874999999 0.3049806203125 0.62393485625 0.3057784484375 0.66964235625 0.3612334484375 0.6715788875 0.3604356203125 0.6258713874999999
9 0.1646102515625 0.492621365625 0.141573584375 0.49181690624999996 0.1422672484375 0.53155690625 0.165303915625 0.532361365625 0.1646102515625 0.492621365625
11 0.1260153640625 0.42286032812499996 0.11187202968750001 0.4223664328125 0.112353878125 0.4499714328125 0.12649721249999998 0.45046532812500006 0.1260153640625 0.42286032812499996
3 0.4594718359375 0.3125405234375 0.1155351703125 0.3005299890625 0.1184668796875 0.46848748906250004 0.4624035453125 0.4804980234375 0.4594718359375 0.3125405234375
3 0.45253657187499996 0.4749828640625 0.0954499046875 0.4625131234375 0.0997033546875 0.7061931234375 0.456790021875 0.7186628640625 0.45253657187499996 0.4749828640625
7 0.8343246687500001 0.26882406875 0.503178003125 0.2572601734375 0.508315028125 0.5515601734375 0.83946169375 0.56312406875 0.8343246687500001 0.26882406875
3 0.5585524421875 0.5651422875 0.47470744218750005 0.5622143562499999 0.47799248437499997 0.7504143562500001 0.561837484375 0.7533422875 0.5585524421875 0.5651422875
7 0.6241150734375001 0.5620000984375 0.551901740625 0.559478353125 0.5552563421875 0.751663353125 0.6274696750000001 0.7541850984375 0.6241150734375001 0.5620000984375
9 0.91874371875 0.18125475625 0.8457703859375 0.1787064703125 0.847225615625 0.2620764703125 0.9201989484374999 0.26462475625000004 0.91874371875 0.18125475625