19 0.8785440875000001 0.954852215625 0.88198564375 0.8069888828125 0.6862881437499999 0.813822790625 0.6828465875 0.9616861234374999 0.8785440875000001 0.954852215625
19 0.9045353953124999 0.804065665625 0.9106887921875 0.539690665625 0.8085212921875 0.5432584328125001 0.8023678953125 0.8076334328125 0.9045353953124999 0.804065665625
19 0.7757801921875 0 0.766581371875 0.39521878906249996 0.894308871875 0.390758446875 0.9034038765625001 0 0.7757801921875 0
19 0.771566175 0.210404078125 0.7763165390625 0.006309078125000001 0.5803965390625 0.013150754687499999 0.5756461749999999 0.21724575468750001 0.771566175 0.210404078125
9 0.6909100078125 0.20302145 0.6924173140625001 0.13826145 0.5559198140625 0.14302804687499998 0.5544125078125 0.20778804687500002 0.6909100078125 0.20302145
9 0.8098933531249999 0.3521409453125 0.8115268484374999 0.281959278125 0.7299318484375 0.2848086390625 0.728298353125 0.35499030625 0.8098933531249999 0.3521409453125
9 0.84503515 0.488639234375 0.8476862015625001 0.374739234375 0.7947912015624999 0.3765863671875 0.79214015 0.4904863671875 0.84503515 0.488639234375
9 0.784538096875 0.725662415625 0.78751585625 0.5977257484375 0.53413585625 0.6065739734375 0.531158096875 0.734510640625 0.784538096875 0.725662415625
9 0.5295011406250001 0.695694290625 0.5348831171875 0.464462625 0.3113181171875 0.4722696875 0.30593614062499996 0.703501353125 0.5295011406250001 0.695694290625
11 0.723238196875 0.889963646875 0.7241780140625 0.8495853125 0.6552730140625 0.851991528125 0.6543331968749999 0.8923698625 0.723238196875 0.889963646875
11 0.7276198 0.8448272296875 0.728122040625 0.8232488953124999 0.705249540625 0.8240476203125 0.7047473 0.8456259546875 0.7276198 0.8448272296875
11 0.7850284125 0.7761808515624999 0.7887774359375 0.61510751875 0.7474074359375 0.616552190625 0.7436584125000001 0.7776255234375 0.7850284125 0.7761808515624999
3 0.656754771875 0.9189411156249999 0.6606841 0.7501211156250001 0.2827141 0.76332011875 0.278784771875 0.9321401187499999 0.656754771875 0.9189411156249999
3 0.7323618359374999 0.8341102171875001 0.7347696234375001 0.7306618828125 0.6506946234375001 0.7335978453124999 0.6482868359375 0.8370461796875001 0.7323618359374999 0.8341102171875001
3 0.7962215296874999 0.5458778359374999 0.7997473046875 0.39439616875 0.7326773046875 0.39673830468750004 0.7291515296875 0.5482199718749999 0.7962215296874999 0.5458778359374999
3 0.73356010625 0.44643869062499997 0.7361769046875 0.33401035625 0.6333994046875 0.337599425 0.63078260625 0.450027759375 0.73356010625 0.44643869062499997
3 0.7245291218750001 0.261825321875 0.7261050124999999 0.1941186546875 0.5799600125000001 0.1992221515625 0.578384121875 0.26692881874999996 0.7245291218750001 0.261825321875
3 0.5674144421875 0.2478727 0.5687754234375 0.1893993671875 0.4254254234375 0.194405259375 0.42406444218750006 0.2528785921875 0.5674144421875 0.2478727
3 0.41989404375 0.28690166875 0.4215373546875 0.2162983359375 0.3530848546875 0.21868875000000002 0.35144154375 0.28929208281249996 0.41989404375 0.28690166875
3 0.34376321249999997 0.3367643171875 0.345378709375 0.267355984375 0.261228709375 0.2702945671875 0.2596132125 0.3397029 0.34376321249999997 0.3367643171875
3 0.5072342046875 0.1850004265625 0.5084779562499999 0.1315637609375 0.43037545625 0.1342911609375 0.4291317046875 0.1877278265625 0.5072342046875 0.1850004265625
3 0.4212148359375 0.15857073125 0.4215868125 0.142589065625 0.3494643125 0.1451076390625 0.3490923359375 0.1610893046875 0.4212148359375 0.15857073125
3 0.3456532 0.18397838125 0.3462452453125 0.158541715625 0.29912024531250003 0.16018735625 0.2985282 0.185624021875 0.3456532 0.18397838125
2 0.46088918437500004 0.1323679609375 0.461327690625 0.11352796093749999 0.422132690625 0.11489667968749999 0.421694184375 0.1337366796875 0.46088918437500004 0.1323679609375
2 0.47915923437499996 0.20733678906250003 0.47961395625 0.187800121875 0.40293645624999996 0.190477759375 0.40248173437499996 0.2100144265625 0.47915923437499996 0.20733678906250003
2 0.359377575 0.23257253125 0.35991957812500003 0.2092858640625 0.344474578125 0.209825215625 0.343932575 0.2331118828125 0.359377575 0.23257253125
2 0.35013564218750004 0.15194944375 0.350660809375 0.12938611093750002 0.307875809375 0.13088019687500002 0.30735064218749997 0.1534435296875 0.35013564218750004 0.15194944375
2 0.5091701625 0.12178585625 0.5098154296875 0.0940625234375 0.45709792968749996 0.09590345781250001 0.4564526625 0.123626790625 0.5091701625 0.12178585625
2 0.389049534375 0.08506384375 0.389934459375 0.047043843749999995 0.351434459375 0.04838829375 0.35054953437499997 0.08640829375 0.389049534375 0.08506384375
2 0.5702997671875 0.183256921875 0.5722331265625 0.10019192187499999 0.5102131265625001 0.102357709375 0.5082797671875 0.185422709375 0.5702997671875 0.183256921875
2 0.507795315625 0.156224225 0.5084855828125 0.126567559375 0.4784205828125 0.12761745156249998 0.477730315625 0.1572741171875 0.507795315625 0.156224225
2 0.414455909375 0.1414816859375 0.4157010578125 0.08798501875 0.3506585578125 0.090256353125 0.349413409375 0.14375302031249998 0.414455909375 0.1414816859375