19 0.935071259375 0.426846478125 0.8756662593750001 0.42857498749999995 0.8687764828125 0.8232899874999999 0.9281814828125 0.821561478125 0.935071259375 0.426846478125
19 0.8723609124999999 0.6792550796875 0.8290242453125 0.680516046875 0.826467034375 0.827018546875 0.8698037015625 0.8257575796875001 0.8723609124999999 0.6792550796875
19 0.26690085625000004 0.7231675546874999 0.07622585625 0.7287156312499999 0.07364783124999999 0.87641063125 0.26432283125 0.8708625546875 0.26690085625000004 0.7231675546874999
11 0.15388469062500001 0.7397404890625 0.09725135625 0.7413883515624999 0.09664893906250001 0.7759008515625 0.1532822734375 0.7742529890625 0.15388469062500001 0.7397404890625
7 0.0830265484375 0.5768323296875 0.041854881249999996 0.578030303125 0.036985528125 0.8569953031249999 0.07815719531250001 0.8557973296875 0.0830265484375 0.5768323296875
19 0.1397173328125 0.6755830281249999 0.126610665625 0.67596439375 0.1262708578125 0.69543189375 0.139377525 0.695050528125 0.1397173328125 0.6755830281249999
19 0.11631300625 0.620920896875 0.10512800625 0.621246346875 0.10481276875000001 0.639306346875 0.11599776875000001 0.6389808968749999 0.11631300625 0.620920896875
9 0.62277353125 0.4022580265625 0.5383968640625 0.4047131359375 0.5367416875 0.4995381359375 0.6211183546875 0.4970830265625 0.62277353125 0.4022580265625
9 0.9072325453125 0.623080946875 0.8878225453124999 0.6236457203125 0.8867484046874999 0.6851832203125 0.9061584046875 0.684618446875 0.9072325453125 0.623080946875
9 0.9100129421875 0.57931599375 0.895031275 0.579751915625 0.8946378375 0.6022919156250001 0.9096195046875 0.60185599375 0.9100129421875 0.57931599375
9 0.8552441578125001 0.7138283109375 0.7912341578125 0.7156908109375 0.7905653234375001 0.7540083109375 0.8545753234375001 0.7521458109375 0.8552441578125001 0.7138283109375
9 0.8625708734374999 0.640604725 0.82120420625 0.6418083718750001 0.8199556890625 0.713335871875 0.86132235625 0.7121322250000001 0.8625708734374999 0.640604725
9 0.8754689328125 0.594675078125 0.8502805984374999 0.595407984375 0.8494512640625 0.642920484375 0.8746395984375 0.6421875781249999 0.8754689328125 0.594675078125
9 0.8711574328125 0.552990525 0.8431091000000001 0.5538066484375 0.8424738218750001 0.5902016484375 0.8705221546875 0.589385525 0.8711574328125 0.552990525
11 0.847971696875 0.5530392296875 0.835426696875 0.5534042515625 0.8351238078125001 0.5707567515624999 0.8476688078124999 0.5703917296875 0.847971696875 0.5530392296875
11 0.88425735625 0.5532340390625 0.867010690625 0.553735865625 0.8666416031249999 0.574880865625 0.88388826875 0.5743790390625 0.88425735625 0.5532340390625
9 0.8080381890625 0.7519519390625 0.74217985625 0.7538682203125 0.741064390625 0.8177732203125 0.8069227234374999 0.8158569390625001 0.8080381890625 0.7519519390625
9 0.7238129078125 0.7781343359374999 0.6746029078125 0.7795662 0.673734475 0.8293187 0.722944475 0.8278868359375 0.7238129078125 0.7781343359374999
9 0.6744399671875 0.759793490625 0.6398033 0.760801315625 0.6388498609375 0.8154238156250001 0.673486528125 0.8144159906249999 0.6744399671875 0.759793490625
3 0.603585915625 0.6197460953125 0.4821175828125 0.6232804640625 0.47918164062499996 0.7914804640625 0.6006499734374999 0.7879460953125 0.603585915625 0.6197460953125
3 0.5560276140625 0.4353642984375 0.4577109484375 0.43822502031250005 0.454350675 0.6307350203125 0.552667340625 0.6278742984375 0.5560276140625 0.4353642984375
3 0.547695575 0.3309361734375 0.39037890937499997 0.335513621875 0.3885958296875 0.437666121875 0.5459124953125001 0.4330886734375 0.547695575 0.3309361734375
3 0.393629171875 0.3721941109375 0.334434171875 0.373916509375 0.33308053125 0.451466509375 0.39227553125000003 0.4497441109375 0.393629171875 0.3721941109375
3 0.3382684609375 0.40209431718750005 0.284920128125 0.4036465953125 0.2835284796875 0.4833740953125 0.3368768125 0.48182181718750006 0.3382684609375 0.40209431718750005
3 0.293987346875 0.6117806203125 0.26368568125 0.6126623078125 0.2632199796875 0.6393423078125 0.29352164531249997 0.6384606203125001 0.293987346875 0.6117806203125
3 0.2884895328125 0.5195300484375001 0.2470745328125 0.5207351015625 0.24621871093749997 0.5697651015625 0.2876337109375 0.5685600484375 0.2884895328125 0.5195300484375001
9 0.18912586874999998 0.5034009 0.098909203125 0.5060259375 0.096889215625 0.6217509375 0.18710588125 0.6191259 0.18912586874999998 0.5034009
9 0.1636034875 0.615079653125 0.11819015468750001 0.616401046875 0.117109075 0.6783360468749999 0.1625224078125 0.677014653125 0.1636034875 0.615079653125
9 0.1547258640625 0.6939355265625 0.0972558640625 0.6956077328125 0.09660714687500001 0.7327727328125 0.15407714687500002 0.7311005265625 0.1547258640625 0.6939355265625
9 0.24288442031250002 0.462075640625 0.2008994203125 0.4632972796875 0.2002180171875 0.5023347796875 0.24220301718749998 0.501113140625 0.24288442031250002 0.462075640625
3 0.7004298875 0.419723434375 0.642128221875 0.42141983906249997 0.6383692734374999 0.6367698390625 0.6966709390625 0.635073434375 0.7004298875 0.419723434375
3 0.7553235578125 0.4068456734375 0.697635225 0.4085242328125 0.696361571875 0.4814917328125 0.7540499046875 0.47981317343749996 0.7553235578125 0.4068456734375
7 0.9361943531250001 0.24984372656249998 0.7424976875 0.25547972343750003 0.7392538375 0.4413197234375 0.9329505031249999 0.4356837265625 0.9361943531250001 0.24984372656249998
7 0.831484840625 0.6212407859375 0.6098181734375 0.6276906265625 0.6075639390625 0.7568356265625 0.82923060625 0.7503857859374999 0.831484840625 0.6212407859375
7 0.8531723921875001 0.4609921015625 0.702615725 0.465372853125 0.6998996734375 0.620975353125 0.850456340625 0.6165946015625 0.8531723921875001 0.4609921015625
7 0.4806678 0.48235303125 0.294896134375 0.487758434375 0.2885041328125 0.853955934375 0.4742757984375 0.8485505312500001 0.4806678 0.48235303125
7 0.282148484375 0.2758909515625 0.0800051515625 0.281772721875 0.0771807484375 0.44358272187500003 0.27932408125 0.4377009515625 0.282148484375 0.2758909515625
7 0.41819451875 0.273686525 0.2798678515625 0.2777114203125 0.2780142984375 0.3839014203125 0.416340965625 0.379876525 0.41819451875 0.273686525
7 0.7415914546875 0.251997875 0.5355897875 0.2579919109375 0.5327300359375 0.4218269109375 0.738731703125 0.415832875 0.7415914546875 0.251997875
7 0.6454642109375001 0.7810074984375001 0.47262754375 0.78603653125 0.47108957812499996 0.8741465312500001 0.6439262453125 0.8691174984375 0.6454642109375001 0.7810074984375001
7 0.5451274984375 0.252453315625 0.418784165625 0.25612953125 0.417366509375 0.33734703125 0.5437098421875 0.333670815625 0.5451274984375 0.252453315625
7 0.258654425 0.5396821125 0.170769425 0.5422393046875 0.167640996875 0.7214668046875 0.255525996875 0.7189096125 0.258654425 0.5396821125
7 0.2934642703125 0.6462808156250001 0.2498409375 0.647550125 0.24771403749999998 0.769400125 0.2913373703125 0.768130815625 0.2934642703125 0.6462808156250001