19 0.060333332812499994 0.25618625 0.92242 0.25618625 0.92242 0.07599875 0.060333332812499994 0.07599875 0.060333332812499994 0.25618625
3 0.05404583281250001 0.6166962500000001 0.1081608328125 0.6166962500000001 0.1081608328125 0.28436875 0.05404583281250001 0.28436875 0.05404583281250001 0.6166962500000001
3 0.8281791671875001 0.53902125 0.8964375 0.53902125 0.8964375 0.27268375 0.8281791671875001 0.27268375 0.8281791671875001 0.53902125
3 0.7730558328125 0.6166962500000001 0.8561975000000001 0.6166962500000001 0.8561975000000001 0.54231375 0.7730558328125 0.54231375 0.7730558328125 0.6166962500000001
3 0.7526833328125 0.6958087500000001 0.8355966671875 0.6958087500000001 0.8355966671875 0.63848125 0.7526833328125 0.63848125 0.7526833328125 0.6958087500000001
11 0.5269016671875 0.3674325 0.5828483328125 0.3674325 0.5828483328125 0.3307325 0.5269016671875 0.3307325 0.5269016671875 0.3674325
11 0.5793691671875 0.4118875 0.6378775 0.4118875 0.6378775 0.36776749999999997 0.5793691671875 0.36776749999999997 0.5793691671875 0.4118875
11 0.41992250000000003 0.4756125 0.4960641671875 0.4756125 0.4960641671875 0.3569575 0.41992250000000003 0.3569575 0.41992250000000003 0.4756125
11 0.1820541671875 0.43658875 0.23305916718750003 0.43658875 0.23305916718750003 0.31832625000000003 0.1820541671875 0.31832625000000003 0.1820541671875 0.43658875
11 0.2676266671875 0.44172500000000003 0.3587766671875 0.44172500000000003 0.3587766671875 0.36967 0.2676266671875 0.36967 0.2676266671875 0.44172500000000003
11 0.3018541671875 0.3621225 0.3527891671875 0.3621225 0.3527891671875 0.2701925 0.3018541671875 0.2701925 0.3018541671875 0.3621225
11 0.11680583281250001 0.50977125 0.1723375 0.50977125 0.1723375 0.40175875000000005 0.11680583281250001 0.40175875000000005 0.11680583281250001 0.50977125
11 0.14247749999999998 0.5957950000000001 0.2664125 0.5957950000000001 0.2664125 0.539745 0.14247749999999998 0.539745 0.14247749999999998 0.5957950000000001
11 0.32752583281250003 0.57525125 0.3912741671875 0.57525125 0.3912741671875 0.46433375000000005 0.32752583281250003 0.46433375000000005 0.32752583281250003 0.57525125
11 0.3991916671875 0.61376875 0.45969166718750004 0.61376875 0.45969166718750004 0.47235625 0.3991916671875 0.47235625 0.3991916671875 0.61376875
11 0.4772775 0.5457225 0.5127158328125 0.5457225 0.5127158328125 0.4707525 0.4772775 0.4707525 0.4772775 0.5457225
11 0.4066808328125 0.60734875 0.4656791671875 0.60734875 0.4656791671875 0.56220625 0.4066808328125 0.56220625 0.4066808328125 0.60734875
11 0.48904249999999994 0.62404125 0.5246875 0.62404125 0.5246875 0.5750437500000001 0.48904249999999994 0.5750437500000001 0.48904249999999994 0.62404125
11 0.4141675 0.684385 0.4964658328125 0.684385 0.4964658328125 0.61676 0.4141675 0.61676 0.4141675 0.684385
11 0.5339674999999999 0.44686125 0.5899191671875 0.44686125 0.5899191671875 0.39052875 0.5339674999999999 0.39052875 0.5339674999999999 0.44686125
11 0.6687433328125 0.58295625 0.7626733328124999 0.58295625 0.7626733328124999 0.37608874999999997 0.6687433328125 0.37608874999999997 0.6687433328125 0.58295625
11 0.5403858328125 0.53545 0.6634675 0.53545 0.6634675 0.461125 0.5403858328125 0.461125 0.5403858328125 0.53545
11 0.5328983328125 0.59707875 0.649785 0.59707875 0.649785 0.56862625 0.5328983328125 0.56862625 0.5328983328125 0.59707875
11 0.5500133328125 0.69594 0.6232733328125 0.69594 0.6232733328125 0.61355 0.5500133328125 0.61355 0.5500133328125 0.69594
9 0.16601 0.694655 0.34081666718750003 0.694655 0.34081666718750003 0.629595 0.16601 0.629595 0.16601 0.694655
9 0.362825 0.45841624999999997 0.4169316671875 0.45841624999999997 0.4169316671875 0.27019375 0.362825 0.27019375 0.362825 0.45841624999999997
9 0.1745666671875 0.53545 0.23818999999999999 0.53545 0.23818999999999999 0.446685 0.1745666671875 0.446685 0.1745666671875 0.53545
9 0.2644166671875 0.5624137499999999 0.3228566671875 0.5624137499999999 0.3228566671875 0.45952125 0.2644166671875 0.45952125 0.2644166671875 0.5624137499999999
9 0.2622775 0.62660625 0.3177258328125 0.62660625 0.3177258328125 0.5557887499999999 0.2622775 0.5557887499999999 0.2622775 0.62660625
9 0.7532458328125 0.43402124999999997 0.8380274999999999 0.43402124999999997 0.8380274999999999 0.30067875 0.7532458328125 0.30067875 0.7532458328125 0.43402124999999997
9 0.5831725 0.36083875 0.6686941671875 0.36083875 0.6686941671875 0.27500625 0.5831725 0.27500625 0.5831725 0.36083875
9 0.1125275 0.34157875 0.1934691671875 0.34157875 0.1934691671875 0.27340125 0.1125275 0.27340125 0.1125275 0.34157875
11 0.105025 0.41199375 0.17962833281249999 0.41199375 0.17962833281249999 0.32910625 0.105025 0.32910625 0.105025 0.41199375
7 0.0670175 0.69662 0.1506325 0.69662 0.1506325 0.616205 0.0670175 0.616205 0.0670175 0.69662
7 0.8506633328125 0.69662 0.9488866671875 0.69662 0.9488866671875 0.6003000000000001 0.8506633328125 0.6003000000000001 0.8506633328125 0.69662
9 0.907535 0.37714 0.9582116671875 0.37714 0.9582116671875 0.18070999999999998 0.907535 0.18070999999999998 0.907535 0.37714