19 0.0136666671875 0.29419625 0.16153 0.29419625 0.16153 0.09849875 0.0136666671875 0.09849875 0.0136666671875 0.29419625
19 0.16366750000000002 0.17816625 0.4280425 0.17816625 0.4280425 0.07599875 0.16366750000000002 0.07599875 0.16366750000000002 0.17816625
19 0.5776683328125001 0.22358875 0.9734816671875001 0.22358875 0.9734816671875001 0.09586125 0.5776683328125001 0.09586125 0.5776683328125001 0.22358875
19 0.7624591671875 0.418825 0.9665541671875 0.418825 0.9665541671875 0.222905 0.7624591671875 0.222905 0.7624591671875 0.418825
9 0.7726666671875 0.44029625 0.8374266671875 0.44029625 0.8374266671875 0.30379875 0.7726666671875 0.30379875 0.7726666671875 0.44029625
9 0.6192675000000001 0.26284 0.6894491671874999 0.26284 0.6894491671874999 0.181245 0.6192675000000001 0.181245 0.6192675000000001 0.26284
9 0.48143 0.19579 0.5953299999999999 0.19579 0.5953299999999999 0.142895 0.48143 0.142895 0.48143 0.19579
9 0.24632833281250002 0.4513 0.37426499999999996 0.4513 0.37426499999999996 0.19792 0.24632833281250002 0.19792 0.24632833281250002 0.4513
9 0.2852341671875 0.6774275000000001 0.5164658328125 0.6774275000000001 0.5164658328125 0.45386249999999995 0.2852341671875 0.45386249999999995 0.2852341671875 0.6774275000000001
11 0.0840358328125 0.3243475 0.12441416718750001 0.3243475 0.12441416718750001 0.2554425 0.0840358328125 0.2554425 0.0840358328125 0.3243475
11 0.1290558328125 0.27498125 0.1506341671875 0.27498125 0.1506341671875 0.25210875 0.1290558328125 0.25210875 0.1290558328125 0.27498125
11 0.19575166718749998 0.2376225 0.356825 0.2376225 0.356825 0.1962525 0.19575166718749998 0.1962525 0.19575166718749998 0.2376225
3 0.0573583328125 0.699275 0.2261783328125 0.699275 0.2261783328125 0.321305 0.0573583328125 0.321305 0.0573583328125 0.699275
3 0.1396158328125 0.3316875 0.2430641671875 0.3316875 0.2430641671875 0.2476125 0.1396158328125 0.2476125 0.1396158328125 0.3316875
3 0.4258508328125 0.257485 0.5773325 0.257485 0.5773325 0.190415 0.4258508328125 0.190415 0.4258508328125 0.257485
3 0.5275608328125 0.35822125 0.6399891671875 0.35822125 0.6399891671875 0.25544375 0.5275608328125 0.25544375 0.5275608328125 0.35822125
3 0.71264 0.4149275 0.7803466671875 0.4149275 0.7803466671875 0.26878250000000004 0.71264 0.26878250000000004 0.71264 0.4149275
3 0.7320949999999999 0.5697 0.7905683328124999 0.5697 0.7905683328124999 0.42634999999999995 0.7320949999999999 0.42634999999999995 0.7320949999999999 0.5697
3 0.6981900000000001 0.64153375 0.7687933328125001 0.64153375 0.7687933328125001 0.57308125 0.6981900000000001 0.57308125 0.6981900000000001 0.64153375
3 0.6509475 0.7322625 0.7203558328125 0.7322625 0.7203558328125 0.6481125 0.6509475 0.6481125 0.6509475 0.7322625
3 0.7971216671875 0.56614625 0.8505583328125 0.56614625 0.8505583328125 0.48804375 0.7971216671875 0.48804375 0.7971216671875 0.56614625
3 0.8265791671875 0.64687125 0.8425608328124999 0.64687125 0.8425608328124999 0.57474875 0.8265791671875 0.57474875 0.8265791671875 0.64687125
3 0.8037916671875 0.696905 0.8292283328125001 0.696905 0.8292283328125001 0.64978 0.8037916671875 0.64978 0.8037916671875 0.696905
2 0.8514166671875 0.5748475 0.8702566671874999 0.5748475 0.8702566671874999 0.5356525000000001 0.8514166671875 0.5356525000000001 0.8514166671875 0.5748475
2 0.7757483328125 0.59229875 0.795285 0.59229875 0.795285 0.5156212499999999 0.7757483328125 0.5156212499999999 0.7757483328125 0.59229875
2 0.7546783328125 0.6503574999999999 0.777965 0.6503574999999999 0.777965 0.6349125 0.7546783328125 0.6349125 0.7546783328125 0.6503574999999999
2 0.8356899999999999 0.688825 0.8582533328125 0.688825 0.8582533328125 0.64604 0.8356899999999999 0.64604 0.8356899999999999 0.688825
2 0.86032 0.54029625 0.8880433328124999 0.54029625 0.8880433328124999 0.48757875000000006 0.86032 0.48757875000000006 0.86032 0.54029625
2 0.90127 0.6471525 0.93929 0.6471525 0.93929 0.6086525 0.90127 0.6086525 0.90127 0.6471525
2 0.7966624999999999 0.4869875 0.8797275000000001 0.4869875 0.8797275000000001 0.4249675 0.7966624999999999 0.4249675 0.7966624999999999 0.4869875
2 0.8259016671875001 0.5182175 0.8555583328124999 0.5182175 0.8555583328124999 0.4881525 0.8259016671875001 0.4881525 0.8259016671875001 0.5182175
2 0.8439183328125001 0.64695375 0.897415 0.64695375 0.897415 0.58191125 0.8439183328125001 0.58191125 0.8439183328125001 0.64695375