19 0.0953325 0.39622375 0.3041141671875 0.39622375 0.3041141671875 0.22350124999999998 0.0953325 0.22350124999999998 0.0953325 0.39622375
19 0.10200083281250001 0.5322600000000001 0.1935125 0.5322600000000001 0.1935125 0.396 0.10200083281250001 0.396 0.10200083281250001 0.5322600000000001
19 0.702 0.60627875 0.9095566671875 0.60627875 0.9095566671875 0.20600125 0.702 0.20600125 0.702 0.60627875
9 0.3379458328125 0.5981575 0.7738641671875001 0.5981575 0.7738641671875001 0.38232750000000004 0.3379458328125 0.38232750000000004 0.3379458328125 0.5981575
9 0.17365 0.61869875 0.2310933328125 0.61869875 0.2310933328125 0.46105124999999997 0.17365 0.46105124999999997 0.17365 0.61869875
7 0.0686841671875 0.24894 0.6681758328125 0.24894 0.6681758328125 0.14615499999999998 0.0686841671875 0.14615499999999998 0.0686841671875 0.24894
7 0.047006667187500004 0.70360625 0.11537333281249999 0.70360625 0.11537333281249999 0.25568375 0.047006667187500004 0.25568375 0.047006667187500004 0.70360625
7 0.11204 0.73784375 0.9507066671875 0.73784375 0.9507066671875 0.61336625 0.11204 0.61336625 0.11204 0.73784375
7 0.9118816671875001 0.59815625 0.9570916671875 0.59815625 0.9570916671875 0.16497875 0.9118816671875001 0.16497875 0.9118816671875001 0.59815625
7 0.6779908328124999 0.20648624999999998 0.9434091671875 0.20648624999999998 0.9434091671875 0.14444375 0.6779908328124999 0.14444375 0.6779908328124999 0.20648624999999998
7 0.3037633328125 0.38588625 0.6943733328125 0.38588625 0.6943733328125 0.25568375 0.3037633328125 0.25568375 0.3037633328125 0.38588625