19 0.037 0.29819874999999996 0.1695266671875 0.29819874999999996 0.1695266671875 0.09350125000000001 0.037 0.09350125000000001 0.037 0.29819874999999996
9 0.0918708328125 0.26526125 0.1709958328125 0.26526125 0.1709958328125 0.15990374999999998 0.0918708328125 0.15990374999999998 0.0918708328125 0.26526125
9 0.0578183328125 0.45044000000000006 0.1004316671875 0.45044000000000006 0.1004316671875 0.286035 0.0578183328125 0.286035 0.0578183328125 0.45044000000000006
9 0.2280766671875 0.17016875 0.3705633328125 0.17016875 0.3705633328125 0.10257125 0.2280766671875 0.10257125 0.2280766671875 0.17016875
9 0.3816566671875 0.20103374999999998 0.43423666718750004 0.20103374999999998 0.43423666718750004 0.11925125 0.3816566671875 0.11925125 0.3816566671875 0.20103374999999998
9 0.4560158328125 0.183515 0.6275941671874999 0.183515 0.6275941671874999 0.10882499999999999 0.4560158328125 0.10882499999999999 0.4560158328125 0.183515
9 0.6464266671875001 0.20854 0.8124399999999999 0.20854 0.8124399999999999 0.11508 0.6464266671875001 0.11508 0.6464266671875001 0.20854
9 0.8396183328125 0.23106125 0.9012616671875 0.23106125 0.9012616671875 0.15990374999999998 0.8396183328125 0.15990374999999998 0.8396183328125 0.23106125
3 0.8041766671874999 0.55136875 0.8968166671875 0.55136875 0.8968166671875 0.21098124999999998 0.8041766671874999 0.21098124999999998 0.8041766671874999 0.55136875
9 0.8293266671874999 0.35257125 0.8681033328125001 0.35257125 0.8681033328125001 0.30186875 0.8293266671874999 0.30186875 0.8293266671874999 0.35257125
11 0.8627183328125 0.40156000000000003 0.880265 0.40156000000000003 0.880265 0.370325 0.8627183328125 0.370325 0.8627183328125 0.40156000000000003
11 0.8749625 0.26172 0.8933175 0.26172 0.8933175 0.22451 0.8749625 0.22451 0.8749625 0.26172
11 0.8181958328125001 0.20605250000000003 0.8452608328125001 0.20605250000000003 0.8452608328125001 0.18722250000000001 0.8181958328125001 0.18722250000000001 0.8181958328125001 0.20605250000000003
3 0.12925833281250002 0.6067312499999999 0.2721316671875 0.6067312499999999 0.2721316671875 0.19615375 0.12925833281250002 0.19615375 0.12925833281250002 0.6067312499999999
3 0.2673075 0.63063625 0.4962091671875 0.63063625 0.4962091671875 0.36510875 0.2673075 0.36510875 0.2673075 0.63063625
3 0.2748625 0.33138375 0.3984641671875 0.33138375 0.3984641671875 0.15803625 0.2748625 0.15803625 0.2748625 0.33138375
3 0.450685 0.35034624999999997 0.6201483328124999 0.35034624999999997 0.6201483328124999 0.17039875 0.450685 0.17039875 0.450685 0.35034624999999997
3 0.49326749999999997 0.6463 0.6283858328124999 0.6463 0.6283858328124999 0.46092000000000005 0.49326749999999997 0.46092000000000005 0.49326749999999997 0.6463
3 0.5276091671875001 0.4764775 0.6487041671875 0.4764775 0.6487041671875 0.3795325 0.5276091671875001 0.3795325 0.5276091671875001 0.4764775
3 0.6519208328125 0.62404125 0.7988891671875 0.62404125 0.7988891671875 0.48461375 0.6519208328125 0.48461375 0.6519208328125 0.62404125
7 0.6388716671875 0.49049125 0.7785716671875 0.49049125 0.7785716671875 0.22499875 0.6388716671875 0.22499875 0.6388716671875 0.49049125
7 0.05058 0.67952625 0.1784133328125 0.67952625 0.1784133328125 0.5916137499999999 0.05058 0.5916137499999999 0.05058 0.67952625
7 0.6511525 0.6963375 0.8703741671874999 0.6963375 0.8703741671874999 0.6271575 0.6511525 0.6271575 0.6511525 0.6963375
7 0.8333225000000001 0.6376725000000001 0.8854708328124999 0.6376725000000001 0.8854708328124999 0.5405175 0.8333225000000001 0.5405175 0.8333225000000001 0.6376725000000001