9 0.05891 0.8432592296875001 0.4295133328125 0.8475715906250001 0.4295133328125 0.461699090625 0.05891 0.4573867296875 0.05891 0.8432592296875001
9 0.5888933328125 0.82180989375 0.87715 0.8251640640625 0.87715 0.42766906406249994 0.5888933328125 0.42431489375 0.5888933328125 0.82180989375
9 0.43121666718749996 0.5883664109375 0.58271 0.5901291953125 0.58271 0.3875716953125 0.43121666718749996 0.38580891093749997 0.43121666718749996 0.5883664109375
7 0.4394741671875 0.8621849953125 0.5747891671875001 0.863759528125 0.5747891671875001 0.7868970281250001 0.4394741671875 0.7853224953125 0.4394741671875 0.8621849953125
7 0.5814958328125 0.8663138171875 0.8269774999999999 0.8691702546875 0.8269774999999999 0.8304652546875 0.5814958328125 0.8276088171874999 0.5814958328125 0.8663138171875
9 0.8341616671875001 0.86677635 0.9299649999999999 0.8678911218750001 0.9299649999999999 0.6354261218749999 0.8341616671875001 0.63431135 0.8341616671875001 0.86677635
9 0.8770975 0.635664703125 0.9332658328125 0.63631828125 0.9332658328125 0.53040578125 0.8770975 0.5297522031249999 0.8770975 0.635664703125
19 0.0710425 0.4557204046875 0.3045308328125 0.45843728749999996 0.3045308328125 0.27007478749999997 0.0710425 0.2673579046875 0.0710425 0.4557204046875
19 0.3048516671875 0.4074822703125 0.5624416671875 0.4104796015625 0.5624416671875 0.26467960156250003 0.3048516671875 0.2616822703125 0.3048516671875 0.4074822703125
19 0.5641416671874999 0.3707806328125 0.7659216671875 0.37312855625 0.7659216671875 0.26884605625 0.5641416671874999 0.2664981328125 0.5641416671874999 0.3707806328125
19 0.8778874999999999 0.5220601453125 0.9289858328125 0.522654728125 0.9289858328125 0.27733972812499996 0.8778874999999999 0.2767451453125 0.8778874999999999 0.5220601453125
19 0.7664774999999999 0.41585002343750005 0.8762591671875001 0.4171274484375 0.8762591671875001 0.27132994843749997 0.7664774999999999 0.2700525234375 0.7664774999999999 0.41585002343750005