19 0.15359499999999998 0.26207625 0.285015 0.26207625 0.285015 0.14898375 0.15359499999999998 0.14898375 0.15359499999999998 0.26207625
19 0.0689358328125 0.41368124999999994 0.1793541671875 0.41368124999999994 0.1793541671875 0.23515375 0.0689358328125 0.23515375 0.0689358328125 0.41368124999999994
19 0.31232916718750003 0.22908875 0.6533941671875 0.22908875 0.6533941671875 0.14331624999999998 0.31232916718750003 0.14331624999999998 0.31232916718750003 0.22908875
19 0.65172 0.23470249999999998 0.8490399999999999 0.23470249999999998 0.8490399999999999 0.1444475 0.65172 0.1444475 0.65172 0.23470249999999998
19 0.6978291671875 0.33647499999999997 0.7821841671875001 0.33647499999999997 0.7821841671875001 0.22381500000000001 0.6978291671875 0.22381500000000001 0.6978291671875 0.33647499999999997
19 0.806675 0.40876999999999997 0.910285 0.40876999999999997 0.910285 0.23969000000000001 0.806675 0.23969000000000001 0.806675 0.40876999999999997
9 0.6675925 0.6306737499999999 0.7391708328125 0.6306737499999999 0.7391708328125 0.41203124999999996 0.6675925 0.41203124999999996 0.6675925 0.6306737499999999
9 0.5904933328124999 0.30570125 0.6367833328125 0.30570125 0.6367833328125 0.23515375 0.5904933328124999 0.23515375 0.5904933328124999 0.30570125
9 0.6502074999999999 0.30780875 0.6858725 0.30780875 0.6858725 0.28164125 0.6502074999999999 0.28164125 0.6502074999999999 0.30780875
9 0.6335783328125 0.35483375 0.679795 0.35483375 0.679795 0.30431625 0.6335783328125 0.30431625 0.6335783328125 0.35483375
9 0.7522516671874999 0.62225 0.9014016671875 0.62225 0.9014016671875 0.38255 0.7522516671874999 0.38255 0.7522516671874999 0.62225
9 0.8066758328124999 0.34571 0.8406241671875 0.34571 0.8406241671875 0.25783 0.8066758328124999 0.25783 0.8066758328124999 0.34571
9 0.8323741671875 0.3653625 0.8691425 0.3653625 0.8691425 0.3179225 0.8323741671875 0.3179225 0.8323741671875 0.3653625
9 0.8520283328125 0.29868375 0.9051416671875 0.29868375 0.9051416671875 0.20794125000000002 0.8520283328125 0.20794125000000002 0.8520283328125 0.29868375
9 0.8731933328125001 0.3794 0.9 0.3794 0.9 0.350805 0.8731933328125001 0.350805 0.8731933328125001 0.3794
9 0.7499833328125 0.3744875 0.8060266671875 0.3744875 0.8060266671875 0.3235925 0.7499833328125 0.3235925 0.7499833328125 0.3744875
9 0.7756841671875 0.305 0.8111691671875001 0.305 0.8111691671875001 0.21928 0.7756841671875 0.21928 0.7756841671875 0.305
9 0.7522516671874999 0.321845 0.785455 0.321845 0.785455 0.291845 0.7522516671874999 0.291845 0.7522516671874999 0.321845
9 0.4604825 0.2957675 0.5629475 0.2957675 0.5629475 0.2079425 0.4604825 0.2079425 0.4604825 0.2957675
9 0.1762708328125 0.33788125 0.2952358328125 0.33788125 0.2952358328125 0.26916875 0.1762708328125 0.26916875 0.1762708328125 0.33788125
9 0.1097541671875 0.36455125 0.1794425 0.36455125 0.1794425 0.26916875 0.1097541671875 0.26916875 0.1097541671875 0.36455125
9 0.1732475 0.4915925 0.22712916718749998 0.4915925 0.22712916718749998 0.3474025 0.1732475 0.3474025 0.1732475 0.4915925
9 0.0674241671875 0.544935 0.1747658328125 0.544935 0.1747658328125 0.42677 0.0674241671875 0.42677 0.0674241671875 0.544935
9 0.12841833281249998 0.61113375 0.188525 0.61113375 0.188525 0.54436125 0.12841833281249998 0.54436125 0.12841833281249998 0.61113375
9 0.18691 0.61478 0.2201133328125 0.61478 0.2201133328125 0.49394499999999997 0.18691 0.49394499999999997 0.18691 0.61478
9 0.1257991671875 0.6844975 0.1609875 0.6844975 0.1609875 0.6235875 0.1257991671875 0.6235875 0.1257991671875 0.6844975
9 0.0999625 0.25196375 0.1635475 0.25196375 0.1635475 0.22150124999999998 0.0999625 0.22150124999999998 0.0999625 0.25196375
9 0.22020833281250002 0.27080375 0.3107916671875 0.27080375 0.3107916671875 0.20523625 0.22020833281250002 0.20523625 0.22020833281250002 0.27080375
9 0.40137 0.29845625 0.4386 0.29845625 0.4386 0.22508875 0.40137 0.22508875 0.40137 0.29845625
9 0.31856333281250004 0.25609875 0.36440666718750003 0.25609875 0.36440666718750003 0.21158625 0.31856333281250004 0.21158625 0.31856333281250004 0.25609875
9 0.8212641671875 0.22334874999999998 0.8579491671874999 0.22334874999999998 0.8579491671874999 0.17461625 0.8212641671875 0.17461625 0.8212641671875 0.22334874999999998
7 0.8461083328125 0.21456124999999998 0.9223416671875 0.21456124999999998 0.9223416671875 0.12670375 0.8461083328125 0.12670375 0.8461083328125 0.21456124999999998
7 0.7535075 0.70874125 0.9305558328125001 0.70874125 0.9305558328125001 0.62726875 0.7535075 0.62726875 0.7535075 0.70874125
7 0.2328308328125 0.6965775 0.6662458328125 0.6965775 0.6662458328125 0.3276325 0.2328308328125 0.3276325 0.2328308328125 0.6965775
7 0.29341333281250004 0.33777124999999997 0.3958466671875 0.33777124999999997 0.3958466671875 0.26623375 0.29341333281250004 0.26623375 0.29341333281250004 0.33777124999999997
7 0.0658216671875 0.69961875 0.127475 0.69961875 0.127475 0.55113125 0.0658216671875 0.55113125 0.0658216671875 0.69961875
7 0.0543591671875 0.2252625 0.1497541671875 0.2252625 0.1497541671875 0.14343250000000002 0.0543591671875 0.14343250000000002 0.0543591671875 0.2252625