19 0.1521325 0.28153625 0.9151374999999999 0.28153625 0.9151374999999999 0.19544375 0.1521325 0.19544375 0.1521325 0.28153625
19 0.6461975 0.3918425 0.9217758328125001 0.3918425 0.9217758328125001 0.2800625 0.6461975 0.2800625 0.6461975 0.3918425
19 0.70716 0.5174375 0.8228099999999999 0.5174375 0.8228099999999999 0.3851525 0.70716 0.3851525 0.70716 0.5174375
19 0.0866208328125 0.35361625 0.3252391671875 0.35361625 0.3252391671875 0.29097875 0.0866208328125 0.29097875 0.0866208328125 0.35361625
19 0.07934166718749999 0.4104075 0.22190500000000002 0.4104075 0.22190500000000002 0.35103249999999997 0.07934166718749999 0.35103249999999997 0.07934166718749999 0.4104075
3 0.2931633328125 0.55375 0.3699266671875 0.55375 0.3699266671875 0.39607000000000003 0.2931633328125 0.39607000000000003 0.2931633328125 0.55375
3 0.5015266671874999 0.368085 0.6195266671875 0.368085 0.6195266671875 0.284155 0.5015266671874999 0.284155 0.5015266671874999 0.368085
3 0.5852358328125 0.525355 0.6530008328125 0.525355 0.6530008328125 0.37833 0.5852358328125 0.37833 0.5852358328125 0.525355
3 0.37596250000000003 0.6192775 0.5904175 0.6192775 0.5904175 0.5366475 0.37596250000000003 0.5366475 0.37596250000000003 0.6192775
3 0.3836833328125 0.33534625 0.4091766671875 0.33534625 0.4091766671875 0.31433374999999997 0.3836833328125 0.31433374999999997 0.3836833328125 0.33534625
3 0.4435933328125 0.35086625 0.47122333281250006 0.35086625 0.47122333281250006 0.33372875 0.4435933328125 0.33372875 0.4435933328125 0.35086625
3 0.3436 0.35293625 0.3723566671875 0.35293625 0.3723566671875 0.33114374999999996 0.3436 0.33114374999999996 0.3436 0.35293625
3 0.3194625 0.3953575 0.3458141671875 0.3953575 0.3458141671875 0.3544175 0.3194625 0.3544175 0.3194625 0.3953575
7 0.36964166718749997 0.5313162499999999 0.5737116671875 0.5313162499999999 0.5737116671875 0.35186375000000003 0.36964166718749997 0.35186375000000003 0.36964166718749997 0.5313162499999999
7 0.650695 0.7721125 0.749325 0.7721125 0.749325 0.3608025 0.650695 0.3608025 0.650695 0.7721125
7 0.7529866671875001 0.773305 0.9169166671875001 0.773305 0.9169166671875001 0.51424 0.7529866671875001 0.51424 0.7529866671875001 0.773305
7 0.8294558328124999 0.5205875 0.9351841671875001 0.5205875 0.9351841671875001 0.3846375 0.8294558328124999 0.3846375 0.8294558328124999 0.5205875
7 0.0577991671875 0.76376875 0.2896841671875 0.76376875 0.2896841671875 0.41294125 0.0577991671875 0.41294125 0.0577991671875 0.76376875
7 0.0528341671875 0.24558249999999998 0.15306916718750002 0.24558249999999998 0.15306916718750002 0.1865075 0.0528341671875 0.1865075 0.0528341671875 0.24558249999999998
7 0.29019 0.7534 0.37117 0.7534 0.37117 0.5589299999999999 0.29019 0.5589299999999999 0.29019 0.7534
7 0.3696408328125 0.7665124999999999 0.6460191671875 0.7665124999999999 0.6460191671875 0.6268625 0.3696408328125 0.6268625 0.3696408328125 0.7665124999999999
7 0.59806 0.6258487500000001 0.64602 0.6258487500000001 0.64602 0.5499912499999999 0.59806 0.5499912499999999 0.59806 0.6258487500000001