19 0.301270584375 0.8380360375 0.283511446875 0.0750310375 0.197418946875 0.078037453125 0.21517808437500002 0.8410424531249999 0.301270584375 0.8380360375
19 0.40007734531250005 0.3401190578125 0.39366318749999996 0.064540725 0.28188318749999997 0.06844416875 0.2882973453125 0.34402250156249997 0.40007734531250005 0.3401190578125
19 0.5242534265625001 0.274770684375 0.5215616437499999 0.159120684375 0.38927664375000004 0.163740178125 0.39196842656249997 0.279390178125 0.5242534265625001 0.274770684375
19 0.37487538593749997 0.901030615625 0.3693214828125 0.66241228125 0.3066839828125 0.66459963125 0.3122378859375 0.9032179656249999 0.37487538593749997 0.901030615625
19 0.43183606093750004 0.9063265875000001 0.4285178625 0.7637632546875001 0.3691428625 0.765836675 0.3724610609375 0.9084000078125 0.43183606093750004 0.9063265875000001
3 0.5702018062499999 0.687499290625 0.5684151203125001 0.61073595625 0.4107351203125 0.6162422640624999 0.41252180625 0.6930055984375 0.5702018062499999 0.687499290625
3 0.3796870953125 0.485619521875 0.37694061562500003 0.367619521875 0.29301061562499997 0.370550421875 0.2957570953125 0.48855042187500003 0.3796870953125 0.485619521875
3 0.53500874375 0.396418365625 0.5334314953125 0.328653365625 0.38640649531250004 0.3337875921875 0.38798374375 0.40155259218749995 0.53500874375 0.396418365625
3 0.633802134375 0.602411853125 0.6288106390625 0.387956853125 0.5461806390625 0.39084235624999997 0.551172134375 0.60529735625 0.633802134375 0.602411853125
3 0.3496911796875 0.60460611875 0.34909781562500003 0.579112784375 0.328085315625 0.5798465562499999 0.3286786796875 0.605339890625 0.3496911796875 0.60460611875
3 0.363816759375 0.5441541484375 0.36317366406249996 0.5165241484374999 0.3460361640625 0.517122603125 0.346679259375 0.544752603125 0.363816759375 0.5441541484375
3 0.3682141296875 0.6440751953125 0.3675448109375 0.615318528125 0.3457523109375 0.6160795375 0.3464216296875 0.6448362046875 0.3682141296875 0.6440751953125
3 0.4111971859375 0.6667313125 0.41058384375 0.6403796453124999 0.36964384375 0.6418093015624999 0.3702571859375 0.66816096875 0.4111971859375 0.6667313125
7 0.545988003125 0.6118043609375 0.5412382203125 0.40773436093750004 0.3617857203125 0.4140009796875 0.366535503125 0.6180709796875 0.545988003125 0.6118043609375
7 0.7802426640625 0.3223422375 0.777947025 0.22371223750000002 0.366637025 0.23807549843750003 0.3689326640625 0.33670549843750003 0.7802426640625 0.3223422375
7 0.7790542984375 0.22000892656249998 0.7752387859375001 0.0560789265625 0.5161737859375 0.0651256765625 0.5199892984375001 0.22905567656249998 0.7790542984375 0.22000892656249998
7 0.524556959375 0.1523648515625 0.5220961046875 0.0466365171875 0.3861461046875 0.0513839953125 0.388606959375 0.1571123296875 0.524556959375 0.1523648515625
7 0.7856987171875 0.9155294406250001 0.780301534375 0.683644440625 0.429474034375 0.69589560625 0.43487121718750005 0.92778060625 0.7856987171875 0.9155294406250001
7 0.2676280296875 0.938589903125 0.265295034375 0.838354903125 0.20622003437499997 0.8404178468750001 0.2085530296875 0.9406528468750001 0.2676280296875 0.938589903125
7 0.7699210109375 0.6835006921875 0.7680361812500001 0.6025206921875 0.57356618125 0.6093117343750001 0.5754510109375001 0.690291734375 0.7699210109375 0.6835006921875
7 0.7811842718750001 0.6035919609375 0.7747514953125 0.32721362656249997 0.6351014953125 0.3320903125 0.641534271875 0.608468646875 0.7811842718750001 0.6035919609375
7 0.6352040078125001 0.3800848796875 0.6340877265625 0.3321248796875 0.5582302265625 0.3347738828125 0.5593465078125 0.3827338828125 0.6352040078125001 0.3800848796875