19 0.1626004765625 0.8712497203125 0.16215400156249998 0.9096197203124999 0.2673040015625 0.9108432515624999 0.2677504765625 0.8724732515625 0.1626004765625 0.8712497203125
19 0.150342040625 0.1544600625 0.1483252796875 0.32778006249999997 0.2528827796875 0.3289966984375 0.254899540625 0.1556766984375 0.150342040625 0.1544600625
19 0.22884251875 0.10988567187500001 0.228407834375 0.1472423390625 0.31267783437499996 0.148222909375 0.31311251875 0.1108662421875 0.22884251875 0.10988567187500001
9 0.162356296875 0.336451146875 0.16062128281250002 0.4855578125 0.2032437828125 0.48605377031249997 0.204978796875 0.3369471046875 0.162356296875 0.336451146875
9 0.22789727656249997 0.3048977421875 0.227526203125 0.33678774218749996 0.277138703125 0.3373650359375 0.2775097765625 0.3054750359375 0.22789727656249997 0.3048977421875
9 0.1749190859375 0.7650403296875 0.1736637109375 0.8729269953125 0.25868121093749996 0.8739162640625 0.2599365859375 0.7660295984375 0.1749190859375 0.7650403296875
9 0.17602760625 0.57200459375 0.1738071171875 0.7628329265625 0.2280696171875 0.763464328125 0.23029010625000002 0.5726359953125 0.17602760625 0.57200459375
11 0.26429045625 0.8725421734375001 0.2634621046875 0.94373050625 0.3118946046875 0.94429406875 0.31272295625 0.8731057359375001 0.26429045625 0.8725421734375001
11 0.5259919296875 0.8600969140625001 0.5253067796875001 0.91897858125 0.6993717796875 0.9210040109375001 0.7000569296875 0.86212234375 0.5259919296875 0.8600969140625001
11 0.5614710203125 0.7971986796875 0.5608921265625 0.8469486796875 0.6865671265625 0.8484110406250001 0.6871460203125 0.798661040625 0.5614710203125 0.7971986796875
11 0.286963425 0.133583421875 0.28624850625 0.195023421875 0.34996100625 0.1957647828125 0.350675925 0.1343247828125 0.286963425 0.133583421875
11 0.3440536328125 0.085022728125 0.3433588046875 0.14473606249999998 0.3932313046875 0.14531638125 0.3939261328125 0.085603046875 0.3440536328125 0.085022728125
11 0.5571590359374999 0.10702174375 0.5564134359375 0.1710984109375 0.6178059359375 0.1718127765625 0.6185515359375 0.107736109375 0.5571590359374999 0.10702174375
11 0.66555014375 0.233891659375 0.6651359015625 0.26949165937499997 0.7262384015625 0.2702026515625 0.7266526437499999 0.23460265156250001 0.66555014375 0.233891659375
11 0.6212145484375 0.2125837859375 0.62063249375 0.262605453125 0.67280499375 0.2632125359375 0.6733870484375 0.21319086875 0.6212145484375 0.2125837859375
11 0.572415134375 0.23280876875 0.5720688265625 0.26257043593749996 0.5931763265625001 0.26281604375 0.593522634375 0.2330543765625 0.572415134375 0.23280876875
11 0.5433984171875 0.3160991171875 0.5425504390625 0.38897411718749997 0.6200754390625 0.389876203125 0.6209234171875 0.317001203125 0.5433984171875 0.3160991171875
11 0.6318939359375 0.279480425 0.6306079390625 0.389998759375 0.7121679390625 0.3909477953125 0.7134539359375001 0.2804294609375 0.6318939359375 0.279480425
2 0.63160319375 0.5681227859375 0.631471996875 0.5793977859375 0.649506996875 0.5796076421875 0.64963819375 0.5683326421875 0.63160319375 0.5681227859375
11 0.65755915 0.6698727124999999 0.6569759125 0.7199960453124999 0.6873884125 0.7203499265625 0.6879716499999999 0.67022659375 0.65755915 0.6698727124999999
11 0.60609210625 0.6574163984375 0.6054468281250001 0.7128713984374999 0.651154328125 0.713403253125 0.65179960625 0.657948253125 0.60609210625 0.6574163984375
9 0.4773504125 0.8495620687500001 0.47708235625000006 0.8725987359375 0.51682235625 0.873061153125 0.5170904125 0.8500244859375 0.4773504125 0.8495620687500001
11 0.4084602234375 0.8861655234375 0.4082956515625 0.9003088578125 0.4359006515625 0.9006300703125 0.43606522343750004 0.8864867359374999 0.4084602234375 0.8861655234375
3 0.290326378125 0.5491588078125 0.2863243125 0.8930954734375 0.4542818125 0.8950498359375001 0.45828387812500004 0.5511131703125 0.290326378125 0.5491588078125
3 0.45299636562499995 0.560829634375 0.4488412859375 0.9179163015625 0.6925212859375 0.9207517749999999 0.696676365625 0.5636651078125 0.45299636562499995 0.560829634375
7 0.23785848125000003 0.17265239999999998 0.234005240625 0.503799065625 0.5283052406250001 0.50722355625 0.53215848125 0.176076890625 0.23785848125000003 0.17265239999999998
3 0.5407224015625001 0.4573304359375 0.5397467765624999 0.5411754359375001 0.7279467765625001 0.5433653406250001 0.7289224015625 0.45952034062499997 0.5407224015625001 0.4573304359375
7 0.5360513953125 0.39160969375 0.5352111171875 0.4638230265625 0.7273961171875001 0.46605930156250003 0.7282363953125001 0.39384596875 0.5360513953125 0.39160969375
9 0.14828668125 0.08559849375 0.147437559375 0.1585718265625 0.230807559375 0.1595419234375 0.23165668125 0.086568590625 0.14828668125 0.08559849375