19 0.6852258328125 0.6840619640625001 0.9446675000000001 0.6765129828124999 0.9446675000000001 0.5342779828124999 0.6852258328125 0.5418269640625 0.6852258328125 0.6840619640625001
19 0.8398025 0.5270642421875 0.9313341671875 0.52440094375 0.9313341671875 0.45264594375 0.8398025 0.4553092421875 0.8398025 0.5270642421875
19 0.5474283328125 0.6885527125 0.6901550000000001 0.684399790625 0.6901550000000001 0.605282290625 0.5474283328125 0.6094352125 0.5474283328125 0.6885527125
9 0.5851366671875 0.6447430125 0.6874866671875 0.64176493125 0.6874866671875 0.54020743125 0.5851366671875 0.5431855125 0.5851366671875 0.6447430125
19 0.1639858328125 0.699711 0.5086275 0.6896829515625 0.5086275 0.5902729515625 0.1639858328125 0.600301 0.1639858328125 0.699711
19 0.0391908328125 0.6953321625 0.1633658328125 0.6917190390625 0.1633658328125 0.38883403906249997 0.0391908328125 0.3924471625 0.0391908328125 0.6953321625
9 0.1019475 0.49543738125000003 0.19215583281249998 0.4928125859375 0.19215583281249998 0.3722000859375 0.1019475 0.37482488125 0.1019475 0.49543738125000003
11 0.1115991671875 0.4572927953125 0.1449641671875 0.45632197343750003 0.1449641671875 0.41572697343750004 0.1115991671875 0.41669779531250006 0.1115991671875 0.4572927953125
9 0.0804491671875 0.63434416875 0.1208208328125 0.6331694734375 0.1208208328125 0.5679194734374999 0.0804491671875 0.56909416875 0.0804491671875 0.63434416875
9 0.10282500000000001 0.6814318484374999 0.15648833281250002 0.6798704046874999 0.15648833281250002 0.5714929046874999 0.10282500000000001 0.5730543484374999 0.10282500000000001 0.6814318484374999
11 0.0901008328125 0.3476245828125 0.10271250000000001 0.347257621875 0.10271250000000001 0.327380121875 0.0901008328125 0.3277470828125 0.0901008328125 0.3476245828125
9 0.1692341671875 0.5528907890625 0.2795158328125 0.5496819203125 0.2795158328125 0.23154692031250002 0.1692341671875 0.2347557890625 0.1692341671875 0.5528907890625
9 0.2381433328125 0.5991182375 0.3459 0.5959828375 0.3459 0.5383828375 0.2381433328125 0.5415182374999999 0.2381433328125 0.5991182375
7 0.6885366671875001 0.5402068796874999 0.8962133328125 0.5341641046875 0.8962133328125 0.1412966046875 0.6885366671875001 0.1473393796875 0.6885366671875001 0.5402068796874999
7 0.2850358328125 0.5251988046875 0.6019708328125 0.5159769375 0.6019708328125 0.1284519375 0.2850358328125 0.13767380468749998 0.2850358328125 0.5251988046875
7 0.055483332812499994 0.22693685000000002 0.26493 0.22084257499999999 0.26493 0.078325075 0.055483332812499994 0.08441935 0.055483332812499994 0.22693685000000002