19 0.6533383328125 0.8857349234375 0.8458783328124999 0.879011278125 0.8458783328124999 0.832911278125 0.6533383328125 0.8396349234375 0.6533383328125 0.8857349234375
19 0.806305 0.832429459375 0.8714583328125001 0.8301542546875 0.8714583328125001 0.7840417546875 0.806305 0.786316959375 0.806305 0.832429459375
19 0.8778116671875 0.884291140625 0.9503316671875 0.8817586875 0.9503316671875 0.8484536874999999 0.8778116671875 0.850986140625 0.8778116671875 0.884291140625
19 0.8837758328125 0.7360403671875 0.9052408328125001 0.7352907937500001 0.9052408328125001 0.70674079375 0.8837758328125 0.7074903671875 0.8837758328125 0.7360403671875
2 0.6907558328125 0.7487420250000001 0.7410141671875 0.746986965625 0.7410141671875 0.5824594656250001 0.6907558328125 0.5842145249999999 0.6907558328125 0.7487420250000001
2 0.7366058328125 0.6227646578125 0.7875108328125 0.620987015625 0.7875108328125 0.525957015625 0.7366058328125 0.5277346578125 0.7366058328125 0.6227646578125
2 0.63158 0.416033490625 0.6937433328125 0.41386269843749995 0.6937433328125 0.3509301984375 0.63158 0.353100990625 0.63158 0.416033490625
2 0.545455 0.38416854218749996 0.6309716671875 0.381182234375 0.6309716671875 0.34009973437499996 0.545455 0.3430860421875 0.545455 0.38416854218749996
2 0.22280833281249998 0.4186856109375 0.3016216671875 0.4159333890625 0.3016216671875 0.3674158890625 0.22280833281249998 0.3701681109375 0.22280833281249998 0.4186856109375
9 0.0263991671875 0.8916718703125 0.056740832812499996 0.8906123171875 0.056740832812499996 0.3908498171875 0.0263991671875 0.3919093703125 0.0263991671875 0.8916718703125
2 0.12314 0.5186461062500001 0.16058333281249998 0.51733855625 0.16058333281249998 0.45512605625 0.12314 0.45643360624999996 0.12314 0.5186461062500001
2 0.3695333328125 0.3577656109375 0.53178 0.3520998328125 0.53178 0.3184498328125 0.3695333328125 0.32411561093749996 0.3695333328125 0.3577656109375
2 0.6436633328125 0.81431653125 0.6950333328125 0.8125226515625 0.6950333328125 0.7426451515625 0.6436633328125 0.74443903125 0.6436633328125 0.81431653125
2 0.6022341671875 0.83545701875 0.6455625 0.8339439609375001 0.6455625 0.7909939609375 0.6022341671875 0.7925070187500001 0.6022341671875 0.83545701875
19 0.4389891671875 0.8781064109375001 0.4895608328125 0.8763404093749999 0.4895608328125 0.8597229093750001 0.4389891671875 0.8614889109374999 0.4389891671875 0.8781064109375001
2 0.38822083281249997 0.5526930296875 0.3987525 0.55232525625 0.3987525 0.5323652562500001 0.38822083281249997 0.5327330296875 0.38822083281249997 0.5526930296875
2 0.5608725 0.47121890000000005 0.5787841671875 0.47059341093749996 0.5787841671875 0.4393534109375 0.5608725 0.4399789 0.5608725 0.47121890000000005
2 0.6906266671875 0.4679902859375 0.7350033328125 0.46644061875 0.7350033328125 0.40772061875 0.6906266671875 0.4092702859375 0.6906266671875 0.4679902859375
2 0.725985 0.5268080453125 0.7799750000000001 0.5249226734375 0.7799750000000001 0.4607876734375 0.725985 0.4626730453125 0.725985 0.5268080453125
2 0.7356316671875 0.6753661765625 0.7810716671875 0.6737793765625 0.7810716671875 0.6226843765625001 0.7356316671875 0.6242711765625 0.7356316671875 0.6753661765625
2 0.0934116671875 0.6066517421875 0.118635 0.6057709250000001 0.118635 0.511503425 0.0934116671875 0.5123842421875 0.0934116671875 0.6066517421875
3 0.1834358328125 0.7567967796875 0.6836341671875 0.73932946875 0.6836341671875 0.41317446875 0.1834358328125 0.43064177968750006 0.1834358328125 0.7567967796875
3 0.1351833328125 0.8466255437499999 0.6058133328124999 0.8301907828124999 0.6058133328124999 0.7437782828125 0.1351833328125 0.76021304375 0.1351833328125 0.8466255437499999
3 0.0856608328125 0.7768886578124999 0.1881225 0.7733106171874999 0.1881225 0.5562956171875 0.0856608328125 0.5598736578125 0.0856608328125 0.7768886578124999
7 0.7903016671875001 0.7856320578125 0.9536250000000001 0.77992868125 0.9536250000000001 0.28936868125 0.7903016671875001 0.2950720578125 0.7903016671875001 0.7856320578125
7 0.7024883328125 0.4575635671875 0.8027483328124999 0.4540624109375 0.8027483328124999 0.2374474109375 0.7024883328125 0.24094856718750002 0.7024883328125 0.4575635671875
7 0.151395 0.3767531703125 0.701105 0.3575568734375 0.701105 0.2390918734375 0.151395 0.2582881703125 0.151395 0.3767531703125
7 0.0637791671875 0.4798690328125 0.1817708328125 0.47574867187500003 0.1817708328125 0.322041171875 0.0637791671875 0.3261615328125 0.0637791671875 0.4798690328125