9 0.11809803125 0.040961518749999995 0.1171220765625 0.1248348515625 0.2124595765625 0.123170728125 0.21343553124999998 0.0392973953125 0.11809803125 0.040961518749999995
9 0.11313264999999999 0.1293660796875 0.1094009109375 0.45007107968750004 0.1635334109375 0.44912619375 0.16726515 0.12842119375 0.11313264999999999 0.1293660796875
9 0.12170474687499999 0.52009038125 0.11997925625000001 0.6683787156250001 0.17358925625 0.66744295 0.17531474687499998 0.519154615625 0.12170474687499999 0.52009038125
9 0.13045822812500002 0.6694655468749999 0.1286096671875 0.828330546875 0.2441621671875 0.8263135703125 0.246010728125 0.6674485703124999 0.13045822812500002 0.6694655468749999
9 0.11660637031250001 0.8454707906250001 0.1151606671875 0.969714125 0.24252066718749998 0.9674910484374999 0.24396637031249999 0.8432477140625 0.11660637031250001 0.8454707906250001
9 0.241686465625 0.7172956046875 0.2410318796875 0.7735506046875 0.5971943796875 0.767333765625 0.597848965625 0.711078765625 0.241686465625 0.7172956046875
9 0.49805965781249995 0.4839929140625 0.4954500796875 0.7082595796875 0.7074075796875 0.7045598484375 0.7100171578125 0.4802931828125 0.49805965781249995 0.4839929140625
9 0.5797880281250001 0.380566228125 0.5787275375 0.4717045625 0.7270625374999999 0.4691153640625 0.728123028125 0.3779770296875 0.5797880281250001 0.380566228125
9 0.2944890625 0.1587297171875 0.2930129125 0.28558971718750004 0.6326104124999999 0.2796620203125 0.6340865625000001 0.1528020203125 0.2944890625 0.1587297171875
3 0.19338588125 0.0336027578125 0.1919941125 0.1532110921875 0.6323966125 0.1455238375 0.63378838125 0.025915503125 0.19338588125 0.0336027578125
3 0.1632884265625 0.1437825015625 0.1619439390625 0.2593275015625 0.29195893906250003 0.25705808124999996 0.29330342656249997 0.14151308125 0.1632884265625 0.1437825015625
3 0.1545447125 0.2930073390625 0.15000630312500002 0.6830373390625 0.493438803125 0.6770427031249999 0.49797721250000004 0.287012703125 0.1545447125 0.2930073390625
3 0.2529252515625 0.7900229515625 0.2514279828125 0.9186979515625 0.7180504828125 0.9105530249999999 0.7195477515625 0.7818780249999999 0.2529252515625 0.7900229515625
3 0.5005255765625 0.755278084375 0.500183903125 0.7846414171875 0.733408903125 0.780570459375 0.7337505765625 0.7512071265625 0.5005255765625 0.755278084375
3 0.28970115 0.9204427328125 0.289456309375 0.9414844 0.535706309375 0.9371860906249999 0.53595115 0.9161444234375 0.28970115 0.9204427328125
9 0.25385078125 0.9462325593750001 0.25354122343749996 0.9728358921875 0.6152662234374999 0.9665219578125 0.61557578125 0.939918625 0.25385078125 0.9462325593750001