19 0.1436675 0.32020375 0.9250458328125 0.32020375 0.9250458328125 0.16300125000000001 0.1436675 0.16300125000000001 0.1436675 0.32020375
19 0.10200000000000001 0.49024875 0.2399066671875 0.49024875 0.2399066671875 0.33800125 0.10200000000000001 0.33800125 0.10200000000000001 0.49024875
19 0.2770008328125 0.46224 0.43185250000000003 0.46224 0.43185250000000003 0.318 0.2770008328125 0.318 0.2770008328125 0.46224
19 0.4619991671875 0.38022 0.7650908328125 0.38022 0.7650908328125 0.3205 0.4619991671875 0.3205 0.4619991671875 0.38022
19 0.8503333328125 0.482245 0.9343766671875 0.482245 0.9343766671875 0.3205 0.8503333328125 0.3205 0.8503333328125 0.482245
7 0.11699999999999999 0.72831 0.62513 0.72831 0.62513 0.538 0.11699999999999999 0.538 0.11699999999999999 0.72831
9 0.8053516671875001 0.7261062500000001 0.9124650000000001 0.7261062500000001 0.9124650000000001 0.49810375 0.8053516671875001 0.49810375 0.8053516671875001 0.7261062500000001
19 0.482045 0.46997625000000004 0.588715 0.46997625000000004 0.588715 0.38240375000000004 0.482045 0.38240375000000004 0.482045 0.46997625000000004
7 0.6323933328125 0.723525 0.7873633328125 0.723525 0.7873633328125 0.527845 0.6323933328125 0.527845 0.6323933328125 0.723525
7 0.08458916718750001 0.21269624999999998 0.1302741671875 0.21269624999999998 0.1302741671875 0.13347875 0.08458916718750001 0.13347875 0.08458916718750001 0.21269624999999998
7 0.26308666718749996 0.53460375 0.7653 0.53460375 0.7653 0.47561625 0.26308666718749996 0.47561625 0.26308666718749996 0.53460375