19 0.097 0.32820499999999997 0.5371566671875 0.32820499999999997 0.5371566671875 0.1905 0.097 0.1905 0.097 0.32820499999999997
19 0.10533333281249999 0.52825875 0.48517 0.52825875 0.48517 0.33050125 0.10533333281249999 0.33050125 0.10533333281249999 0.52825875
19 0.5395191671874999 0.46388999999999997 0.6651141671875 0.46388999999999997 0.6651141671875 0.171285 0.5395191671874999 0.171285 0.5395191671874999 0.46388999999999997
19 0.810575 0.58503125 0.877285 0.58503125 0.877285 0.33564875 0.810575 0.33564875 0.810575 0.58503125
9 0.8328108328124999 0.32455625 0.9281091671875 0.32455625 0.9281091671875 0.15614875 0.8328108328124999 0.15614875 0.8328108328124999 0.32455625
9 0.69087 0.187785 0.8276466671874999 0.187785 0.8276466671874999 0.150485 0.69087 0.150485 0.69087 0.187785
9 0.8979158328124999 0.5017925 0.9298408328125 0.5017925 0.9298408328125 0.43281749999999997 0.8979158328124999 0.43281749999999997 0.8979158328124999 0.5017925
9 0.8908575000000001 0.56618125 0.9117758328125 0.56618125 0.9117758328125 0.50622375 0.8908575000000001 0.50622375 0.8908575000000001 0.56618125
9 0.9087391671875 0.6232274999999999 0.9279575 0.6232274999999999 0.9279575 0.5508325000000001 0.9087391671875 0.5508325000000001 0.9087391671875 0.6232274999999999
19 0.6642658328125 0.52840125 0.8222608328125001 0.52840125 0.8222608328125001 0.18599875 0.6642658328125 0.18599875 0.6642658328125 0.52840125
7 0.089435 0.7408812499999999 0.7463683328124999 0.7408812499999999 0.7463683328124999 0.53331375 0.089435 0.53331375 0.089435 0.7408812499999999
7 0.49039583281250004 0.5281125 0.5279841671875001 0.5281125 0.5279841671875001 0.35265749999999996 0.49039583281250004 0.35265749999999996 0.49039583281250004 0.5281125
7 0.5251691671875001 0.53422 0.6494041671875 0.53422 0.6494041671875 0.48114999999999997 0.5251691671875001 0.48114999999999997 0.5251691671875001 0.53422
7 0.0844783328125 0.18789375 0.5377683328125 0.18789375 0.5377683328125 0.14689625 0.0844783328125 0.14689625 0.0844783328125 0.18789375
7 0.0649783328125 0.531575 0.0947783328125 0.531575 0.0947783328125 0.21434999999999998 0.0649783328125 0.21434999999999998 0.0649783328125 0.531575
7 0.7451433328125 0.74241625 0.9034966671875001 0.74241625 0.9034966671875001 0.60263875 0.7451433328125 0.60263875 0.7451433328125 0.74241625