3 0.4512375984375 0.6275046843750001 0.44768610468750003 0.78009135 0.6974586046875 0.7844511437499999 0.7010100984375 0.631864478125 0.4512375984375 0.6275046843750001
3 0.29828045312499996 0.5701792765625 0.29431752968749997 0.7404426109375 0.4529525296875 0.7432115953125 0.456915453125 0.5729482609375001 0.29828045312499996 0.5701792765625
11 0.379906865625 0.7850540890625 0.379607003125 0.797937421875 0.405912003125 0.7983965765625001 0.406211865625 0.78551324375 0.379906865625 0.7850540890625
11 0.3752802296875 0.8128204718750001 0.374659828125 0.839475471875 0.395997328125 0.83984791875 0.39661772968750003 0.8131929187500001 0.3752802296875 0.8128204718750001
11 0.4156474109375 0.8393814171875 0.41513512343750003 0.8613914171875001 0.4467001234375 0.8619423859375 0.44721241093749997 0.8399323859375001 0.4156474109375 0.8393814171875
11 0.48432151093750003 0.8634527515625001 0.48398324531250003 0.877986084375 0.5044957453125 0.8783441312500001 0.5048340109375 0.8638107984375001 0.48432151093750003 0.8634527515625001
11 0.543792246875 0.8555405140625 0.543393775 0.8726605140625001 0.573236275 0.8731814171875 0.573634746875 0.8560614171875001 0.543792246875 0.8555405140625
11 0.6822296796875 0.795636640625 0.681183146875 0.8405999734374999 0.724640646875 0.8413585265625001 0.7256871796875 0.79639519375 0.6822296796875 0.795636640625
11 0.5821601750000001 0.8711279546874999 0.581837425 0.8849946203125001 0.599804925 0.88530824375 0.600127675 0.871441578125 0.5821601750000001 0.8711279546874999
9 0.7259683906250001 0.5391573015625 0.724038096875 0.622090634375 0.765033096875 0.6228062046875 0.766963390625 0.539872871875 0.7259683906250001 0.5391573015625
9 0.73004569375 0.654588653125 0.729185671875 0.6915386531250001 0.7872781718749999 0.6925526609375 0.7881381937499999 0.6556026609375001 0.73004569375 0.654588653125
9 0.7126880046874999 0.69937065 0.7116309203125 0.744787315625 0.7472609203125 0.7454092390625 0.7483180046875 0.6999925734375 0.7126880046874999 0.69937065
9 0.7264889921875 0.7390583984375 0.7258220390625 0.7677133984375 0.7586645390625 0.7682866671874999 0.7593314921875 0.7396316671875 0.7264889921875 0.7390583984375
3 0.48960106562499994 0.784316896875 0.48886459687499995 0.8159585640625 0.669964596875 0.8191196765625 0.670701065625 0.787478009375 0.48960106562499994 0.784316896875
3 0.4801273484375 0.8153116859375 0.47931395625000006 0.850258353125 0.63437145625 0.8529648921874999 0.6351848484375 0.818018225 0.4801273484375 0.8153116859375
19 0.786472928125 0.0744209171875 0.77694271875 0.48387758437499995 0.86780771875 0.4854636390625 0.877337928125 0.076006971875 0.786472928125 0.0744209171875
19 0.6781645671875001 0.06902146249999999 0.6747706078125 0.214839796875 0.7767106078125 0.216619165625 0.7801045671875 0.07080083125 0.6781645671875001 0.06902146249999999
19 0.486541275 0.0700626140625 0.48530566875 0.12314928124999999 0.66961816875 0.1263664671875 0.670853775 0.07327979999999999 0.486541275 0.0700626140625
19 0.76892546875 0.511772359375 0.765842040625 0.6442490265624999 0.833827040625 0.6454357093749999 0.83691046875 0.5129590421875 0.76892546875 0.511772359375
19 0.748252671875 0.687702275 0.7423946390625 0.939387275 0.8453621390625001 0.9411845796874999 0.8512201718749999 0.6894995796875001 0.748252671875 0.687702275
19 0.6569616500000001 0.810476790625 0.653866584375 0.9434534578125 0.745814084375 0.9450584078125001 0.74890915 0.8120817406249999 0.6569616500000001 0.810476790625
19 0.46317864531249997 0.8590162140625001 0.46156904374999996 0.9281712140625 0.6535065437500001 0.9315214968750001 0.6551161453125001 0.8623664968750001 0.46317864531249997 0.8590162140625001
7 0.270024771875 0.215869884375 0.2613405796875 0.58897821875 0.7591955796875001 0.5976683109375001 0.767879771875 0.2245599765625 0.270024771875 0.215869884375
7 0.2759170109375 0.11272080312499999 0.27348967343749997 0.2170091375 0.6697346734375 0.22392561875 0.6721620109375 0.11963728437500001 0.2759170109375 0.11272080312499999
7 0.24448128906250002 0.7505863546875 0.24107507031250003 0.8969313546875 0.3595350703125 0.89899908125 0.3629412890625 0.75265408125 0.24448128906250002 0.7505863546875