19 0.0422738546875 0.905637565625 0.174800521875 0.9025529734375001 0.173609628125 0.6978554734375 0.0410829609375 0.700940065625 0.0422738546875 0.905637565625
9 0.0967583703125 0.8379579328125001 0.1758833703125 0.836116278125 0.1752704171875 0.730758778125 0.0961454171875 0.7326004328125 0.0967583703125 0.8379579328125001
9 0.061972059375 0.7126192640625 0.10458539375 0.7116274265625 0.10362891406250001 0.5472224265625 0.0610155796875 0.5482142640625 0.061972059375 0.7126192640625
9 0.2332977546875 0.8921202062500001 0.3757844203125 0.8888037921875 0.37539115 0.8212062921875001 0.23290448437500003 0.82452270625 0.2332977546875 0.8921202062500001
9 0.38678071406250003 0.8718655921874999 0.4393607140625 0.8706417796875 0.4388849171875 0.7888592796875 0.38630491718750004 0.7900830921875001 0.38678071406250003 0.8718655921874999
9 0.4612005375 0.8805611140625 0.632778871875 0.8765675843749999 0.6323443375 0.8018775843749999 0.460766003125 0.8058711140625 0.4612005375 0.8805611140625
9 0.65157498125 0.8698742515625 0.8175883140625 0.8660102484375001 0.8170445796875001 0.7725502484375 0.6510312468749999 0.7764142515625 0.65157498125 0.8698742515625
9 0.8445058703124999 0.8205539156249999 0.9061492046874999 0.8191191515625 0.9057352218749999 0.7479616515624999 0.8440918875 0.7493964156249999 0.8445058703124999 0.8205539156249999
3 0.80876704375 0.7703013296875 0.9014070437499999 0.7681451109374999 0.899426728125 0.42775761093750003 0.8067867281250001 0.4299138296875 0.80876704375 0.7703013296875
9 0.8333882765625 0.6788284578125 0.8721649421875 0.6779259203125 0.8718699624999999 0.6272234203125 0.833093296875 0.6281259578125 0.8333882765625 0.6788284578125
11 0.8663816750000001 0.6095950078125 0.8839283421875 0.6091866046875001 0.8837466218750001 0.5779516046875 0.8661999546875 0.5783600078125 0.8663816750000001 0.6095950078125
11 0.8794741687500001 0.755125021875 0.8978291687500001 0.7546978046875 0.8976126875 0.7174878046875001 0.8792576875 0.717915021875 0.8794741687500001 0.755125021875
11 0.8229244343750001 0.79373378125 0.8499894343750001 0.7931038359375 0.8498798843750001 0.7742738359375 0.822814884375 0.77490378125 0.8229244343750001 0.79373378125
3 0.1339349734375 0.8008377296875 0.2768083078125 0.7975123156249999 0.2744196375 0.386934815625 0.13154630312499999 0.3902602296875 0.1339349734375 0.8008377296875
3 0.27100118906250004 0.6286695984375 0.49990285625 0.623341853125 0.49835806250000003 0.357814353125 0.2694563953125 0.3631420984375 0.27100118906250004 0.6286695984375
3 0.2797609015625 0.8355662546874999 0.40336256875 0.83268939375 0.4023540625 0.65934189375 0.2787523953125 0.6622187546875 0.2797609015625 0.8355662546874999
3 0.45551147812500004 0.819111440625 0.6249748109375 0.8151671374999999 0.6239279078125 0.6352196375 0.454464575 0.639163940625 0.45551147812500004 0.819111440625
3 0.496403775 0.527599071875 0.6315221078125 0.5244541578125 0.6304435984375 0.3390741578125 0.495325265625 0.342219071875 0.496403775 0.527599071875
3 0.5312189421875 0.6081872609375 0.6523139421875 0.6053687421875 0.65174993125 0.5084237421875 0.53065493125 0.5112422609375 0.5312189421875 0.6081872609375
3 0.6549192625 0.5002126234375 0.8018875968750001 0.49679189843750005 0.8010764312499999 0.3573643984375 0.654108096875 0.3607851234375 0.6549192625 0.5002126234375
7 0.6433804921874999 0.760131346875 0.7830804921875 0.75687979375 0.781535903125 0.49138729375 0.6418359031249999 0.49463884687500004 0.6433804921874999 0.760131346875
7 0.052955921875 0.40720898749999995 0.1807892546875 0.40423363281249997 0.18027779531250002 0.3163211328125 0.0524444625 0.3192964875 0.052955921875 0.40720898749999995
7 0.653321634375 0.3576867578125 0.8725433015625 0.35258431562500003 0.8721408234375 0.283404315625 0.6529191562500001 0.2885067578125 0.653321634375 0.3576867578125
7 0.835995690625 0.440086703125 0.8881440234375001 0.43887293749999995 0.8875787921875 0.3417179375 0.8354304593749999 0.342931703125 0.835995690625 0.440086703125