19 0.007000000000000001 0.34821 0.91709 0.34821 0.91709 0.16599999999999998 0.007000000000000001 0.16599999999999998 0.007000000000000001 0.34821
19 0.0186675 0.5862737499999999 0.13621250000000001 0.5862737499999999 0.13621250000000001 0.35600125 0.0186675 0.35600125 0.0186675 0.5862737499999999
19 0.7586666671875 0.61028 0.9237533328125 0.61028 0.9237533328125 0.3485 0.7586666671875 0.3485 0.7586666671875 0.61028
19 0.1303341671875 0.400225 0.3534191671875 0.400225 0.3534191671875 0.351 0.1303341671875 0.351 0.1303341671875 0.400225
9 0.1389941671875 0.64985375 0.3434158328125 0.64985375 0.3434158328125 0.40224624999999997 0.1389941671875 0.40224624999999997 0.1389941671875 0.64985375
9 0.3448058328125 0.5554574999999999 0.4172408328125 0.5554574999999999 0.4172408328125 0.39773749999999997 0.3448058328125 0.39773749999999997 0.3448058328125 0.5554574999999999
9 0.6287066671875 0.6572199999999999 0.7576166671875 0.6572199999999999 0.7576166671875 0.35256 0.6287066671875 0.35256 0.6287066671875 0.6572199999999999
9 0.755875 0.64048125 0.8208949999999999 0.64048125 0.8208949999999999 0.44960875 0.755875 0.44960875 0.755875 0.64048125
9 0.5502525 0.5936625 0.6241841671875 0.5936625 0.6241841671875 0.38912749999999996 0.5502525 0.38912749999999996 0.5502525 0.5936625
9 0.46740250000000005 0.62787125 0.5468141671875 0.62787125 0.5468141671875 0.56012875 0.46740250000000005 0.56012875 0.46740250000000005 0.62787125
9 0.5214858328124999 0.39021625000000004 0.5844775 0.39021625000000004 0.5844775 0.34960874999999997 0.5214858328124999 0.34960874999999997 0.5214858328124999 0.39021625000000004
9 0.45747 0.44582499999999997 0.5429433328125 0.44582499999999997 0.5429433328125 0.348345 0.45747 0.348345 0.45747 0.44582499999999997
9 0.4137366671875 0.38996624999999996 0.45490333281249995 0.38996624999999996 0.45490333281249995 0.35605875 0.4137366671875 0.35605875 0.4137366671875 0.38996624999999996
9 0.10072333281250001 0.672975 0.15029333281249999 0.672975 0.15029333281249999 0.592015 0.10072333281250001 0.592015 0.10072333281250001 0.672975
11 0.73285 0.5739375 0.7436233328124999 0.5739375 0.7436233328124999 0.5502374999999999 0.73285 0.5502374999999999 0.73285 0.5739375
11 0.14400166718750002 0.6170875 0.15646166718750001 0.6170875 0.15646166718750001 0.5983525000000001 0.14400166718750002 0.5983525000000001 0.14400166718750002 0.6170875