19 0.151120325 0.32020375 0.9324986578125 0.32020375 0.9288397296875001 0.16300125000000001 0.14746139687499998 0.16300125000000001 0.151120325 0.32020375
19 0.11341066562499999 0.49024875 0.2513173328125 0.49024875 0.247773734375 0.33800125 0.10986706718749999 0.33800125 0.11341066562499999 0.49024875
19 0.28775958749999997 0.46224 0.4426112546875 0.46224 0.43925403281250003 0.318 0.284402365625 0.318 0.28775958749999997 0.46224
19 0.47084888593749996 0.38022 0.7739405515625 0.38022 0.772550553125 0.3205 0.4694588875 0.3205 0.47084888593749996 0.38022
19 0.861557709375 0.482245 0.94560104375 0.482245 0.9418363875000001 0.3205 0.8577930531250001 0.3205 0.861557709375 0.482245
7 0.133951603125 0.72831 0.6420816031250001 0.72831 0.6376520890624999 0.538 0.1295220890625 0.538 0.133951603125 0.72831
9 0.822251978125 0.7261062500000001 0.9293653109375001 0.7261062500000001 0.9240584937499999 0.49810375 0.8169451609375 0.49810375 0.822251978125 0.7261062500000001
19 0.49298381874999997 0.46997625000000004 0.59965381875 0.46997625000000004 0.5976155453125 0.38240375000000004 0.4909455453125 0.38240375000000004 0.49298381874999997 0.46997625000000004
7 0.6492335640625 0.723525 0.8042035640625 0.723525 0.7996490609375 0.527845 0.6446790609375 0.527845 0.6492335640625 0.723525
7 0.089539728125 0.21269624999999998 0.135224728125 0.21269624999999998 0.13338092031249998 0.13347875 0.0876959203125 0.13347875 0.089539728125 0.21269624999999998
7 0.27552970781249997 0.53460375 0.777743040625 0.53460375 0.7763700906250001 0.47561625 0.27415675781250004 0.47561625 0.27552970781249997 0.53460375