9 0.0430316671875 0.21393625 0.126905 0.21393625 0.126905 0.11859875 0.0430316671875 0.11859875 0.0430316671875 0.21393625
9 0.1313675 0.16879375000000002 0.4520725 0.16879375000000002 0.4520725 0.11466125 0.1313675 0.11466125 0.1313675 0.16879375000000002
9 0.5223208328125 0.1813925 0.6706091671875 0.1813925 0.6706091671875 0.1277825 0.5223208328125 0.1277825 0.5223208328125 0.1813925
9 0.6718791671875 0.25382875 0.8307441671875001 0.25382875 0.8307441671875001 0.13827625 0.6718791671875 0.13827625 0.6718791671875 0.25382875
9 0.8476783328125 0.25383 0.9719216671875 0.25383 0.9719216671875 0.12647 0.8476783328125 0.12647 0.8476783328125 0.25383
9 0.7216608328125 0.60624625 0.7779158328125 0.60624625 0.7779158328125 0.25008375 0.7216608328125 0.25008375 0.7216608328125 0.60624625
9 0.49278666718749997 0.7157512500000001 0.7170533328124999 0.7157512500000001 0.7170533328124999 0.50379375 0.49278666718749997 0.50379375 0.49278666718749997 0.7157512500000001
9 0.3907658328125 0.7326699999999999 0.48190416718750007 0.7326699999999999 0.48190416718750007 0.584335 0.3907658328125 0.584335 0.3907658328125 0.7326699999999999
9 0.1639033328125 0.63599375 0.2907633328125 0.63599375 0.2907633328125 0.29639625 0.1639033328125 0.29639625 0.1639033328125 0.63599375
3 0.0369858328125 0.6342187499999999 0.15659416718750002 0.6342187499999999 0.15659416718750002 0.19381625 0.0369858328125 0.19381625 0.0369858328125 0.6342187499999999
3 0.1466625 0.29501 0.26220750000000004 0.29501 0.26220750000000004 0.164995 0.1466625 0.164995 0.1466625 0.29501
3 0.295765 0.50141875 0.6857949999999999 0.50141875 0.6857949999999999 0.15798625 0.295765 0.15798625 0.295765 0.50141875
3 0.7945991671875 0.72879375 0.9232741671875001 0.72879375 0.9232741671875001 0.26217125 0.7945991671875 0.26217125 0.7945991671875 0.72879375
3 0.76417 0.7426425 0.7935333328125 0.7426425 0.7935333328125 0.5094175 0.76417 0.5094175 0.76417 0.7426425
3 0.9256875000000001 0.5467225 0.9467291671875 0.5467225 0.9467291671875 0.30047250000000003 0.9256875000000001 0.30047250000000003 0.9256875000000001 0.5467225
9 0.9508566671875001 0.62664 0.97746 0.62664 0.97746 0.264915 0.9508566671875001 0.264915 0.9508566671875001 0.62664