2 0.0695941671875 0.42110875 0.11522916718750001 0.42110875 0.11522916718750001 0.29883625 0.0695941671875 0.29883625 0.0695941671875 0.42110875
2 0.1201358328125 0.36007625 0.1331075 0.36007625 0.1331075 0.34018875 0.1201358328125 0.34018875 0.1201358328125 0.36007625
2 0.1403508328125 0.42221374999999994 0.15588249999999998 0.42221374999999994 0.15588249999999998 0.37648625 0.1403508328125 0.37648625 0.1403508328125 0.42221374999999994
2 0.1375366671875 0.4508925 0.1558833328125 0.4508925 0.1558833328125 0.4236275 0.1375366671875 0.4236275 0.1375366671875 0.4508925
2 0.08215249999999999 0.46641750000000004 0.1196375 0.46641750000000004 0.1196375 0.4196775 0.08215249999999999 0.4196775 0.08215249999999999 0.46641750000000004
2 0.0604041671875 0.53847875 0.08143249999999999 0.53847875 0.08143249999999999 0.46562125 0.0604041671875 0.46562125 0.0604041671875 0.53847875
2 0.0907283328125 0.5153175 0.1166983328125 0.5153175 0.1166983328125 0.4840025 0.0907283328125 0.4840025 0.0907283328125 0.5153175
2 0.131775 0.51237375 0.16323166718749998 0.51237375 0.16323166718749998 0.46608124999999995 0.131775 0.46608124999999995 0.131775 0.51237375
2 0.08184583281249999 0.61740375 0.10763750000000001 0.61740375 0.10763750000000001 0.55154125 0.08184583281249999 0.55154125 0.08184583281249999 0.61740375
2 0.1486208328125 0.5835775 0.1718425 0.5835775 0.1718425 0.5690025000000001 0.1486208328125 0.5690025000000001 0.1486208328125 0.5835775
2 0.2184608328125 0.6144624999999999 0.2493191671875 0.6144624999999999 0.2493191671875 0.5740575 0.2184608328125 0.5740575 0.2184608328125 0.6144624999999999
2 0.1884416671875 0.29455 0.2025416671875 0.29455 0.2025416671875 0.273565 0.1884416671875 0.273565 0.1884416671875 0.29455
2 0.2028391671875 0.32727375 0.2138075 0.32727375 0.2138075 0.30710625 0.2028391671875 0.30710625 0.2028391671875 0.32727375
2 0.3216866671875 0.2934475 0.33216 0.2934475 0.33216 0.27264750000000004 0.3216866671875 0.27264750000000004 0.3216866671875 0.2934475
2 0.3685525 0.5490174999999999 0.3779575 0.5490174999999999 0.3779575 0.5345424999999999 0.3685525 0.5345424999999999 0.3685525 0.5490174999999999
2 0.2150908328125 0.77076875 0.2924991671875 0.77076875 0.2924991671875 0.75508625 0.2150908328125 0.75508625 0.2150908328125 0.77076875
2 0.22519999999999998 0.74245625 0.2474366671875 0.74245625 0.2474366671875 0.7261387499999999 0.22519999999999998 0.7261387499999999 0.22519999999999998 0.74245625
2 0.2068208328125 0.75606 0.21878250000000002 0.75606 0.21878250000000002 0.738085 0.2068208328125 0.738085 0.2068208328125 0.75606
2 0.13024249999999998 0.7137800000000001 0.1428241671875 0.7137800000000001 0.1428241671875 0.696275 0.13024249999999998 0.696275 0.13024249999999998 0.7137800000000001
2 0.1578116671875 0.7424575 0.1771116671875 0.7424575 0.1771116671875 0.7247625 0.1578116671875 0.7247625 0.1578116671875 0.7424575
2 0.297795 0.75542 0.32403499999999996 0.75542 0.32403499999999996 0.738085 0.297795 0.738085 0.297795 0.75542
2 0.41021083281250004 0.6987075 0.43863916718749996 0.6987075 0.43863916718749996 0.6540025 0.41021083281250004 0.6540025 0.41021083281250004 0.6987075
2 0.4408425 0.6186725 0.48100750000000003 0.6186725 0.48100750000000003 0.5777325 0.4408425 0.5777325 0.4408425 0.6186725
2 0.4576883328125 0.5808025 0.4942316671875 0.5808025 0.4942316671875 0.5474075 0.4576883328125 0.5474075 0.4576883328125 0.5808025
2 0.48924 0.52227875 0.51407 0.52227875 0.51407 0.47113625 0.48924 0.47113625 0.48924 0.52227875
2 0.5014916671874999 0.40388999999999997 0.5293583328125 0.40388999999999997 0.5293583328125 0.35719 0.5014916671874999 0.35719 0.5014916671874999 0.40388999999999997
9 0.6993674999999999 0.28480500000000003 0.7527058328125 0.28480500000000003 0.7527058328125 0.24094500000000002 0.6993674999999999 0.24094500000000002 0.6993674999999999 0.28480500000000003
9 0.7557283328125 0.30098125 0.8189883328124999 0.30098125 0.8189883328124999 0.24921375 0.7557283328125 0.24921375 0.7557283328125 0.30098125
9 0.7355241671875 0.38323999999999997 0.8518258328125 0.38323999999999997 0.8518258328125 0.306215 0.7355241671875 0.306215 0.7355241671875 0.38323999999999997
9 0.86446 0.5465687499999999 0.91189 0.5465687499999999 0.91189 0.42279625000000004 0.86446 0.42279625000000004 0.86446 0.5465687499999999
11 0.4479991671875 0.73867375 0.48025416718749997 0.73867375 0.48025416718749997 0.6950462500000001 0.4479991671875 0.6950462500000001 0.4479991671875 0.73867375
11 0.5099958328125 0.69014125 0.5265308328125 0.69014125 0.5265308328125 0.65461375 0.5099958328125 0.65461375 0.5099958328125 0.69014125
11 0.5845733328125 0.62219625 0.6188100000000001 0.62219625 0.6188100000000001 0.58789875 0.5845733328125 0.58789875 0.5845733328125 0.62219625
11 0.67712 0.5504749999999999 0.7021433328125 0.5504749999999999 0.7021433328125 0.5285949999999999 0.67712 0.5285949999999999 0.67712 0.5504749999999999
11 0.6995825 0.370925 0.7350875 0.370925 0.7350875 0.316995 0.6995825 0.316995 0.6995825 0.370925
2 0.12376499999999999 0.29179 0.15890500000000002 0.29179 0.15890500000000002 0.25773999999999997 0.12376499999999999 0.25773999999999997 0.12376499999999999 0.29179
2 0.10153749999999999 0.29527125 0.12001250000000001 0.29527125 0.12001250000000001 0.27948375 0.10153749999999999 0.27948375 0.10153749999999999 0.29527125
2 0.1788508328125 0.394645 0.19940249999999998 0.394645 0.19940249999999998 0.33602 0.1788508328125 0.33602 0.1788508328125 0.394645
3 0.11474583281249999 0.34476375 0.1690108328125 0.34476375 0.1690108328125 0.29398124999999997 0.11474583281249999 0.29398124999999997 0.11474583281249999 0.34476375
3 0.0989608328125 0.41823 0.1473758328125 0.41823 0.1473758328125 0.34375 0.0989608328125 0.34375 0.0989608328125 0.41823
3 0.0948791671875 0.46498375000000003 0.1327475 0.46498375000000003 0.1327475 0.42162625 0.0948791671875 0.42162625 0.0948791671875 0.46498375000000003
3 0.1580666671875 0.55741875 0.25628666718750004 0.55741875 0.25628666718750004 0.39793124999999996 0.1580666671875 0.39793124999999996 0.1580666671875 0.55741875
3 0.2533416671875 0.59914 0.3012816671875 0.59914 0.3012816671875 0.51789 0.2533416671875 0.51789 0.2533416671875 0.59914
3 0.0958666671875 0.7306837500000001 0.3589066671875 0.7306837500000001 0.3589066671875 0.64377125 0.0958666671875 0.64377125 0.0958666671875 0.7306837500000001
3 0.3199841671875 0.65187625 0.4372291671875 0.65187625 0.4372291671875 0.52381375 0.3199841671875 0.52381375 0.3199841671875 0.65187625
3 0.27456833281250004 0.5215425 0.4913016671875 0.5215425 0.4913016671875 0.2824175 0.27456833281250004 0.2824175 0.27456833281250004 0.5215425
3 0.42217000000000005 0.28986 0.48619 0.28986 0.48619 0.24835500000000002 0.42217000000000005 0.24835500000000002 0.42217000000000005 0.28986
7 0.3693491671875 0.32185874999999997 0.4167241671875 0.32185874999999997 0.4167241671875 0.27279125 0.3693491671875 0.27279125 0.3693491671875 0.32185874999999997
7 0.39748833281249996 0.449845 0.43409166718750003 0.449845 0.43409166718750003 0.325365 0.39748833281249996 0.325365 0.39748833281249996 0.449845
7 0.2721 0.507915 0.3168666671875 0.507915 0.3168666671875 0.44088000000000005 0.2721 0.44088000000000005 0.2721 0.507915
7 0.38514583281250003 0.51087625 0.41277749999999996 0.51087625 0.41277749999999996 0.44606375 0.38514583281250003 0.44606375 0.38514583281250003 0.51087625
2 0.3784275 0.524335 0.3902225 0.524335 0.3902225 0.500205 0.3784275 0.500205 0.3784275 0.524335
7 0.0368591671875 0.8494887500000001 0.0936308328125 0.8494887500000001 0.0936308328125 0.61042625 0.0368591671875 0.61042625 0.0368591671875 0.8494887500000001
7 0.0293791671875 0.5303525 0.0642708328125 0.5303525 0.0642708328125 0.24625249999999999 0.0293791671875 0.24625249999999999 0.0293791671875 0.5303525
7 0.5333075 0.545045 0.6713391671875 0.545045 0.6713391671875 0.23298999999999997 0.5333075 0.23298999999999997 0.5333075 0.545045
7 0.6271566671875 0.7956475000000001 0.9068400000000001 0.7956475000000001 0.9068400000000001 0.5594224999999999 0.6271566671875 0.5594224999999999 0.6271566671875 0.7956475000000001
7 0.7087633328125 0.554025 0.8551833328124999 0.554025 0.8551833328124999 0.397225 0.7087633328125 0.397225 0.7087633328125 0.554025
7 0.8488575 0.408725 0.9514258328125 0.408725 0.9514258328125 0.23298999999999997 0.8488575 0.23298999999999997 0.8488575 0.408725
7 0.47006166718750003 0.8278025 0.6293583328125 0.8278025 0.6293583328125 0.5737025 0.47006166718750003 0.5737025 0.47006166718750003 0.8278025
7 0.3150058328125 0.8343337500000001 0.45862749999999997 0.8343337500000001 0.45862749999999997 0.71039625 0.3150058328125 0.71039625 0.3150058328125 0.8343337500000001
7 0.1470291671875 0.85229 0.3171541671875 0.85229 0.3171541671875 0.76038 0.1470291671875 0.76038 0.1470291671875 0.85229