19 0.1365166671875 0.12818125 0.19905333281249998 0.12818125 0.19905333281249998 0.06490375000000001 0.1365166671875 0.06490375000000001 0.1365166671875 0.12818125
9 0.075335 0.26841 0.14817833281249998 0.26841 0.14817833281249998 0.07753 0.075335 0.07753 0.075335 0.26841
9 0.15147583281250002 0.2619575 0.2094141671875 0.2619575 0.2094141671875 0.1279175 0.15147583281250002 0.1279175 0.15147583281250002 0.2619575
9 0.20835916718749997 0.24206625 0.24486750000000002 0.24206625 0.24486750000000002 0.07013875 0.20835916718749997 0.07013875 0.20835916718749997 0.24206625
9 0.2441891671875 0.13723125 0.3195475 0.13723125 0.3195475 0.07551375 0.2441891671875 0.07551375 0.2441891671875 0.13723125
2 0.3760933328125 0.1765425 0.3874466671875 0.1765425 0.3874466671875 0.1595475 0.3760933328125 0.1595475 0.3760933328125 0.1765425
9 0.0840191671875 0.43513875 0.1670075 0.43513875 0.1670075 0.27015125 0.0840191671875 0.27015125 0.0840191671875 0.43513875
9 0.7645908328125001 0.4687825 0.8699091671874999 0.4687825 0.8699091671874999 0.1155325 0.7645908328125001 0.1155325 0.7645908328125001 0.4687825
7 0.3222975 0.64415125 0.7734458328125 0.64415125 0.7734458328125 0.06812875 0.3222975 0.06812875 0.3222975 0.64415125
7 0.15165333281249999 0.6241325 0.33233999999999997 0.6241325 0.33233999999999997 0.2432625 0.15165333281249999 0.2432625 0.15165333281249999 0.6241325
7 0.038747500000000004 0.6225912499999999 0.1507691671875 0.6225912499999999 0.1507691671875 0.44341375000000005 0.038747500000000004 0.44341375000000005 0.038747500000000004 0.6225912499999999
7 0.7495466671875 0.65185125 0.8930933328125 0.65185125 0.8930933328125 0.47035875000000005 0.7495466671875 0.47035875000000005 0.7495466671875 0.65185125
7 0.8712558328125001 0.39147125 0.9208275 0.39147125 0.9208275 0.10385875 0.8712558328125001 0.10385875 0.8712558328125001 0.39147125