19 0.07033333281250001 0.22818 0.49916666718749997 0.22818 0.49916666718749997 0.148 0.07033333281250001 0.148 0.07033333281250001 0.22818
19 0.055334167187500005 0.30219999999999997 0.3204491671875 0.30219999999999997 0.3204491671875 0.22799999999999998 0.055334167187500005 0.22799999999999998 0.055334167187500005 0.30219999999999997
19 0.0586675 0.48624625000000005 0.1483991671875 0.48624625000000005 0.1483991671875 0.30549875000000004 0.0586675 0.30549875000000004 0.0586675 0.48624625000000005
19 0.067 0.634285 0.1390633328125 0.634285 0.1390633328125 0.47800000000000004 0.067 0.47800000000000004 0.067 0.634285
19 0.5519999999999999 0.21817625000000002 0.9309 0.21817625000000002 0.9309 0.14799875 0.5519999999999999 0.14799875 0.5519999999999999 0.21817625000000002
19 0.7253333328125 0.27819375 0.9175633328125 0.27819375 0.9175633328125 0.20800125 0.7253333328125 0.20800125 0.7253333328125 0.27819375
19 0.9070008328125001 0.39422375 0.9602425 0.39422375 0.9602425 0.26800125 0.9070008328125001 0.26800125 0.9070008328125001 0.39422375
9 0.09308 0.47029249999999995 0.11938666718749999 0.47029249999999995 0.11938666718749999 0.3772475 0.09308 0.3772475 0.09308 0.47029249999999995
9 0.1364641671875 0.46437375000000003 0.1583125 0.46437375000000003 0.1583125 0.37724625 0.1364641671875 0.37724625 0.1364641671875 0.46437375000000003
9 0.1492825 0.38152875 0.17856416718749998 0.38152875 0.17856416718749998 0.36393624999999996 0.1492825 0.36393624999999996 0.1492825 0.38152875
9 0.1653866671875 0.41072 0.1819833328125 0.41072 0.1819833328125 0.378725 0.1653866671875 0.378725 0.1653866671875 0.41072
11 0.14961 0.4091425 0.17041 0.4091425 0.17041 0.3767525 0.14961 0.3767525 0.14961 0.4091425
11 0.18839333281249998 0.3661425 0.1977633328125 0.3661425 0.1977633328125 0.3486525 0.18839333281249998 0.3486525 0.18839333281249998 0.3661425
11 0.1795191671875 0.40638125 0.2048641671875 0.40638125 0.2048641671875 0.39006375000000004 0.1795191671875 0.39006375000000004 0.1795191671875 0.40638125
11 0.17557499999999998 0.43833500000000003 0.193555 0.43833500000000003 0.193555 0.409785 0.17557499999999998 0.409785 0.17557499999999998 0.43833500000000003
11 0.1624283328125 0.45096125000000004 0.177775 0.45096125000000004 0.177775 0.42999875000000004 0.1624283328125 0.42999875000000004 0.1624283328125 0.45096125000000004
11 0.1512533328125 0.50658625 0.1951333328125 0.50658625 0.1951333328125 0.46549375 0.1512533328125 0.46549375 0.1512533328125 0.50658625
11 0.12759 0.49080500000000005 0.14621333281249999 0.49080500000000005 0.14621333281249999 0.46155 0.12759 0.46155 0.12759 0.49080500000000005
11 0.1847783328125 0.46674125 0.19644833281250001 0.46674125 0.19644833281250001 0.44725374999999995 0.1847783328125 0.44725374999999995 0.1847783328125 0.46674125
2 0.21087250000000002 0.45115625000000004 0.2272208328125 0.45115625000000004 0.2272208328125 0.41964375 0.21087250000000002 0.41964375 0.21087250000000002 0.45115625000000004
11 0.1584841671875 0.52322 0.1733025 0.52322 0.1733025 0.5049349999999999 0.1584841671875 0.5049349999999999 0.1584841671875 0.52322
11 0.1433666671875 0.565825 0.1819833328125 0.565825 0.1819833328125 0.5355000000000001 0.1433666671875 0.5355000000000001 0.1433666671875 0.565825
11 0.1772183328125 0.5374225 0.1906616671875 0.5374225 0.1906616671875 0.5192325 0.1772183328125 0.5192325 0.1772183328125 0.5374225
11 0.19168000000000002 0.5524125 0.20854666718749998 0.5524125 0.20854666718749998 0.5330375 0.19168000000000002 0.5330375 0.19168000000000002 0.5524125
11 0.13383416718750002 0.594625 0.14331916718749999 0.594625 0.14331916718749999 0.573955 0.13383416718750002 0.573955 0.13383416718750002 0.594625
11 0.1446808328125 0.62421375 0.1804058328125 0.62421375 0.1804058328125 0.60353625 0.1446808328125 0.60353625 0.1446808328125 0.62421375
11 0.1805058328125 0.606065 0.1969741671875 0.606065 0.1969741671875 0.5754349999999999 0.1805058328125 0.5754349999999999 0.1805058328125 0.606065
11 0.190365 0.65103875 0.23405833281250002 0.65103875 0.23405833281250002 0.61684625 0.190365 0.61684625 0.190365 0.65103875
11 0.2160008328125 0.69284375 0.2448425 0.69284375 0.2448425 0.6493862499999999 0.2160008328125 0.6493862499999999 0.2160008328125 0.69284375
11 0.1591416671875 0.6971812500000001 0.18040499999999998 0.6971812500000001 0.18040499999999998 0.66377875 0.1591416671875 0.66377875 0.1591416671875 0.6971812500000001
11 0.13416333281249998 0.65299875 0.1470033328125 0.65299875 0.1470033328125 0.63558125 0.13416333281249998 0.63558125 0.13416333281249998 0.65299875
9 0.1035966671875 0.36710875 0.1159666671875 0.36710875 0.1159666671875 0.34668125 0.1035966671875 0.34668125 0.1035966671875 0.36710875
9 0.1210166671875 0.38012625 0.13543 0.38012625 0.13543 0.35801875 0.1210166671875 0.35801875 0.1210166671875 0.38012625
9 0.1821483328125 0.33831 0.23405833281250002 0.33831 0.23405833281250002 0.304775 0.1821483328125 0.304775 0.1821483328125 0.33831
11 0.23144833281250002 0.33475875 0.25299499999999997 0.33475875 0.25299499999999997 0.30428125 0.23144833281250002 0.30428125 0.23144833281250002 0.33475875
2 0.3241333328125 0.3359425 0.34107 0.3359425 0.34107 0.3028025 0.3241333328125 0.3028025 0.3241333328125 0.3359425
2 0.3530566671875 0.3197675 0.3650033328125 0.3197675 0.3650033328125 0.3037875 0.3530566671875 0.3037875 0.3530566671875 0.3197675
2 0.3704758328125 0.33752125 0.3868341671875 0.33752125 0.3868341671875 0.30358874999999996 0.3704758328125 0.30358874999999996 0.3704758328125 0.33752125
2 0.4157391671875 0.30342625 0.42694083281250006 0.30342625 0.42694083281250006 0.28963875 0.4157391671875 0.28963875 0.4157391671875 0.30342625
2 0.3906675 0.30456500000000003 0.40363249999999995 0.30456500000000003 0.40363249999999995 0.288115 0.3906675 0.288115 0.3906675 0.30456500000000003
2 0.3468608328125 0.30495 0.3678558328125 0.30495 0.3678558328125 0.285855 0.3468608328125 0.285855 0.3468608328125 0.30495
9 0.3391641671875 0.26216125 0.3780591671875 0.26216125 0.3780591671875 0.22593875 0.3391641671875 0.22593875 0.3391641671875 0.26216125
9 0.3612625 0.22787125000000003 0.3758375 0.22787125000000003 0.3758375 0.20971875 0.3612625 0.20971875 0.3612625 0.22787125000000003
9 0.1721475 0.36567500000000003 0.1872325 0.36567500000000003 0.1872325 0.347005 0.1721475 0.347005 0.1721475 0.36567500000000003
11 0.11861250000000001 0.50921 0.1314375 0.50921 0.1314375 0.48802500000000004 0.11861250000000001 0.48802500000000004 0.11861250000000001 0.50921
9 0.1126341671875 0.49127124999999994 0.12386250000000001 0.49127124999999994 0.12386250000000001 0.47083875 0.1126341671875 0.47083875 0.1126341671875 0.49127124999999994
9 0.09046583281250001 0.53282875 0.1075175 0.53282875 0.1075175 0.50446625 0.09046583281250001 0.50446625 0.09046583281250001 0.53282875
9 0.09594583281249999 0.59023125 0.1250575 0.59023125 0.1250575 0.54145375 0.09594583281249999 0.54145375 0.09594583281249999 0.59023125
9 0.11687 0.54359 0.1374166671875 0.54359 0.1374166671875 0.5055850000000001 0.11687 0.5055850000000001 0.11687 0.54359
9 0.1338075 0.57857125 0.1495758328125 0.57857125 0.1495758328125 0.54780375 0.1338075 0.54780375 0.1338075 0.57857125
9 0.14103000000000002 0.651205 0.1715 0.651205 0.1715 0.62365 0.14103000000000002 0.62365 0.14103000000000002 0.651205
9 0.1365466671875 0.66525625 0.17448999999999998 0.66525625 0.17448999999999998 0.64942875 0.1365466671875 0.64942875 0.1365466671875 0.66525625
9 0.12399249999999999 0.6239987499999999 0.1441941671875 0.6239987499999999 0.1441941671875 0.58927625 0.12399249999999999 0.58927625 0.12399249999999999 0.6239987499999999
9 0.1567716671875 0.56450375 0.1661183328125 0.56450375 0.1661183328125 0.54952625 0.1567716671875 0.54952625 0.1567716671875 0.56450375
9 0.1577183328125 0.60396875 0.1808683328125 0.60396875 0.1808683328125 0.57470625 0.1577183328125 0.57470625 0.1577183328125 0.60396875
9 0.1971491671875 0.67684875 0.21660083281250003 0.67684875 0.21660083281250003 0.6513662499999999 0.1971491671875 0.6513662499999999 0.1971491671875 0.67684875
2 0.67981 0.5381425 0.6927766671875 0.5381425 0.6927766671875 0.5210425 0.67981 0.5210425 0.67981 0.5381425
2 0.6055733328125 0.491855 0.62344 0.491855 0.62344 0.46262499999999995 0.6055733328125 0.46262499999999995 0.6055733328125 0.491855
2 0.5689875 0.46876249999999997 0.5840891671875 0.46876249999999997 0.5840891671875 0.4487075 0.5689875 0.4487075 0.5689875 0.46876249999999997
2 0.5474816671875 0.43881 0.560315 0.43881 0.560315 0.417985 0.5474816671875 0.417985 0.5474816671875 0.43881
9 0.8233325 0.33657375 0.9051175 0.33657375 0.9051175 0.27687125 0.8233325 0.27687125 0.8233325 0.33657375
11 0.8482441671875 0.3195875 0.8595758328124999 0.3195875 0.8595758328124999 0.2938025 0.8482441671875 0.2938025 0.8482441671875 0.3195875
11 0.8762700000000001 0.42115 0.88825 0.42115 0.88825 0.395395 0.8762700000000001 0.395395 0.8762700000000001 0.42115
11 0.8957316671875001 0.45837874999999995 0.9101783328125 0.45837874999999995 0.9101783328125 0.42867625 0.8957316671875001 0.42867625 0.8957316671875001 0.45837874999999995
9 0.8768683328125 0.394735 0.9070816671875 0.394735 0.9070816671875 0.334095 0.8768683328125 0.334095 0.8768683328125 0.394735
9 0.7860858328125 0.27926 0.8231674999999999 0.27926 0.8231674999999999 0.25761500000000004 0.7860858328125 0.25761500000000004 0.7860858328125 0.27926
9 0.8519975000000001 0.24346 0.8670491671875 0.24346 0.8670491671875 0.22030500000000003 0.8519975000000001 0.22030500000000003 0.8519975000000001 0.24346
9 0.8706516671875001 0.24115250000000002 0.893995 0.24115250000000002 0.893995 0.20724749999999997 0.8706516671875001 0.20724749999999997 0.8706516671875001 0.24115250000000002
9 0.8140700000000001 0.28858625 0.8370599999999999 0.28858625 0.8370599999999999 0.27446375 0.8140700000000001 0.27446375 0.8140700000000001 0.28858625
9 0.8412041671875 0.28710375 0.8585991671875 0.28710375 0.8585991671875 0.25339625 0.8412041671875 0.25339625 0.8412041671875 0.28710375
9 0.8900433328125 0.42895125 0.9178066671874999 0.42895125 0.9178066671874999 0.38698875 0.8900433328125 0.38698875 0.8900433328125 0.42895125
9 0.9076008328125 0.46096250000000005 0.9191891671875 0.46096250000000005 0.9191891671875 0.4281675 0.9076008328125 0.4281675 0.9076008328125 0.46096250000000005
3 0.2251341671875 0.46135624999999997 0.5459191671875 0.46135624999999997 0.5459191671875 0.32778375 0.2251341671875 0.32778375 0.2251341671875 0.46135624999999997
3 0.1953816671875 0.630195 0.3903816671875 0.630195 0.3903816671875 0.43936000000000003 0.1953816671875 0.43936000000000003 0.1953816671875 0.630195
3 0.46151 0.61791375 0.6789466671875 0.61791375 0.6789466671875 0.45175625 0.46151 0.45175625 0.46151 0.61791375
3 0.39373833281250004 0.6409374999999999 0.4435916671875 0.6409374999999999 0.4435916671875 0.5782075 0.39373833281250004 0.5782075 0.39373833281250004 0.6409374999999999
11 0.7613641671875 0.67799125 0.7772158328125001 0.67799125 0.7772158328125001 0.65296375 0.7613641671875 0.65296375 0.7613641671875 0.67799125
11 0.8321624999999999 0.6648425 0.8584141671875001 0.6648425 0.8584141671875001 0.6345175000000001 0.8321624999999999 0.6345175000000001 0.8321624999999999 0.6648425
11 0.815395 0.68387375 0.831425 0.68387375 0.831425 0.66190625 0.815395 0.66190625 0.815395 0.68387375
7 0.42983000000000005 0.329405 0.7195033328125 0.329405 0.7195033328125 0.209825 0.42983000000000005 0.209825 0.42983000000000005 0.329405
7 0.5559916671875 0.45682875 0.8784449999999999 0.45682875 0.8784449999999999 0.33266625 0.5559916671875 0.33266625 0.5559916671875 0.45682875
7 0.7242041671874999 0.33557000000000003 0.8195258328125 0.33557000000000003 0.8195258328125 0.262945 0.7242041671874999 0.262945 0.7242041671874999 0.33557000000000003
7 0.24805833281249998 0.7193075 0.7572949999999999 0.7193075 0.7572949999999999 0.6455425 0.24805833281249998 0.6455425 0.24805833281249998 0.7193075
7 0.6761666671875 0.7316725 0.9231133328125001 0.7316725 0.9231133328125001 0.4565825 0.6761666671875 0.4565825 0.6761666671875 0.7316725
11 0.9196616671875001 0.5036674999999999 0.957695 0.5036674999999999 0.957695 0.3961075 0.9196616671875001 0.3961075 0.9196616671875001 0.5036674999999999