19 0.2949219578125 0.1356380828125 0.2958101921875 0.1661647484375 0.3584826921875 0.1683533203125 0.3575944578125 0.1378266546875 0.2949219578125 0.1356380828125
19 0.24512101875 0.1726629015625 0.247325796875 0.248436234375 0.303678296875 0.25040410625 0.30147351875 0.1746307734375 0.24512101875 0.1726629015625
19 0.25513653281250004 0.308687984375 0.258126446875 0.4114446515625 0.339466446875 0.4142851078125 0.3364765328125 0.31152844062499996 0.25513653281250004 0.308687984375
19 0.2459578390625 0.5344941265625 0.25316653125 0.78224079375 0.36676653125 0.7862077921874999 0.3595578390625 0.538461125 0.2459578390625 0.5344941265625
9 0.36241992968750003 0.66098655 0.3687317546875 0.8779098828125 0.5476742546875 0.8841586921875001 0.5413624296874999 0.667235359375 0.36241992968750003 0.66098655
9 0.2692328984375 0.2516337734375 0.2709468109375 0.3105371078125 0.3347718109375 0.312765925 0.3330578984375 0.253862590625 0.2692328984375 0.2516337734375
9 0.3342665171875 0.290421821875 0.33798768749999997 0.4183101546875 0.4117826875 0.4208871328125 0.40806151718750006 0.2929988 0.3342665171875 0.290421821875
9 0.4091647390625 0.389623253125 0.410338125 0.42994991875000005 0.431578125 0.43069163593750004 0.4304047390625 0.3903649703125 0.4091647390625 0.389623253125
9 0.39686997343749997 0.433491353125 0.397319765625 0.44894968593750006 0.419399765625 0.4497207375 0.41894997343749996 0.4342624046875 0.39686997343749997 0.433491353125
7 0.1601485453125 0.0952371640625 0.183756371875 0.9065854984374999 0.262266371875 0.909327128125 0.2386585453125 0.09797879375 0.1601485453125 0.0952371640625
7 0.2486040109375 0.4118438765625 0.25130746406250004 0.50475554375 0.7632599640625 0.5226333203125 0.7605565109375 0.429721653125 0.2486040109375 0.4118438765625
7 0.2515088671875 0.072903496875 0.25422366875 0.16620516406250002 0.29830116875 0.167744384375 0.2955863671875 0.0744427171875 0.2515088671875 0.072903496875
7 0.2919788421875 0.0743159078125 0.293801675 0.136962575 0.605919175 0.1478619578125 0.6040963421875001 0.085215290625 0.2919788421875 0.0743159078125
7 0.4210756046875 0.11532027812500001 0.42976378281249994 0.4139136125 0.7639487828125 0.425583609375 0.7552606046875 0.12699027499999999 0.4210756046875 0.11532027812500001
7 0.31203651718750003 0.17162640625 0.315213815625 0.2808230734375 0.42577381562500005 0.28468391406250004 0.4225965171875 0.175487246875 0.31203651718750003 0.17162640625
7 0.3648846171875 0.5322278375 0.36849764375 0.6563995031250001 0.76244514375 0.6701564531249999 0.7588321171875 0.5459847875 0.3648846171875 0.5322278375
7 0.5346206109375 0.6615729499999999 0.5425013953125 0.9324179499999999 0.7686013953125 0.9403135359375 0.7607206109375 0.6694685359375 0.5346206109375 0.6615729499999999
7 0.25754611875 0.79233611875 0.2616006453125 0.93168111875 0.3751306453125 0.935645675 0.37107611875 0.796300675 0.25754611875 0.79233611875
7 0.372837359375 0.878932359375 0.374883365625 0.9492490265625 0.5442708656249999 0.95516416875 0.542224859375 0.8848475015625 0.372837359375 0.878932359375
7 0.5618647984375 0.513792284375 0.5627278640625 0.54345395 0.7539103640625 0.550130190625 0.7530472984375 0.520468525 0.5618647984375 0.513792284375