5 0.159410034375 0.78350996875 0.1771230109375 0.8154338953125 0.2002403265625 0.81503038125 0.2185296375 0.797129446875 0.2124662265625 0.7728162640625 0.1973377015625 0.764289484375 0.159410034375 0.78350996875
5 0.1327242875 0.8020094484375001 0.1328342953125 0.8114634625000001 0.1433799390625 0.8357073265625001 0.16341170625 0.8293478796875 0.14915496718750001 0.7963868640625 0.137333578125 0.7972009671875 0.1327242875 0.8020094484375001
5 0.1479113859375 0.8882240906250001 0.166359784375 0.883995028125 0.1567719609375 0.8548595593750001 0.12688181406250001 0.86121116875 0.1479113859375 0.8882240906250001
5 0.1439924515625 0.94885166875 0.1648434875 0.9523947546875 0.17164232343750002 0.9405549499999999 0.155119303125 0.911540534375 0.12861393125 0.9188405156250001 0.1439924515625 0.94885166875
5 0.15622191093749999 0.31081336875 0.17393488906250001 0.34273729531249997 0.2130979640625 0.3303325703125 0.20113022812499998 0.295378078125 0.17338944843749998 0.29586229531249997 0.15622191093749999 0.31081336875
5 0.16348345 0.239383078125 0.1532511078125 0.25421309375 0.1581245625 0.2756167671875 0.177899278125 0.286015965625 0.20099386875 0.2836593265625 0.21234798437500002 0.265879446875 0.20861903124999998 0.2434790359375 0.191178775 0.23499260937500002 0.16348345 0.239383078125
5 0.1523484296875 0.375347196875 0.1699932265625 0.40141174843750005 0.195399546875 0.3990147578125 0.21137712656250002 0.3811541734375 0.1971658375 0.35209940624999997 0.176360253125 0.35246256875 0.1523484296875 0.375347196875
5 0.157147315625 0.19163239062499998 0.1573745828125 0.21116364375000002 0.1771947515625 0.22546909375 0.1979776125 0.223152803125 0.211666184375 0.2072856984375 0.2044128171875 0.180063 0.17433757968750002 0.1786344453125 0.157147315625 0.19163239062499998
5 0.1897015421875 0.108039484375 0.2058836625 0.1077570234375 0.21719232812499997 0.0860708921875 0.20529276875 0.0569757734375 0.16040718125 0.0743641890625 0.1897015421875 0.108039484375
5 0.193057215625 0 0.18268361093750002 0.0016950484375000002 0.19238506875 0.04059614375 0.1843508265625 0.0456201875 0.207468140625 0.045216671874999996 0.22342299531249998 0.025402962499999997 0.21708780625 0 0.193057215625 0
5 0.22246030625 0.0420247 0.24246228749999998 0.0719551515625 0.263267871875 0.0715919890625 0.27929090625 0.057637653125 0.2778964109375 0.03715001875 0.25807624218749997 0.022844565625 0.22246030625 0.0420247
5 0.278214584375 0.064493765625 0.2715521109375 0.0880523203125 0.307599853125 0.1059815609375 0.337379640625 0.08201949375 0.330194453125 0.060656171875 0.2954503 0.05540206875 0.278214584375 0.064493765625
5 0.29777658906250004 0.155967828125 0.3221065875 0.16042695468749998 0.33117169999999996 0.14464054843750002 0.327465475 0.124193259375 0.303112746875 0.1177810140625 0.29777658906250004 0.155967828125
5 0.22687744843750002 0.32227796249999996 0.21204436875 0.339141809375 0.23206907812500002 0.371025384375 0.25974167812500004 0.36468179375 0.273407528125 0.3468615578125 0.27210393593750004 0.3341864234375 0.24766030468750003 0.319961675 0.22687744843750002 0.32227796249999996
5 0.15359839687500002 0.48276907187500007 0.1666879109375 0.5147737015625 0.19445141562499998 0.516242609375 0.2058509859375 0.502368975 0.20443376406249997 0.47992821562500004 0.1846363234375 0.46757588906249997 0.15359839687500002 0.48276907187500007
5 0.22434483906249997 0.5020461640625 0.2095344859375 0.5208631390625 0.23182547343749998 0.548800109375 0.26860863749999997 0.5305763640625 0.26719141562500004 0.5081356015625 0.2543746203125 0.499568471875 0.22434483906249997 0.5020461640625
5 0.1028148703125 0.6887752796875 0.100684953125 0.70444063125 0.11826156875 0.7246458062500001 0.1390898796875 0.7262357703125 0.1550901875 0.7103283109375 0.14545690625000002 0.6772865921875 0.1200051328125 0.6757773296875 0.1028148703125 0.6887752796875
5 0.15568925 0.6624565734375001 0.16058543125 0.68581336875 0.178048415625 0.6962529203125001 0.20109755156250003 0.6899900296875 0.2124289421875 0.6702570234375 0.211125353125 0.6575818859375 0.1890389078125 0.6472230390625 0.15568925 0.6624565734375001
5 0.2159597453125 0.8743384109375001 0.220787746875 0.8918358312500001 0.24525410781249998 0.9080137031250001 0.2683032421875 0.901750815625 0.277368353125 0.8859644109374999 0.260845334375 0.8569499953124999 0.22852654687500001 0.8614211640624999 0.2159597453125 0.8743384109375001
5 0.55910771875 0.2598267328125 0.544342821875 0.28254995625 0.5712345453125 0.3084530984375 0.5920174015625 0.3061368125 0.6102839875 0.2862827515625 0.6042433 0.26392269375 0.586803046875 0.255436265625 0.55910771875 0.2598267328125
5 0.39013221875 0.14458815 0.43073524374999994 0.156577309375 0.4466900984375 0.1367636015625 0.43721590624999995 0.11739375625 0.411718678125 0.1119782484375 0.39013221875 0.14458815
5 0.5076576125 0 0.49849632499999996 0.018648018750000002 0.4684210859375 0.017219462499999998 0.45351982812499997 0.02822393125 0.44454562343750004 0.0518228390625 0.46438851718749996 0.0680814140625 0.5058405968749999 0.0536832140625 0.509728640625 0.089755496875 0.5386821015625001 0.0941339203125 0.5625802906249999 0.0614836671875 0.5404483921875001 0.04721856875 0.5104413359375 0.0516493859375 0.5102140687500001 0.0321181375 0.5564486984375 0.031311109375 0.5625121109375 0.055624290624999996 0.5845985609375 0.065983140625 0.61671280625 0.043933846875 0.6071477078124999 0.0167515015625 0.5701827296875 0.019350248437500002 0.557603990625 0 0.5076576125 0
5 0.3995009484375 0.0555393796875 0.38471332187499996 0.076309475 0.40235812031249996 0.102374028125 0.43238790156249995 0.09989633437499999 0.44834275625000003 0.08008262656250001 0.4446365296875 0.059635337499999996 0.42488454062500003 0.051189264062499996 0.3995009484375 0.0555393796875
5 0.5560087234375 0.092854721875 0.5561905375 0.10847972187499999 0.5760107062500001 0.12278516875 0.601394296875 0.1184350546875 0.6127938703125 0.10456142187499999 0.6009170375 0.07741943125 0.5777769968750001 0.075869821875 0.5560087234375 0.092854721875
5 0.7179272296875 0.297101721875 0.713485578125 0.31280742500000003 0.7264160046875 0.3311401796875 0.7518905046875 0.3346025640625 0.7770468328125 0.3107211984375 0.765215453125 0.28748545625 0.7420526859375001 0.2839827203125 0.7179272296875 0.297101721875
5 0.711787465625 0.3655821515625 0.7318121734374999 0.3974657265625 0.75259503125 0.3951494390625 0.77548508125 0.375214675 0.7612283390625 0.3422536578125 0.7312212796875001 0.3466844765625 0.711787465625 0.3655821515625
5 0.8261468031250001 0.258095828125 0.839031778125 0.2725223328125 0.8668180109374999 0.27594436875 0.8896398796874999 0.250150228125 0.8754740421875 0.2250017109375 0.8453988078125001 0.22357315625 0.8261468031250001 0.258095828125
5 0.87958935 0.280605246875 0.91565981875 0.3004876125 0.9432642375 0.288284646875 0.9266503109374999 0.25145773125000004 0.8965977984375 0.2519823 0.87958935 0.280605246875
5 0.3759273171875 0.31479248437499996 0.39586111874999996 0.3388635578125 0.41897843281249997 0.33846004375 0.444180215625 0.318484928125 0.427611740625 0.2855642640625 0.3976046828125 0.2899950828125 0.3759273171875 0.31479248437499996
5 0.32987450156250003 0.3312245125 0.3254555765625 0.348883340625 0.3383632765625 0.36526296875 0.36150331874999997 0.36681257968750003 0.3843706421875 0.3449246890625 0.3725165375 0.3197358234375 0.3516882265625 0.31814586093749997 0.32987450156250003 0.3312245125
5 0.39003314218749996 0.2354286375 0.3752227890625 0.25424560937499996 0.39982550781250004 0.28214222968749997 0.425209103125 0.277792115625 0.44120941093750005 0.2618846546875 0.43745773125 0.23753112187499997 0.413082278125 0.229165746875 0.39003314218749996 0.2354286375
5 0.4272154375 0.6489262171875 0.39025046093750004 0.6515249640625 0.37557646875 0.6820606859375 0.39310763125000003 0.6983596125 0.418536678125 0.697915746875 0.49432383281250003 0.6536153984374999 0.48823769375000003 0.6273490921875 0.454615315625 0.619145125 0.4272154375 0.6489262171875
5 0.4368178203125 0.778667796875 0.45663798906249997 0.79297325 0.49344388125 0.7767026265625 0.4791871375 0.7437416109375 0.43654510156250004 0.7552302984375 0.4368178203125 0.778667796875
5 0.38138171718749997 0.7835424843750001 0.38989322187500003 0.819534065625 0.417679453125 0.8229560984375001 0.43601421875 0.8089614125000001 0.4217347484375 0.7740472703125 0.3962829765625 0.7725380109375 0.38138171718749997 0.7835424843750001
5 0.4377414453125 0.9573989125000001 0.39377309375 0.9542593406250001 0.38141083125 0.9847547078125001 0.3872924296875 0.99344289375 0.44046225625 0.9925148109374999 0.44943646406250004 0.968915903125 0.4748882359375 0.9704251656249999 0.4932002765625 0.9544773546875 0.4882813671875 0.92916743125 0.45355994062500005 0.9258664515625 0.4377414453125 0.9573989125000001
5 0.342551371875 0.923897071875 0.32771829375 0.94076091875 0.3500320046875 0.9706510140625 0.3868606234375 0.9563335203125 0.3830862171875 0.9300268578124999 0.367934965625 0.9195469546874999 0.342551371875 0.923897071875
5 0.4908967140625 0.8558647140625 0.5085869656249999 0.8858355187500001 0.5339932843749999 0.883438528125 0.552305321875 0.867490715625 0.535714121875 0.8326169265625 0.5057070671874999 0.83704774375 0.4908967140625 0.8558647140625
5 0.657153184375 0.6380753140625 0.6550459921875 0.655693790625 0.66795369375 0.6720734187499999 0.6934054656249999 0.6735826781250001 0.713892878125 0.6458757640624999 0.7021069546875001 0.626546271875 0.6766551796875 0.6250370125 0.657153184375 0.6380753140625
5 0.5974345171875 0.6723275765625 0.619793684375 0.7061239234375 0.656554121875 0.6859470515625 0.6376966421875 0.6550198640625 0.612267596875 0.6554637296875 0.5974345171875 0.6723275765625
5 0.823302409375 0.609779384375 0.8212179453124999 0.6293509859374999 0.8526649531249999 0.649314053125 0.877775825 0.6215264390625 0.8717805937499999 0.60307263125 0.847405140625 0.5947072578125 0.823302409375 0.609779384375
5 0.7659182015625 0.6459444203125 0.7812967203125 0.6759555734375 0.8090374984375 0.67547135625 0.8296158140625 0.6555769437500001 0.8084466046875001 0.62469010625 0.7830630109375 0.629040221875 0.7659182015625 0.6459444203125
5 0.8224679109374999 0.7367728609374999 0.8378918843750001 0.7706902640625 0.863298203125 0.7682932734375 0.8793212374999999 0.7543389390625 0.8779267421875 0.7338513015625 0.86044103125 0.721458625 0.8224679109374999 0.7367728609374999
5 0.61367665 0.7765574765625 0.5988435703125 0.7934213234375 0.6211800109375 0.82526455 0.6602976328125 0.8089535718749999 0.65659140625 0.7885062890625 0.6344595078124999 0.7742411890625001 0.61367665 0.7765574765625
5 0.5995708234375 0.8559213234374999 0.61957280625 0.8858517734375001 0.6449563984375 0.881501659375 0.6586222484375 0.863681425 0.6374303125 0.8308414624999999 0.61435845 0.8351512281250001 0.5995708234375 0.8559213234374999
5 0.5496445234375 0.9368871828125 0.5452256 0.954546009375 0.5720718687499999 0.9765429046874999 0.5951210078125 0.970280015625 0.6087414 0.9485535296875 0.594552840625 0.9214518921874999 0.5760589875 0.9217747031249999 0.5496445234375 0.9368871828125
5 0.7584130578125 0.8951494390624999 0.7237598140625 0.8977078359374999 0.71144300625 0.9321094546875001 0.7266169859375 0.9445424843750001 0.7635592375 0.9399906109374999 0.7778159765625 0.9729516281249999 0.810202946875 0.9743398328125 0.8249223906250001 0.9477103625 0.8037759078125 0.9187766500000001 0.825430546875 0.8920261234375 0.8113556171875 0.8746901062499999 0.7789913765625001 0.8752550265625001 0.7584130578125 0.8951494390624999
5 0.8808520937500001 0.7865453234374999 0.9006722609375 0.8008507765624999 0.9374099734374999 0.7787207781250001 0.9162634890625 0.749787065625 0.8783358218749999 0.7690075515625 0.8808520937500001 0.7865453234374999
5 0.9308984171875 0.9146041968749999 0.9381290578125 0.939873765625 0.9532575828125 0.9484005453125001 0.9763521718750001 0.9460439062500001 0.9900180203125 0.9282236703125 0.9886917046875 0.9135954109375 0.9642480750000001 0.8993706640625 0.9308984171875 0.9146041968749999
5 0.8758032124999999 0.9487757562500001 0.8829656734375 0.96818595 0.9027403875 0.9785851531249999 0.9348546375 0.95653585625 0.916019884375 0.927561790625 0.8952143015624999 0.927924953125 0.8758032124999999 0.9487757562500001
5 0.9501731453125 0.882034646875 0.9686669984374999 0.8817118359375 0.9846218531250001 0.861898125 0.959010990625 0.8467169906249999 0.9396226296875 0.8695209171875 0.9501731453125 0.882034646875
5 0.9336291781250001 0.5531550140625 0.9408598171874999 0.5784245875 0.958300075 0.5869110156249999 0.9926806015625 0.5609151171875 0.9761803078125 0.533853828125 0.94846225625 0.5362911687499999 0.9336291781250001 0.5531550140625
5 0.8793230187500001 0.4564268484375 0.8795730109375001 0.477911225 0.899393178125 0.4922166734375 0.93615361875 0.4720398015625 0.9242313359375001 0.440991559375 0.901091290625 0.43944194843749995 0.8793230187500001 0.4564268484375
5 0.7667981515625 0.5228571921875 0.7891118640625 0.5527472921875 0.8258950296875 0.5345235453125 0.80470309375 0.5016835828125 0.78163123125 0.505993346875 0.7667981515625 0.5228571921875
5 0.5572796359375001 0.5001418125 0.5424920125 0.5209119062500001 0.5648057234375 0.55080200625 0.601543434375 0.52867200625 0.5977917546875 0.5043184734375 0.5780397671874999 0.49587239531250005 0.5572796359375001 0.5001418125
5 0.4484237140625 0.484460203125 0.47158648124999997 0.4879629375 0.48763224374999997 0.475961728125 0.477930784375 0.43706063281249996 0.43531147187499997 0.45050244531250005 0.4484237140625 0.484460203125
5 0.006178459375 0.43162045156250006 0.0269840421875 0.4312572875 0.047562359375 0.41136287187500004 0.0356855296875 0.3842208828125 0.0044657906249999995 0.3837890640625 0.006178459375 0.43162045156250006
5 0.004306703125 0.3701171890625 0.0263022421875 0.3726635359375 0.04461428125 0.35671572500000004 0.0385054171875 0.328496290625 0.0141299671875 0.32013091718750003 0.00382944375 0.3291015625 0.004306703125 0.3701171890625
5 0.006444790625 0.255798846875 0.029539378124999998 0.253442209375 0.050117698437500004 0.23354779531249997 0.03588368125 0.2025399046875 0.0024431171875 0.2099609359375 0.006444790625 0.255798846875
5 0.0034285328125 0.1952923234375 0.028880304687500004 0.1968015859375 0.049458625 0.17690716875 0.042227981250000005 0.15163759999999998 0.001738590625 0.1494140640625 0.0034285328125 0.1952923234375
5 0.0109283328125 0.8398235749999999 0.04098084375 0.8392990062499999 0.05927015625 0.8213980703124999 0.04510431875 0.796249553125 0.00928384375 0.7978515625 0.0109283328125 0.8398235749999999