5 0.8528929203125 0.08772533125000001 0.834343690625 0.087941171875 0.8194247656250001 0.10178571875 0.8304861234375001 0.1133749640625 0.8527452015625 0.11311595625 0.8695360953125 0.0963201375 0.8528929203125 0.08772533125000001
5 0.9005073250000001 0.1926328984375 0.917241403125 0.1856027046875 0.91730958125 0.1738839546875 0.889536865625 0.1654186515625 0.8653717328124999 0.17448830625 0.8671641578125 0.185208909375 0.881958090625 0.1928487375 0.9005073250000001 0.1926328984375
5 0.8051278796875 0.32752274375 0.7884619796875 0.3228341875 0.7661801765625 0.32699944531249997 0.7607006281250001 0.312415759375 0.7440347265625 0.307727203125 0.7161711078125 0.31488689999999997 0.7142082390625 0.33346317187499996 0.729013534375 0.339149875 0.7550051812499999 0.3349414484375 0.77715063125 0.354213690625 0.8124453062500001 0.3450145328125 0.8051278796875 0.32752274375
5 0.629779440625 0.180159159375 0.6130453640625 0.187189353125 0.611127946875 0.197953125 0.6333188468750001 0.20941286718750002 0.6574726171874999 0.20229633749999998 0.6612506406249999 0.19053441875 0.629779440625 0.180159159375
5 0.70460133125 0.071873925 0.6786437734375 0.0702229765625 0.6637021203125 0.0879737734375 0.674763478125 0.09956301875 0.6970225578125 0.09930401093749999 0.7212217812499999 0.08437498125000001 0.70460133125 0.071873925
5 0.3781689390625 0.06981333125 0.4097651328125 0.058704215625 0.409821946875 0.048938590625 0.3931901328125 0.038390659375000004 0.35977879218750003 0.042685421875000004 0.35427651718750003 0.0320079859375 0.33391213125 0.025409471875 0.3116416890625 0.027621604687500002 0.3004326125 0.041422984375 0.32261215 0.0548358515625 0.3486037984375 0.050627425000000004 0.35780455624999996 0.06321481718750001 0.3781689390625 0.06981333125
5 0.2757645890625 0.45574449218749996 0.2535055109375 0.4560035 0.2367487046875 0.46693994375000003 0.25148582343750003 0.48434539687499994 0.2346835671875 0.5030943390625 0.24575629375000002 0.5127304609375 0.2717252140625 0.512428284375 0.2847608109375 0.5034881343750001 0.26632520937500004 0.48417272499999997 0.288652465625 0.4721949671875 0.2757645890625 0.45574449218749996
5 0.335985715625 0.3066163046875 0.349009946875 0.299629278125 0.3491008515625 0.284004278125 0.321316775 0.2774921015625 0.2971516375 0.28656175625 0.2989667921875 0.29337610937499997 0.31372663749999996 0.3068753125 0.335985715625 0.3066163046875
5 0.48762353437500006 0.3849245421875 0.5043917015625 0.3720349734375 0.4877712515625 0.3595339171875 0.4655121734375 0.359792925 0.4487667328125 0.36877624375 0.450570521875 0.377543721875 0.46536445625 0.38518355 0.48762353437500006 0.3849245421875
5 0.6616454265625 0.4414893984375 0.6764507234375 0.4471761015625 0.7024310078125 0.44492079999999995 0.7117567593749999 0.43602381718750005 0.708126453125 0.42239511093750004 0.6988802453125 0.41762021875000005 0.6728999546875001 0.41987551874999995 0.6598757234375 0.42686254375 0.6616454265625 0.4414893984375
5 0.7684355625 0.5769562765625 0.749772703125 0.5967033671875 0.7386772515625 0.5909734953125 0.7164181734375 0.591232503125 0.70517500625 0.6108932578124999 0.7162477296875001 0.620529378125 0.74221665625 0.620227203125 0.7645666375 0.6043431953125 0.7979666140624999 0.6020015578125 0.80733781875 0.585292075 0.7684355625 0.5769562765625
5 0.9750876734375 0.44467764218749994 0.960180109375 0.45656906406250003 0.9619725359375 0.4672896671875 0.9767778328125001 0.4729763703125 0.9971990328125001 0.469809259375 0.9958270359375 0.38682303125 0.9642422078124999 0.3959790203125 0.9789679640625 0.41533759843749996 0.9640604015625 0.42722902031250004 0.9750876734375 0.44467764218749994
5 0.5859258640625 0.7040715078125 0.6026826671875 0.6931350640625 0.6027508453125 0.6814163140625 0.567547075 0.6749904718749999 0.5507902703124999 0.685926915625 0.552582696875 0.6966475187500001 0.5636667859375 0.7043305156249999 0.5859258640625 0.7040715078125
5 0.42240855 0.7547990234374999 0.44292065156250005 0.7360069109375 0.4336858046875 0.72927889375 0.4040297609375 0.7257179875 0.38908810781250003 0.743468784375 0.42240855 0.7547990234374999
5 0.10355493281249999 0.72530834375 0.1203117359375 0.7143719 0.12036854999999999 0.704606275 0.1074124953125 0.69987455 0.0851420546875 0.7020866828125001 0.07763145625 0.71779801875 0.088715546875 0.725481015625 0.10355493281249999 0.72530834375
5 0.195551134375 0.85313539375 0.2271473265625 0.8420262796875001 0.21425945 0.8255758046875 0.19200037187500002 0.8258348124999999 0.1770928078125 0.8377262343749999 0.195551134375 0.85313539375
5 0.4955487234375 0.9355762890625 0.5066214453125 0.945212409375 0.5251706796875 0.9449965703125001 0.5419047578125 0.9379663765625 0.54568278125 0.9262044578124999 0.532749453125 0.9175664843750001 0.5067918890625001 0.915915534375 0.4937676578125 0.922902559375 0.4955487234375 0.9355762890625
5 0.9371908828125 0.901142425 0.9539363265624999 0.89215910625 0.9539931421875 0.88239348125 0.922499215625 0.8759244718750001 0.9057651390625001 0.882954665625 0.9038363578125 0.8956715624999999 0.9186302921875 0.903311390625 0.9371908828125 0.901142425
5 0.9710453843750001 0.8206757890624999 0.9933044625 0.82041678125 0.9953014203125001 0.7959811343750001 0.9674718906249999 0.79728145625 0.9599612937499999 0.8129927921875 0.9710453843750001 0.8206757890624999
5 0.06861542968749999 0.3546462734375 0.0816396609375 0.34765924843749996 0.081696475 0.33789362343749996 0.068763146875 0.3292556484375 0.0465154328125 0.32756153125 0.02786393125 0.3453554953125 0.046356351562499995 0.35490528125 0.06861542968749999 0.3546462734375
5 0.07008125 0.10269314843749999 0.0868607796875 0.0878504546875 0.07024033125 0.0753493984375 0.047981253125 0.07560840625000001 0.03495701875 0.08259543124999999 0.03674944375 0.093316034375 0.044123685937500004 0.1010421984375 0.07008125 0.10269314843749999
5 0.6164341296875 0.5611480390625 0.6033985328125 0.5700881890625 0.6051682328125 0.5847150421875 0.6310917093749999 0.5922253671875 0.6553250203125 0.5714369625 0.6386818453124999 0.56284215625 0.6164341296875 0.5611480390625
5 0.6890886140625 0.5065953249999999 0.696587846875 0.49283711406249997 0.6873643640625 0.48415597187500004 0.676246190625 0.4823323515625 0.659512109375 0.48936254375 0.6575719640625 0.504032565625 0.6686674171875 0.5097624374999999 0.6890886140625 0.5065953249999999
1 0.9279800765624999 0.6052264453125 0.9282104796875 0.5656235046875 0.853070815625 0.566497834375 0.8528404125 0.606100775 0.9279800765624999 0.6052264453125
3 0.6719517140625 0 0.6716123734375 0.05832766406249999 0.997506228125 0.0545355453125 0.9978235078125 0 0.6719517140625 0
3 0.437514396875 0.592552421875 0.438562890625 0.41233183437500004 0.281216521875 0.414162725 0.28016802812499997 0.5943833125 0.437514396875 0.592552421875
3 0.23941702187499997 0.43827985781249995 0.2400678484375 0.3264122109375 0.1378332109375 0.32760181875 0.13718238437500002 0.43946946562500006 0.23941702187499997 0.43827985781249995
3 0.62456969375 0.9404624281249999 0.62426596875 0.9926683109375001 0.957170996875 0.9887946109374999 0.9574747218749999 0.936588728125 0.62456969375 0.9404624281249999
3 0 0.6946809093749999 0.1610978546875 0.6928063671875 0.1613902015625 0.6425563671875001 0 0.6444343109374999 0 0.6946809093749999
7 0.2364371046875 0.6456240265625001 0.23688242499999998 0.569079909375 0.13361426875 0.57028154375 0.1331689484375 0.6468256609374999 0.2364371046875 0.6456240265625001
7 0.5052195875 0.3572584171875 0.5055720796875 0.2966701828125 0.4062145390625 0.29782631249999997 0.405862046875 0.358414546875 0.5052195875 0.3572584171875
7 0.9022751437500001 0.520244559375 0.9027847171875001 0.43265632343749993 0.7197120921875 0.43478656562499995 0.71920251875 0.5223748015624999 0.9022751437500001 0.520244559375