7 0.1732109375 0.44016875000000005 0.3588359375 0.44016875000000005 0.3588359375 0.15393125000000002 0.1732109375 0.15393125000000002 0.1732109375 0.44016875000000005
7 0.650890625 0.8274062499999999 0.7980625 0.8274062499999999 0.7980625 0.5807187500000001 0.650890625 0.5807187500000001 0.650890625 0.8274062499999999
5 0.7587890625 0.34375 0.7529296875 0.34375 0.7373046875 0.371875 0.724609375 0.3859375 0.724609375 0.4046875 0.732421875 0.4265625 0.7451171875 0.4375 0.755859375 0.4359375 0.7724609375 0.43125 0.78515625 0.4109375 0.783203125 0.3796875 0.779296875 0.3671875 0.7705078125 0.353125 0.7587890625 0.34375
5 0.4267578125 0.740625 0.4150390625 0.734375 0.3994140625 0.734375 0.3837890625 0.74375 0.375 0.7578125 0.373046875 0.7984375 0.376953125 0.8140625 0.3955078125 0.846875 0.412109375 0.8484375 0.4228515625 0.846875 0.4345703125 0.8375 0.44921875 0.8078125 0.44921875 0.7890625 0.4453125 0.7671875 0.4267578125 0.740625
5 0.3779296875 0.590625 0.3564453125 0.584375 0.3330078125 0.6 0.3203125 0.6234375 0.318359375 0.6765625 0.32421875 0.6921875 0.3388671875 0.7125 0.3525390625 0.715625 0.3583984375 0.721875 0.37109375 0.7203125 0.3984375 0.6953125 0.404296875 0.6765625 0.404296875 0.6515625 0.3984375 0.6171875 0.3916015625 0.603125 0.3779296875 0.590625
5 0.49609375 0.3453125 0.4873046875 0.33125 0.4697265625 0.31875 0.4541015625 0.31875 0.447265625 0.3296875 0.4453125 0.3421875 0.4296875 0.3671875 0.4296875 0.4265625 0.4482421875 0.45625 0.466796875 0.4578125 0.4892578125 0.44375 0.498046875 0.4296875 0.501953125 0.4046875 0.501953125 0.3671875 0.49609375 0.3546875 0.49609375 0.3453125
2 0.5654296875 0.315625 0.5517578125 0.3125 0.517578125 0.3515625 0.51171875 0.3796875 0.513671875 0.4109375 0.5322265625 0.446875 0.5439453125 0.45625 0.564453125 0.4546875 0.5810546875 0.44375 0.595703125 0.4203125 0.599609375 0.3796875 0.59765625 0.3578125 0.5927734375 0.34375 0.5654296875 0.315625
2 0.0458984375 0.034375 0.0224609375 0.05625 0.013671875 0.0703125 0.01171875 0.1328125 0.015625 0.1515625 0.0263671875 0.16875 0.0517578125 0.184375 0.06640625 0.1828125 0.0830078125 0.16875 0.09765625 0.1421875 0.09765625 0.0890625 0.09375 0.0734375 0.0673828125 0.0375 0.0458984375 0.034375
2 0.1298828125 0.178125 0.1181640625 0.16875 0.1044921875 0.16875 0.0810546875 0.1875 0.0703125 0.2078125 0.06640625 0.2390625 0.068359375 0.2796875 0.07421875 0.3015625 0.0888671875 0.31875 0.12109375 0.3234375 0.1357421875 0.315625 0.15234375 0.2921875 0.15625 0.2671875 0.15625 0.2234375 0.15234375 0.2078125 0.1298828125 0.178125
2 0 0.3203125 0.02734375 0.3203125 0.0439453125 0.303125 0.048828125 0.2921875 0.0546875 0.2578125 0.05078125 0.2171875 0.0458984375 0.20625 0.0283203125 0.1875 0.0029296875 0.18125 0 0.1859375 0 0.3203125
2 0 0.8546875 0.0166015625 0.86875 0.03515625 0.8671875 0.0400390625 0.859375 0.0517578125 0.85625 0.06640625 0.8296875 0.068359375 0.7796875 0.064453125 0.7609375 0.0517578125 0.740625 0.0361328125 0.728125 0.0263671875 0.728125 0 0.7515625 0 0.8546875
2 0.1318359375 0.725 0.1025390625 0.725 0.078125 0.7578125 0.076171875 0.7921875 0.080078125 0.8203125 0.0908203125 0.84375 0.1044921875 0.85625 0.1142578125 0.8625 0.1328125 0.8609375 0.1455078125 0.85 0.162109375 0.8203125 0.162109375 0.7765625 0.158203125 0.7578125 0.1474609375 0.7375 0.1318359375 0.725
2 0.0576171875 0.5875 0.0439453125 0.6 0.029296875 0.6234375 0.02734375 0.6671875 0.03125 0.6921875 0.0400390625 0.7125 0.0634765625 0.73125 0.078125 0.7296875 0.0986328125 0.71875 0.11328125 0.6953125 0.11328125 0.6390625 0.1005859375 0.609375 0.0771484375 0.590625 0.0576171875 0.5875
2 0.3310546875 0.71875 0.2939453125 0.71875 0.2802734375 0.73125 0.271484375 0.7484375 0.2734375 0.8140625 0.2841796875 0.83125 0.2998046875 0.84375 0.3193359375 0.853125 0.326171875 0.8515625 0.3369140625 0.846875 0.35546875 0.8203125 0.359375 0.7984375 0.357421875 0.7640625 0.3515625 0.7453125 0.3310546875 0.71875
2 0.9345703125 0.828125 0.8984375 0.8609375 0.892578125 0.8828125 0.892578125 0.9109375 0.8994140625 0.9375 0.94140625 0.9359375 0.9521484375 0.934375 0.9609375 0.9171875 0.962890625 0.8609375 0.9609375 0.8515625 0.9501953125 0.834375 0.9345703125 0.828125