3 0.536983603125 0.328105409375 0.307364134375 0.33077727343749996 0.311779790625 0.5204918921874999 0.541399259375 0.5178200281249999 0.536983603125 0.328105409375
2 0.55056341875 0.510981809375 0.47537315312499995 0.5118567281249999 0.4774749765625 0.60215958125 0.5526652421875 0.6012846625 0.55056341875 0.510981809375
5 0.3948132234375 0.7629564109375 0.39664667656249997 0.7577920859375 0.3958688078125 0.72437169375 0.3917232140625 0.71413395 0.378698803125 0.7001422765624999 0.37076663125 0.695091584375 0.36490725625 0.6951597656249999 0.3628942953125 0.6926116921875 0.35413515156250003 0.6939993609374999 0.35123538125 0.6953188515625001 0.33892900312499996 0.7121767703125 0.331595190625 0.7328340718749999 0.3320738796875 0.7534004671875 0.334086840625 0.7559485390625 0.33633914531250003 0.768779809375 0.353389478125 0.787867628125 0.363274775 0.79289559375 0.3651680640625 0.79030206875 0.374873853125 0.787617634375 0.38061355625000004 0.78240785625 0.3862934234375 0.774627278125 0.3882465484375 0.7746045515625 0.3948132234375 0.7629564109375
2 0.3608911265625 0.7843659390625 0.29778935624999997 0.7851001953125001 0.29966547499999996 0.8657059031250001 0.36276724531250004 0.864971646875 0.3608911265625 0.7843659390625
5 0.18686297031250002 0.6419443421875 0.18443115625 0.6214006734375 0.1634147375 0.5997875078125 0.14098371875 0.601334265625 0.12459158125 0.610525240625 0.11802490624999999 0.6221733796875 0.11814457812500001 0.627314978125 0.1162512890625 0.6299085062499999 0.11720866562500001 0.6710412953125 0.12230090468749999 0.6799822765625 0.14420413125 0.697727878125 0.1480505453125 0.695111625 0.1636755453125 0.6949298109375001 0.1732616625 0.68710378125 0.1836747515625 0.6728393875 0.1891751109375 0.6573464109375 0.18887593125 0.6444924140625 0.18686297031250002 0.6419443421875
5 0.141902721875 0.7247553625 0.139829925 0.719636490625 0.12881847500000002 0.708192890625 0.12686535000000002 0.7082156171875 0.11881350625 0.6980233250000001 0.11484742031249999 0.6954979781249999 0.1119476515625 0.6968174687500001 0.10514163125 0.6981824109375 0.0936023890625 0.7060311703125 0.08697587812499999 0.7151085109374999 0.08153535468749999 0.7331722859375 0.0821935515625 0.7614510796875 0.08841194218750001 0.776807696875 0.0994233921875 0.7882512968750001 0.10930868906249999 0.7932792609375 0.126826978125 0.790503921875 0.13256668124999998 0.7852941437500001 0.1448132234375 0.765865425 0.144095190625 0.7350158328124999 0.1420822296875 0.732467759375 0.141902721875 0.7247553625
5 0.2087983921875 0.786978603125 0.2248913484375 0.76493363125 0.22849841875000002 0.75203418125 0.23228499687499998 0.7468471296875 0.2319259796875 0.7314223328125 0.225647753125 0.7134949171875 0.2226881484375 0.71224360625 0.2105505453125 0.694384371875 0.206584459375 0.6918590265625 0.193919065625 0.69329215 0.1871130453125 0.6946570921874999 0.1794202171875 0.6998895984375 0.1718470609375 0.7102637015625 0.1698939359375 0.710286428125 0.1595406828125 0.7271216203125 0.1598398640625 0.7399756171874999 0.157946575 0.74256914375 0.1603185515625 0.7605420125 0.166357434375 0.76818623125 0.1664172703125 0.7707570296874999 0.17950151718750001 0.787319503125 0.183467603125 0.7898448484375 0.204951978125 0.7895948546875 0.2087983921875 0.786978603125
5 0.3033753640625 0.7794493609375001 0.3088757234375 0.763956384375 0.31266230156249997 0.7587693328125 0.318102825 0.7407055578125 0.31603002812500003 0.7355866859375 0.31585051875 0.7278742874999999 0.30963212812499996 0.7125176703125 0.3066725234375 0.7112663609375 0.3025867640625 0.7035994171875 0.2867224203125 0.69349803125 0.26819765156250003 0.694999334375 0.2653577171875 0.698889625 0.259558178125 0.701528603125 0.25482495625 0.70801241875 0.24932459687500003 0.7235053953125 0.24553801874999998 0.728692446875 0.2462560515625 0.7595420390625 0.2565003640625 0.7799948015625 0.263545728125 0.7889130546875001 0.267451978125 0.7888676015625 0.2694649390625 0.791415675 0.2909493140625 0.7911656812500001 0.292842603125 0.7885721546875 0.296748853125 0.7885267015624999 0.3033753640625 0.7794493609375001
5 0.2638725484375 0.6770491937500001 0.265646165625 0.6693140671875 0.27309964999999997 0.6537983656249999 0.27286030625 0.6435151671875 0.2708473453125 0.6409670953125 0.2665222421875 0.6230169531249999 0.251425034375 0.6039064078124999 0.2415397375 0.5988784421875 0.2376334875 0.5989238953125 0.2357401984375 0.601517421875 0.2337272375 0.5989693484374999 0.22887434375 0.600311565625 0.22017503437500002 0.604270034375 0.2078088203125 0.618557153125 0.2005348453125 0.64178525625 0.2028469859375 0.657187325 0.204859946875 0.6597353984375001 0.2071122515625 0.6725666671874999 0.2161705765625 0.6840329953125 0.2241027484375 0.6890836859375 0.2280089984375 0.6890382328125 0.230021959375 0.69158630625 0.245646959375 0.69140449375 0.2494335375 0.6862174421875 0.2533996234375 0.6887427859375 0.2638725484375 0.6770491937500001
5 0.44278218125 0.641537946875 0.436503953125 0.6236105328125 0.42738579374999996 0.60957340625 0.41347457343749994 0.5994492953125 0.40761519843749994 0.5995174750000001 0.4056022375 0.5969694015625 0.39879621875 0.5983343453125001 0.390096909375 0.602292815625 0.3740637890625 0.6269085859375 0.37270902499999997 0.65263930625 0.3747219859375 0.655187378125 0.37496132968749996 0.6654705765625 0.38117972031249997 0.6808271921875 0.3862121234375 0.6871973734375 0.39615725625 0.6947961390625 0.41373538125 0.6945915984375 0.4291210375 0.6841265875 0.43764083749999994 0.6724557203125 0.4413675796875 0.66469786875 0.44094872812499997 0.646702271875 0.44278218125 0.641537946875
2 0.5852253468749999 0.3403012328125 0.5728591328125 0.354588353125 0.5692520625 0.367487803125 0.572331340625 0.3738807109375 0.5762974265625 0.37640605625 0.5977818015625 0.3761560625 0.599675090625 0.3735625375 0.61518041875 0.368239125 0.62370021875 0.3565682578125 0.625533671875 0.3514039328125 0.6242878468749999 0.33984669843750004 0.6123895890625 0.3322706625 0.59581794375 0.3337492375 0.5852253468749999 0.3403012328125
5 0.6201637171875001 0.41446806093750005 0.6362566734375 0.392423090625 0.6361370015625 0.387281490625 0.6380302890625 0.3846879640625 0.6376712734375001 0.36926316875 0.6356583125 0.36671509687500004 0.635538640625 0.3615734984375 0.631393046875 0.351335753125 0.627486796875 0.35138120625 0.618966996875 0.36305207500000003 0.6093808796875 0.3708781046875 0.6035215046875 0.370946284375 0.5958286765625 0.3761787890625 0.570378215625 0.3739034375 0.567657953125 0.382935325 0.5678374625 0.3906477234375 0.5699102593750001 0.39576659531249997 0.58293466875 0.40975826875 0.6007521390624999 0.41983692499999997 0.6085646390624999 0.41974601875 0.610457928125 0.41715249375 0.616317303125 0.4170843140625 0.6201637171875001 0.41446806093750005
2 0.7102851828125 0.341417525 0.6903949171875 0.3262199953125 0.673823271875 0.327698571875 0.66127755 0.33427329375000003 0.6546510390625 0.3433506359375 0.649210515625 0.36141441093750004 0.6496293671875 0.37941000625 0.6590467078125 0.40630112812499997 0.6788771390624999 0.418927859375 0.6925490140624999 0.41876877187500006 0.70408825625 0.410920015625 0.71260805625 0.3992491484375 0.7181084140625 0.383756171875 0.7197025234375001 0.36830865 0.7176895625 0.3657605765625 0.715377421875 0.35035850625 0.7102851828125 0.341417525
5 0.20941983749999998 0.43596222031250004 0.21001819843749997 0.4616702140625 0.2120909953125 0.4667890859375 0.2271283671875 0.48332883125 0.23506053906250002 0.4883795234375 0.25080521093749997 0.4933393078125 0.2526985 0.4907457828125 0.25660475 0.4907003296875 0.26512455 0.47902946249999995 0.266958003125 0.4738651359375 0.265472834375 0.45202470625 0.230316584375 0.45243378593749994 0.2182986546875 0.4397161484375 0.21036648281249998 0.43466545781250004 0.20941983749999998 0.43596222031250004
5 0.39174012343750003 0.5469865390625 0.3897271625 0.544438465625 0.38942798125 0.53158446875 0.38326942656249996 0.5187986515625 0.3762839 0.5124511968750001 0.37237765 0.51249665 0.3644454765625 0.5074459578125 0.3478738328125 0.5089245359375 0.339174525 0.512883003125 0.3230815671875 0.534927975 0.321248115625 0.5400923 0.32184647499999997 0.56580029375 0.3238594359375 0.568348365625 0.3239791078125 0.573489965625 0.3410892765625 0.5951485828124999 0.352987534375 0.602724621875 0.362753159375 0.6026109890625 0.3762455265625 0.594739503125 0.39044519375000003 0.5752880578124999 0.390325521875 0.570146459375 0.3922188109375 0.5675529328125 0.39174012343750003 0.5469865390625
5 0.42671230937500004 0.28685854375000003 0.4262934578125 0.26886294843749997 0.4242206609375 0.2637440765625 0.40918328906249996 0.2472043296875 0.397404703125 0.244769890625 0.3953917421875 0.2422218171875 0.3788200984375 0.24370039375000002 0.3720739140625 0.24763613593749997 0.3645007578125 0.2580102390625 0.3625476328125 0.258032965625 0.35787424687499997 0.26708758125 0.3587717875 0.30564957187499997 0.3658769875 0.317138625 0.37576228437500003 0.322166590625 0.3837542921875 0.3297880828125 0.4052386671875 0.32953808906250004 0.4167180734375 0.31911853125 0.427011490625 0.29971254062499997 0.42683198281249995 0.2920001421875 0.42481902031249996 0.2894520703125 0.42671230937500004 0.28685854375000003
5 0.809274734375 0.229691365625 0.7927030890625 0.23116994218750003 0.7793902312500001 0.2467538265625 0.775723325 0.2570824765625 0.7763815203125 0.2853612703125 0.7875126421875 0.30194646875000003 0.7933720171875 0.30187828906249997 0.801364025 0.3094997796875 0.81112965 0.309386146875 0.8206559312499999 0.298989315625 0.8245621812499999 0.2989438625 0.8293552406250001 0.295030846875 0.8330221453125001 0.284702196875 0.8323041140624999 0.2538526046875 0.8251390781250001 0.23979275000000003 0.809274734375 0.229691365625
5 0.795532290625 0.1848501 0.7935193296875 0.18230202812500002 0.7932799859374999 0.17201883125 0.7801359031249999 0.15288555937499998 0.764271559375 0.1427841734375 0.7555124156249999 0.14417184375 0.7429068562500001 0.148175765625 0.724860775 0.1702434640625 0.7212537046875 0.1831429140625 0.72173239375 0.20370930937499998 0.7259378234375 0.216517853125 0.737009109375 0.23053225156249998 0.740915359375 0.2304867984375 0.7528136171875001 0.2380628375 0.7684386171875001 0.2378810234375 0.7818711484375 0.22743874062499997 0.794117690625 0.208010021875 0.79399801875 0.2028684234375 0.7958913078125 0.20027489687500002 0.795532290625 0.1848501
5 0.7526019140625 0.10306178125000001 0.7520633890624999 0.0799245859375 0.74797763125 0.072257640625 0.7450180265624999 0.07100633281249999 0.7329402593750001 0.0557178953125 0.7210420015625 0.0481418578125 0.7103297328125 0.049552254687500005 0.69204430625 0.061336754687499995 0.68352450625 0.073007621875 0.683644178125 0.078149221875 0.6817508890624999 0.08074274687500001 0.6822295781250001 0.1013091421875 0.6842425390625 0.10385721562500001 0.6843622109374999 0.1089988140625 0.690520765625 0.12178462968749999 0.6995192546875 0.1306801578125 0.724969715625 0.1329555109375 0.7269826765625 0.135503584375 0.738641590625 0.1327964234375 0.7452681015625 0.12371908281249999 0.7526019140625 0.10306178125000001
5 0.9847951765625 0.1325036640625 0.9971015546875 0.11564574375 0.9989350078125 0.11048141874999999 0.9983366468750001 0.084773425 0.9963236859375 0.082225353125 0.9962040140624999 0.077083753125 0.98305993125 0.05795048125 0.9751277593750001 0.0528997890625 0.956602990625 0.0544010921875 0.94595055625 0.0583822875 0.93743075625 0.0700531546875 0.9338236859375 0.08295260625 0.9341827031250001 0.0983774015625 0.9361956640625 0.100925475 0.9363153359374999 0.10606707343749999 0.9404609296875 0.1163048171875 0.9475062937500001 0.12522307187499998 0.9594643875 0.13536990937499999 0.9692300125 0.13525627499999998 0.9712429734375 0.1378043484375 0.9750893875 0.1351880953125 0.9809487625 0.135119915625 0.9847951765625 0.1325036640625
5 0.5886590859374999 0.11011242031249999 0.588180396875 0.089546025 0.5861076 0.084427153125 0.5630183843750001 0.057695115625 0.5591121343750001 0.05774056875 0.5511799625 0.052689878125 0.5365614437499999 0.054145728125 0.52602868125 0.063268521875 0.51750888125 0.0749393875 0.515675428125 0.0801037140625 0.5162737890625 0.1058117078125 0.51828675 0.10835977968749999 0.518406421875 0.1135013796875 0.5265779375 0.12883526875 0.5356362625 0.1403015953125 0.543568434375 0.1453522875 0.553334059375 0.1452386546875 0.5590737625 0.140028875 0.572625965625 0.13472819062500002 0.5868256328125 0.11527674531250001 0.5886590859374999 0.11011242031249999
5 0.6422188109375 0.5646439187500001 0.6397271625000001 0.541529453125 0.6377142015625 0.5389813796875 0.6375346921875 0.5312689828125 0.6333890984375 0.5210312375 0.6243906109374999 0.5121357093750001 0.6185312359374999 0.5122038890625 0.616518275 0.5096558171875001 0.6097122546875 0.5110207609375 0.6029062359374999 0.5123857015625 0.5952134078125 0.5176182093749999 0.5811932484375 0.5447820531249999 0.5815522640624999 0.5602068484375 0.5899032875 0.583253134375 0.6009745734374999 0.597267534375 0.6048808234374999 0.59722208125 0.606893784375 0.5997701546875 0.6107401984374999 0.5971539015625 0.6205058234374999 0.59704026875 0.6301517765625 0.5917850359375 0.6367782875 0.5827076953125 0.63849206875 0.572401771875 0.6422188109375 0.5646439187500001
2 0.6565749015625 0.9296292484374999 0.656215884375 0.9142044531250001 0.64999749375 0.8988478359375 0.6408793328125 0.8848107093750001 0.62702795 0.8772574000000001 0.6202219312499999 0.878622340625 0.6114627859375 0.8800100109375 0.6037699578125 0.8852425171875 0.5932970328125 0.8969361093750001 0.5858435484375 0.9124518140625 0.5863222375 0.933018209375 0.5926004640625 0.9509456234375 0.6016587890625 0.9624119515625 0.615510171875 0.9699652625 0.631135171875 0.9697834500000001 0.640781125 0.9645282156249999 0.6511942140625 0.9502638234375 0.6548611203125 0.939935171875 0.6546816125 0.932222775 0.6565749015625 0.9296292484374999
2 0.142893915625 0.43159332812500006 0.12656161562499998 0.44335510312500004 0.1163878703125 0.46790269218749997 0.11858033906250001 0.4781631625 0.126871528125 0.4986386515625 0.1319039296875 0.5050088328125 0.1455758046875 0.504849746875 0.159068171875 0.49697826093749997 0.1618482703125 0.4905171734375 0.1694812609375 0.48271386875 0.1749816203125 0.46722089218749996 0.17260964375 0.449248021875 0.161478521875 0.43266282343749995 0.1575124359375 0.430137478125 0.142893915625 0.43159332812500006
11 0.8098760265625 0.968989359375 0.8128954687500001 0.9728114671875 0.8187548437500001 0.9727432874999999 0.8228406015624999 0.9804102328125 0.8267468515624999 0.9803647796874999 0.8324267187500001 0.9725842015625 0.8441454687500001 0.972447840625 0.8469854015625 0.968557553125 0.8439659609374999 0.9647354421875001 0.8340806640625 0.9597074781250001 0.81750901875 0.9611860546875001 0.812656125 0.9625282687500001 0.8098760265625 0.968989359375
11 0.7750957015625 0.8176758234375001 0.7748563578125001 0.807392625 0.7727835609375 0.8022737531249999 0.7637252359375 0.7908074265625 0.76076563125 0.7895561171875001 0.7596993140625 0.78571128125 0.7517671421875 0.7806605890625 0.7439546421875 0.780751496875 0.7419416812499999 0.7782034234374999 0.7331825375000001 0.77959109375 0.722530103125 0.7835722875 0.7083304359375 0.8030237328125001 0.7046635296875 0.813352384375 0.7053217265625 0.841631178125 0.7115401171875 0.8569877937499999 0.7205984421875 0.868454121875 0.7324967 0.8760301593750001 0.75202795 0.8758028921875001 0.7635671921875 0.8679541343749999 0.7758735703124999 0.8510962140625 0.7757538984375 0.845954615625 0.7776471875000001 0.8433610890625 0.7771086625 0.8202238953125001 0.7750957015625 0.8176758234375001
11 0.736832534375 0.9364098546875 0.7387258234375 0.9338163265625001 0.738007790625 0.9029667343750001 0.7318492359375 0.8901809187499999 0.7227909109375 0.878714590625 0.7089395281249999 0.8711612796875 0.6943210078125001 0.8726171296875 0.6817752859375 0.8791918515624999 0.6676354546875001 0.9012140953125 0.6658020015624999 0.906378421875 0.666520034375 0.9372280140625 0.670665628125 0.9474657578125001 0.6836900390625 0.96145743125 0.691562375 0.9639373234375 0.697541421875 0.9690107421875 0.715119546875 0.968806203125 0.718906125 0.9636191500000001 0.7286119140625 0.9609347171874999 0.7333451359375001 0.9544509031249999 0.7370120421874999 0.944122253125 0.736832534375 0.9364098546875
11 0.8203873249999999 0.875007459375 0.8281998249999999 0.874916553125 0.851278309375 0.8592190359374999 0.8579048203124999 0.85014169375 0.861511890625 0.8372422437499999 0.8613323828125001 0.829529846875 0.863225671875 0.8269363203125 0.8629863265625 0.8166531234375001 0.860973365625 0.81410505 0.860734021875 0.8038218531249999 0.843623853125 0.782163234375 0.8298921421875001 0.7797515234375 0.8278791812499999 0.77720345 0.8113075375 0.7786820265625 0.79882165 0.787827546875 0.7884085609375 0.802091940625 0.7865751078125001 0.807256265625 0.7868742875 0.8201102625000001 0.7849809984375 0.8227037890625001 0.785100671875 0.8278453875 0.7871136328125 0.8303934609375 0.7874128125000001 0.84324745625 0.791438734375 0.8483436031249999 0.7935713671875 0.856033275 0.800497059375 0.8598099296875 0.8065359421875 0.8674541484375 0.8104421921875 0.8674086937500001 0.8203873249999999 0.875007459375
11 0.7796325078125 0.9706270218749999 0.7893981328125 0.9705133874999999 0.8086900390625 0.9600029250000001 0.8134232609375 0.9535191093750001 0.813363425 0.950948309375 0.819103128125 0.94573853125 0.82093658125 0.94057420625 0.8207570734375 0.9328618078125 0.8226503624999999 0.9302682828125001 0.8220520015625 0.9045602890625 0.820039040625 0.902012215625 0.8198595328125 0.8942998171875001 0.8157139390625 0.8840620734375 0.8086685749999999 0.8751438203124999 0.7967703171875 0.86756778125 0.7870046921875 0.8676814140625 0.78499173125 0.865133340625 0.7820919609375 0.8664528312499999 0.7733328171875 0.8678405015624999 0.7656399890625 0.87307300625 0.7513804859375 0.8899536515625 0.74765374375 0.8977115031249999 0.7480725953125 0.9157070984375 0.74617930625 0.918300625 0.7481922671875 0.920848696875 0.7463588156250001 0.926013021875 0.7483717765625 0.9285610953125 0.748551284375 0.9362734937500001 0.752696878125 0.9465112375 0.76773425 0.9630509828125 0.7716405 0.9630055296875 0.7796325078125 0.9706270218749999
7 1 0.787336828125 0.867954096875 0.7888733203125 0.872448240625 0.9819601 1 0.9804759015625001 1 0.787336828125
3 0.683751684375 0.6123166078125 0.44143309999999997 0.6151362390624999 0.4473743234375 0.8703954109375 0.6896929078125 0.8675757796875001 0.683751684375 0.6123166078125
3 1 0.3102857046875 0.7294376859375 0.3134339828125 0.738073796875 0.6844764984375 1 0.6814287109375 1 0.3102857046875
3 0.368014815625 0.041041621875 0.14844844375 0.043596507812500004 0.152359825 0.21164542968750003 0.371926196875 0.20909054375 0.368014815625 0.041041621875
3 0.984152871875 0.1442020203125 0.835285615625 0.1459342484375 0.83879859375 0.29686610625 0.98766585 0.295133878125 0.984152871875 0.1442020203125