5 0.84849320625 0.23364504843749997 0.8313427078125001 0.2010149390625 0.8082253921874999 0.200476878125 0.789629275 0.2176245515625 0.795266565625 0.242173128125 0.8102416874999999 0.2513119328125 0.84849320625 0.23364504843749997
5 0.875493646875 0.21624103125 0.8755486484375 0.2067870171875 0.86542928125 0.1821252015625 0.8452926390625001 0.1876659 0.8589698546875001 0.2211918609375 0.87080185 0.220859534375 0.875493646875 0.21624103125
5 0.8618156484374999 0.1294487921875 0.8432990703125001 0.13292459375000001 0.85237555 0.1624366921875 0.88236743125 0.15730528125 0.8618156484374999 0.1294487921875
5 0.8667913625000001 0.0690095296875 0.8460085046874999 0.064619025 0.8390051312500001 0.0761763578125 0.8550168062499999 0.10584987500000001 0.8816414921875 0.0996327078125 0.8667913625000001 0.0690095296875
5 0.8434316421875 0.706247490625 0.82628114375 0.6736173812499999 0.7869135296875001 0.6844214281250001 0.798267653125 0.7198467078124999 0.8260084328125 0.7204923812499999 0.8434316421875 0.706247490625
5 0.8349258328125 0.7773482296875 0.8454138468749999 0.7629419234375 0.840915378125 0.741349934375 0.8213281546875001 0.7301503953124999 0.798199475 0.731565459375 0.786538553125 0.7488745515625 0.789875475 0.7714161984375 0.807162328125 0.7806088078125 0.8349258328125 0.7773482296875
5 0.8484300812500001 0.6419019765625 0.83124549375 0.61513124375 0.805805084375 0.6164925015625 0.7895206984375001 0.63369398125 0.8032206421874999 0.6633136953125 0.8240262265625 0.66379795 0.8484300812500001 0.6419019765625
5 0.8404267703125001 0.8253343109375001 0.8405404000000001 0.8058030578125001 0.8209759046875 0.7906972671875 0.800158953125 0.792166140625 0.7861976640624999 0.8074683 0.7929737765625 0.8349734703125 0.8230149250000001 0.8376260734375001 0.8404267703125001 0.8253343109375001
5 0.8064237359374999 0.9075619328125001 0.7902416156250001 0.9071852890625 0.7785579640625 0.9284006328125001 0.7899461796875 0.9579665390625 0.835121528125 0.9424141968749999 0.8064237359374999 0.9075619328125001
5 0.8083362953125001 1 0.8025641171875 0.9748640359375 0.810683584375 0.97016954375 0.7875662703125 0.9696314828125001 0.77127051875 0.9887860906249999 0.7738456609375 1 0.8083362953125001 1
5 0.7725229703125 0.9722114312500001 0.753049378125 0.9414806406249999 0.73224379375 0.9409963859375001 0.71598213125 0.9542916171875 0.7170186859375 0.9748263312500001 0.7365831828125 0.9899321234375 0.7725229703125 0.9722114312500001
5 0.7171777671874999 0.9474825843750001 0.7242493171875 0.9242065015625001 0.688525425 0.90481781875 0.6583365624999999 0.9275558374999999 0.6651467640625001 0.9492016328125 0.6997886484375 0.9558681 0.7171777671874999 0.9474825843750001
5 0.699217975 0.8552552609375 0.6749731999999999 0.8498074796875 0.6656353703125 0.86521725625 0.6689836546875 0.8858057796875001 0.69321706875 0.89320668125 0.699217975 0.8552552609375
5 0.7729976875 0.691911090625 0.788120528125 0.6756592671874999 0.7686582984375 0.642975353125 0.7408834296875 0.6481890515625001 0.7269107734375 0.6654443437500001 0.7279927828125 0.67816655625 0.7521807421875 0.693379959375 0.7729976875 0.691911090625
5 0.8490550421874999 0.5344801015625 0.8365280078125 0.50195760625 0.8087985921874999 0.49935880781249997 0.79716039375 0.512761653125 0.7981855859375 0.5352494921875001 0.81776144375 0.54840215625 0.8490550421874999 0.5344801015625
5 0.778666540625 0.512331203125 0.7938007453125 0.49412625312499997 0.7720040578125 0.46529478593749996 0.7349140875 0.4820120109375 0.735939278125 0.5044998515625 0.7486026703124999 0.513584846875 0.778666540625 0.512331203125
5 0.903417978125 0.33063951875 0.9058206140625 0.31506832500000004 0.8886019390625 0.2941569671875 0.8678077171874999 0.291719584375 0.8515346921875 0.306967940625 0.8605884500000001 0.34038629062500003 0.8860061343750001 0.3429312859375 0.903417978125 0.33063951875
5 0.8501004343749999 0.3547926 0.845613328125 0.331247490625 0.8283378375 0.32010175625000004 0.8051864328124999 0.325423071875 0.7935141453125001 0.3446852890625 0.7945961515625 0.35740750625 0.8164951046875 0.3686608484375 0.8501004343749999 0.3547926
5 0.7935457078125 0.1405568234375 0.7890245124999999 0.1228710875 0.7648479125 0.1057045609375 0.741696509375 0.11102587343749999 0.73235868125 0.1264356484375 0.7483703562499999 0.156109165625 0.7807573234375 0.152956203125 0.7935457078125 0.1405568234375
5 0.43977881874999997 0.7408036296875 0.45493574687500005 0.7186924296874999 0.4285042328125 0.6917064749999999 0.40768728593750003 0.69317534375 0.38907980468750003 0.71227614375 0.3947284609375 0.7348715953125 0.4120153109375 0.74406420625 0.43977881874999997 0.7408036296875
5 0.6066918968749999 0.8628686359375 0.5663104546875 0.8492317187499999 0.550014703125 0.868386325 0.5591479984375 0.8881327984375 0.5845429578125 0.894584040625 0.6066918968749999 0.8628686359375
5 0.488030375 1 0.49616309999999997 0.9843362828125001 0.5262042499999999 0.9869888859374999 0.541293 0.9765964421875 0.55067628125 0.9533741656249999 0.5311231484375 0.93631525 0.489432440625 0.9490186140624999 0.4861750546875 0.9128050953125 0.45730681874999995 0.9072497015625001 0.43284615000000004 0.9389113 0.4547223765625 0.9540708953125 0.4847976125 0.950864128125 0.48468398281249997 0.9703953765625 0.43844935312500005 0.969319253125 0.43281206250000004 0.9447706765625 0.41091310468750003 0.93351733125 0.3784238734375 0.95424841875 0.3875117171875 0.9818073937499999 0.42451078437499995 0.9807151671875 0.43639762187500003 1 0.488030375 1
5 0.5957720890625 0.951493696875 0.61091765625 0.9313356265625 0.59373306875 0.9045648921874999 0.5636691984375 0.9058185359375001 0.547373446875 0.9249731421874999 0.5507217328125 0.9455616671874999 0.57032031875 0.9548080796875 0.5957720890625 0.951493696875
5 0.4399631515625 0.90782271875 0.4400540546875 0.89219771875 0.42048955781249997 0.8770919312500001 0.3950377875 0.8804063125000001 0.38339958749999997 0.8938091578125 0.394799165625 0.9214219359375001 0.4179051171875 0.923913121875 0.4399631515625 0.90782271875
5 0.28165814375 0.6970788453125001 0.2863725140625 0.6815614578125 0.2737659375 0.6627108374999999 0.2483596171875 0.65821271875 0.22279421406250002 0.6810583515624999 0.2342165171875 0.7047648828125 0.25731110625000003 0.70920919375 0.28165814375 0.6970788453125001
5 0.28899104531250003 0.6288808890625 0.26952881562500003 0.596196975 0.24871186875 0.59766584375 0.22548092187500002 0.6166590328125 0.239158140625 0.65018499375 0.2692333796875 0.646978225 0.28899104531250003 0.6288808890625
5 0.17279086875 0.7316593328125001 0.160161565625 0.7167149625 0.1324435125 0.712163034375 0.10917847812499999 0.7370156 0.12290114999999999 0.7627290640625 0.1529422953125 0.7653816671875 0.17279086875 0.7316593328125001
5 0.119757396875 0.706984290625 0.08404486875 0.6856424828125001 0.0562359125 0.6967155578125 0.0722021359375 0.7342015765625 0.10225464843750001 0.73490105625 0.119757396875 0.706984290625
5 0.6238625953125 0.6933234046875 0.6043549140625 0.668451990625 0.5812376 0.6679139296875001 0.5556949203125 0.6868533125 0.571683871875 0.7204330796875 0.601759109375 0.717226309375 0.6238625953125 0.6933234046875
5 0.6701881265625 0.6787745265625 0.6749138593749999 0.6613040140625001 0.662295921875 0.6444065203125 0.63918996875 0.6419153328125 0.615947659375 0.6628616484375 0.6273585984375 0.688521303125 0.6481528203125 0.6909586828125 0.6701881265625 0.6787745265625
5 0.608376140625 0.7720752265625 0.62351034375 0.7538702796875 0.599401925 0.7249850046875 0.5739501515625001 0.7282993859375 0.5576771265625 0.74354774375 0.5610026859375 0.7680425125 0.5852247359375 0.7773965421875 0.608376140625 0.7720752265625
5 0.5784208421875 0.3572594421875 0.6154199109375 0.35616721562500003 0.6306222906250001 0.32624351875 0.613380890625 0.30923840937499997 0.58795184375 0.3086465421875 0.5114147171875 0.349839690625 0.5170406453124999 0.376341390625 0.5505096203125001 0.38591064375 0.5784208421875 0.3572594421875
5 0.5710854203125 0.227188309375 0.5515209234375 0.21208251875 0.5144423140625001 0.2268466203125 0.5281195359375 0.26037258125 0.5709490640625 0.2506258078125 0.5710854203125 0.227188309375
5 0.626589703125 0.2245734046875 0.6187088546874999 0.188252271875 0.590990803125 0.1837003484375 0.5724174109375 0.1969417734375 0.58608326875 0.23242086093749997 0.6115009515625001 0.23496585312499998 0.626589703125 0.2245734046875
5 0.5732809953125 0.0485042734375 0.6171811671875 0.0534328390625 0.6300718187500001 0.0234553390625 0.6243436234375 0.014531759375 0.5711737968749999 0.013294217187499999 0.5617905140625 0.0365164953125 0.53637283125 0.0339714984375 0.517788075 0.04916605 0.52226381875 0.0746642890625 0.556917065625 0.07937763125 0.5732809953125 0.0485042734375
5 0.6678574562499999 0.085866575 0.6829802953125 0.0696147515625 0.6611949734375 0.038830159375 0.6241277281250001 0.051641132812500004 0.6274419250000001 0.07808903125 0.6424056828125 0.08918095781249999 0.6678574562499999 0.085866575
5 0.5183701109375 0.14782576875 0.5012082484375 0.1171487828125 0.475767840625 0.118510040625 0.4571830859375 0.133704590625 0.4731606734375 0.169237484375 0.50323590625 0.1660307140625 0.5183701109375 0.14782576875
5 0.3483637828125 0.358741665625 0.35077778125000003 0.341217346875 0.33815984062500004 0.324319853125 0.312742159375 0.321774859375 0.29177749375 0.34863435468750004 0.30322252031249997 0.36843463593750003 0.32864020625 0.370979628125 0.3483637828125 0.358741665625
5 0.4086619734375 0.3269375015625 0.386899375 0.29224665625 0.349798040625 0.31091700625 0.36811008749999996 0.34259745625 0.3935391328125 0.34318932343749997 0.4086619734375 0.3269375015625
5 0.18177139375 0.38025825 0.18419675468750002 0.36078080625000003 0.15310768749999998 0.3395466125 0.1275195609375 0.36629849375 0.133190940625 0.38498769374999997 0.157412990625 0.3943417234375 0.18177139375 0.38025825
5 0.23976921406249999 0.346447153125 0.22491908437500002 0.3158239765625 0.19717830625 0.315178303125 0.17625909374999998 0.334225296875 0.1968828703125 0.365959553125 0.22233464218750001 0.3626451703125 0.23976921406249999 0.346447153125
5 0.184821715625 0.25335893125000003 0.1699943109375 0.218829503125 0.144553903125 0.2201907609375 0.128292240625 0.23348599375 0.1293287953125 0.254020709375 0.1465929234375 0.2671195671875 0.184821715625 0.25335893125000003
5 0.3942436359375 0.22209557656249998 0.4093664765625 0.2058437546875 0.387592515625 0.1731060296875 0.34820217656249997 0.1878163296875 0.3515504625 0.20840484843749998 0.37342668749999997 0.2235644453125 0.3942436359375 0.22209557656249998
5 0.409730090625 0.1433437546875 0.3902564984375 0.11261296406250002 0.36480472656249996 0.1159273453125 0.35083207031249997 0.1331826328125 0.3714444828125 0.1668700140625 0.3945845234375 0.163501825 0.409730090625 0.1433437546875
5 0.46105406562500006 0.0644493609375 0.46577979531249997 0.0469788484375 0.43932555781250004 0.0238991421875 0.41617414999999996 0.02922045625 0.40217877187499995 0.050381995312500004 0.4158900765625 0.0780485796875 0.4343839296875 0.078479028125 0.46105406562500006 0.0644493609375
5 0.2516207828125 0.09766584375000001 0.28630811718750004 0.09651981093749999 0.29922149375 0.062636059375 0.284269096875 0.0495910046875 0.24725866562499998 0.05263635625 0.23358145000000002 0.0191103953125 0.20122856875 0.016403984375 0.1860489140625 0.0424214296875 0.206684053125 0.072202559375 0.1845692046875 0.098058590625 0.198337328125 0.11595955312499999 0.23070156874999997 0.1167128390625 0.2516207828125 0.09766584375000001
5 0.12732386406250001 0.2012325296875 0.10775936875 0.1861267375 0.0706466703125 0.2067502140625 0.0912818109375 0.23653134531250003 0.129533328125 0.218864459375 0.12732386406250001 0.2012325296875
5 0.0795274546875 0.07119634687500001 0.0727399796875 0.0456443046875 0.0577648578125 0.036505503125 0.034636179687500004 0.0379205640625 0.0206635234375 0.05517585625 0.0217341671875 0.06985119375 0.045922125 0.0850645953125 0.0795274546875 0.07119634687500001
5 0.13520218281250002 0.03928456875 0.12838061875 0.019591903124999997 0.108793396875 0.0083923609375 0.0763041609375 0.029123451562500003 0.09462757031249999 0.058850778125 0.115433153125 0.0593350328125 0.13520218281250002 0.03928456875
5 0.0596902484375 0.10296555781250001 0.0411963953125 0.1025351078125 0.02490064375 0.12168971718749999 0.050238790624999995 0.137906584375 0.07001918124999999 0.11590299687500001 0.0596902484375 0.10296555781250001
5 0.070490115625 0.43236305625 0.063702640625 0.40681101093749994 0.0464157875 0.3976184015625 0.0115920953125 0.42220193593750005 0.027615134375 0.449922328125 0.05536727500000001 0.44861487968749997 0.070490115625 0.43236305625
5 0.12309179374999998 0.5312568468750001 0.1232167859375 0.5097724703125001 0.10365229218750001 0.49466668281250004 0.06655095625 0.5133370328125 0.0779278046875 0.5448560640625 0.10103376093750001 0.54734725 0.12309179374999998 0.5312568468750001
5 0.23674161875 0.46944022500000004 0.21495629374999997 0.4386556265625 0.1778663234375 0.455372853125 0.1984787359375 0.489060234375 0.2216187765625 0.48569204531250004 0.23674161875 0.46944022500000004
5 0.4457999234375 0.500676865625 0.4609454890625 0.48051879375000006 0.439160165625 0.44973419843749995 0.40204746875 0.4703576765625 0.4053730296875 0.49485244687499996 0.4249716125 0.5040988625 0.4457999234375 0.500676865625
5 0.5543490390625 0.5207838796875001 0.5312544515625001 0.5163395687500001 0.5150041515625 0.5276816765625 0.5240238171875 0.566959403125 0.5668647124999999 0.555259503125 0.5543490390625 0.5207838796875001
5 0.9955375156249999 0.591607728125 0.9747319328125 0.5911234734375 0.9538127203125001 0.610170471875 0.9652122953125 0.6377832484375 0.9964149890625 0.63948619375 0.9955375156249999 0.591607728125
5 0.9963354484375 0.65315806875 0.9743910453125 0.6497172250000001 0.9558062875 0.664911775 0.961420853125 0.693366603125 0.9856429 0.7027206328125 0.9960968265625001 0.6941736953125 0.9963354484375 0.65315806875
5 0.9922031203125 0.767335175 0.9690744421874999 0.7687502375 0.948155225 0.7877972328125 0.9618438093749999 0.81937006875 0.9954036875 0.813314321875 0.9922031203125 0.767335175
5 0.9941625999999999 0.8279358562500001 0.9687449171875 0.8253908609374999 0.9478256999999999 0.844437859375 0.954613178125 0.8699899 0.9950514359374999 0.87386119375 0.9941625999999999 0.8279358562500001
5 0.9979123718749999 0.1834046046875 0.9678598609375 0.182705125 0.9492637421874999 0.1998528 0.9629864140625 0.22556626249999998 0.9988239343749999 0.2254236953125 0.9979123718749999 0.1834046046875