7 0.8364481874999999 0.8317113468749999 0.83860813125 0.646086346875 0.55237063125 0.644421065625 0.5502106875 0.8300460656249999 0.8364481874999999 0.8317113468749999
7 0.4152189953125 0.35154868125 0.41693149375000005 0.20437680625 0.17024399375 0.2029416203125 0.1685314953125 0.35011349531249997 0.4152189953125 0.35154868125
5 0.592108040625 0.2788540515625 0.6108580406249999 0.2789631359375 0.6250682640624999 0.26634963749999996 0.6533750765625 0.2508882640625 0.65344325625 0.2450288890625 0.6442046171875 0.233255596875 0.6302443859375 0.2243847203125 0.617789840625 0.22040574687499997 0.5865625671875 0.218270815625 0.56610234375 0.230847953125 0.5612216671875 0.24742224531249998 0.5595341703125001 0.25815534218749997 0.570323946875 0.2709142875 0.592108040625 0.2788540515625
5 0.194267240625 0.62812578125 0.2349149671875 0.6264090062500001 0.24907973593750002 0.61770175625 0.25863654999999997 0.6021312984375 0.2588183625 0.5865062984375 0.2527047234375 0.5747511875 0.2263581265625 0.5560419640625 0.2045285796875 0.5520084484375001 0.1857785796875 0.5518993640625001 0.1559206296875 0.566375084375 0.1464092703125 0.5780392921875 0.14472177343749998 0.5887723890625 0.146091096875 0.6053830421875 0.17868769375 0.624128628125 0.194267240625 0.62812578125
5 0.27980702343749997 0.6628054390625 0.2999490734375 0.67757205 0.31550589375000004 0.6835223296875 0.36865362031250004 0.6818782765625 0.39223884375 0.6693193187500001 0.4081365625 0.6459727234375 0.40213655625 0.6244519859375 0.38979564375 0.6107073890625 0.3758126859375 0.6037896375 0.3415058671875 0.597730275 0.31650586718749996 0.5975848296875 0.2976876859375 0.6033351203125 0.27236951249999997 0.630533425 0.270659290625 0.643219646875 0.276841109375 0.6491153828125 0.27980702343749997 0.6628054390625
5 0.6261763124999999 0.5739940953125 0.6513581265624999 0.5585145406249999 0.663880853125 0.5566341390625 0.674897896875 0.5498618343749999 0.6750797093750001 0.5342368343749999 0.66278425 0.5165859859374999 0.6488240203125 0.5077151109375 0.6394490203125 0.50766056875 0.6270171999999999 0.5017284703125 0.5895172 0.5015103015625 0.564471746875 0.50527110625 0.5503069765624999 0.5139783546875 0.5359831203125001 0.5363574796874999 0.5373297171875 0.5549212578125 0.5668013125 0.5736486625 0.6261763124999999 0.5739940953125
2 0.583403559375 0.48975519062500006 0.6146308328125001 0.49189012187500003 0.6428240125 0.4861943734375 0.6822842296875 0.4522419453125 0.6793183171875 0.4385518890625 0.651511490625 0.4110445140625 0.63750580625 0.40607988749999996 0.6156535328125 0.40399949687500003 0.5749830796875 0.4076693984375 0.5513751296875 0.42218147968749997 0.5402444531249999 0.4387194109375 0.5384433234375 0.4592181328125 0.5476819625 0.47099142499999996 0.583403559375 0.48975519062500006
2 0.8369832593750001 0.989311065625 0.85568780625 0.9933263999999999 0.9182105328124999 0.9917368890624999 0.9323753031249999 0.9830296390625 0.9545230234375 0.9597194046874999 0.9516480171874999 0.9382168484375001 0.9160173265625 0.9116405828125 0.9004377796874999 0.9076434296875 0.8473127796875 0.9073343578124999 0.8205798296875001 0.9218282578125001 0.806324153125 0.9383480078125 0.804591203125 0.9529873546875001 0.8199207562499999 0.9784688828125001 0.8369832593750001 0.989311065625
2 0.7094718796875 0.9358312812499999 0.750074153125 0.9380207546875001 0.78136960625 0.9342963125000001 0.801807103125 0.9236723 0.8208298234375 0.9003438828125001 0.820988909375 0.8866720078125001 0.8117502703125 0.8748987156249999 0.7823241265624999 0.8522650625000001 0.7667445796875 0.8482679078125 0.7229945796874999 0.848013378125 0.6979491265625 0.8517741828125001 0.67431845 0.8682393890625001 0.6663355 0.8828423750000001 0.670648009375 0.9150962093749999 0.687665059375 0.9298446406249999 0.7094718796875 0.9358312812499999
2 0.806718625 1 0.8011934828125 0.976406675 0.7826480234375001 0.958719465625 0.7717673406250001 0.9537730203124999 0.73118779375 0.9496304203125 0.6967446125000001 0.9552898078125001 0.685750296875 0.9601089875 0.6683696203125 0.97661055625 0.668097459375 1 0.806718625 1
2 0.2381098015625 1 0.26054575625 0.9752145343749999 0.260659390625 0.9654489093749999 0.248341203125 0.9497511875000001 0.2281764265625 0.9369377 0.2094718796875 0.9329223656250001 0.15944915312500002 0.9345845984375 0.13271620312500002 0.9490785 0.12945484375 0.9607790703125 0.12158552656249999 0.96561643125 0.1198071234375 0.984162028125 0.132973640625 1 0.2381098015625 1
2 0.1456707359375 0.9100887234374999 0.168983240625 0.920967265625 0.19706278593749998 0.9250371421875 0.2314605125 0.92328400625 0.264557096875 0.899060840625 0.264897996875 0.869763965625 0.252579809375 0.8540662421875 0.23239230625 0.84320588125 0.213687759375 0.839190546875 0.169937759375 0.838936015625 0.1400570828125 0.8553648624999999 0.128971859375 0.8679965421875 0.12719345625 0.8865421390625 0.1333298234375 0.896344125 0.1456707359375 0.9100887234374999
2 0.2965400734375 0.9705408 0.3214946203125 0.9745924968749999 0.365267346875 0.9728939015625 0.388875296875 0.9583818187500001 0.40153438281250003 0.9447826671874999 0.39863665 0.9252332359375 0.3801593703125 0.9016866515625 0.35061959374999996 0.8888186234375001 0.29436959375 0.8884913703124999 0.27076164375 0.9030034515625 0.2595855125 0.9234476328125 0.2578525625 0.9380869796875 0.27632984375 0.9616335640625 0.2965400734375 0.9705408
2 0.1604206765625 0.716802071875 0.1774831796875 0.727644253125 0.24308545312500002 0.7299791734375 0.26037522343749997 0.7212901046875 0.273034309375 0.7076909515625001 0.2734661171875 0.6705815765625001 0.24714224687500003 0.649919228125 0.2284604265625 0.64395076875 0.19410815312500002 0.64179765625 0.1721877 0.6455766406250001 0.14540929687499998 0.6639767921875 0.14059680000000002 0.674691709375 0.13895475625 0.68151855625 0.148102490625 0.7011043484374999 0.1604206765625 0.716802071875
2 0.11593753281250001 0.10810365156249999 0.1378807140625 0.1023715421875 0.17111365625 0.0664296265625 0.1650454703125 0.050768265624999996 0.14798296718749998 0.039926084375 0.13863069374999998 0.0379184171875 0.0823579671875 0.0395442890625 0.065068196875 0.0482333578125 0.0633807 0.0589664546875 0.0613295765625 0.1009495515625 0.0878125328125 0.107940025 0.11593753281250001 0.10810365156249999