5 0.80078125 0.2092117046875 0.8183593734375 0.190717853125 0.8183593734375 0.16760053749999998 0.7861328109375 0.15026255156249999 0.767578125 0.188406121875 0.7763671890625 0.2034323765625 0.80078125 0.2092117046875
5 0.83203125 0.153730146875 0.8380398203125001 0.1336284625 0.8136168421875001 0.12336700625000001 0.8041628281250001 0.12336700625000001 0.7994357625 0.1280313015625 0.798828125 0.13985976093750002 0.83203125 0.153730146875
5 0.863250565625 0.11683698437500001 0.857421875 0.14679495468749998 0.88671875 0.156041878125 0.890625 0.1375480265625 0.863250565625 0.11683698437500001
5 0.955078125 0.153730146875 0.951171875 0.1329245640625 0.9208984375 0.11789830781249999 0.9140624984375 0.1444832234375 0.9433593734375 0.16066534375 0.955078125 0.153730146875
5 0.345703125 0.16991226875 0.3134765625 0.15257428125 0.298828125 0.16991226875 0.298828125 0.1976530484375 0.3339843734375 0.2092117046875 0.345703125 0.16991226875
5 0.23828125 0.188406121875 0.2470703125 0.20574410781250002 0.26953125 0.2092117046875 0.2871093734375 0.1976530484375 0.2890624984375 0.17453573125 0.2783203125 0.1548860125 0.2568359359375 0.15026255156249999 0.2421875015625 0.16066534375 0.23828125 0.188406121875
5 0.3847656265625 0.20689997343750002 0.40234375 0.190717853125 0.404296875 0.16528880625 0.3779296875 0.1479508203125 0.35546875 0.172224 0.35546875 0.193029584375 0.3847656265625 0.20689997343750002
5 0.18359375 0.2022765109375 0.2109375015625 0.2092117046875 0.2265624984375 0.19534131875 0.2285156265625 0.17453573125 0.2138671890625 0.1548860125 0.1943359359375 0.1548860125 0.1816406265625 0.172224 0.18359375 0.2022765109375
5 0.111328125 0.2045882421875 0.111328125 0.188406121875 0.0771484375 0.159509478125 0.060546875 0.2045882421875 0.08984375 0.2161469015625 0.111328125 0.2045882421875
5 0.029296875 0.22308209531249998 0.048828125 0.20689997343750002 0.048828125 0.183782659375 0.0439453125 0.19187371875 0.0048828109375 0.18262679375 0 0.2161469015625 0.029296875 0.22308209531249998
5 0.0625 0.27856365312500003 0.076171875 0.26238153125 0.076171875 0.241575946875 0.0458984375 0.22192622968750003 0.02734375 0.25775806874999996 0.041992189062500004 0.2774077875 0.0625 0.27856365312500003
5 0.08789062656249999 0.336356940625 0.111328125 0.3063044328125 0.0927734375 0.27047259375 0.06933593593750001 0.2774077875 0.060546875 0.29474577343749997 0.06640625 0.329421746875 0.08789062656249999 0.336356940625
5 0.1660156265625 0.3201748203125 0.1611328109375 0.2959016390625 0.123046875 0.3016809671875 0.1298828109375 0.3259541515625 0.1503906265625 0.329421746875 0.1660156265625 0.3201748203125
5 0.3388671890625 0.268160859375 0.3515624984375 0.269316728125 0.3691406265625 0.2554463375 0.375 0.22770555781250001 0.3427734375 0.20805583906249997 0.326171875 0.22308209531249998 0.32421875 0.24388767812499998 0.3388671890625 0.268160859375
5 0.5058593734375 0.19996477968749998 0.51953125 0.188406121875 0.517578125 0.16066534375 0.4853515625 0.1479508203125 0.470703125 0.17915919687499998 0.4833984375 0.1988089140625 0.5058593734375 0.19996477968749998
5 0.53515625 0.26238153125 0.5527343734375 0.2253938265625 0.5244140640625 0.2034323765625 0.5058593734375 0.2184586328125 0.50390625 0.24851114062500002 0.5126953125 0.261225665625 0.53515625 0.26238153125
5 0.6796875015625 0.1375480265625 0.7128906265625 0.14679495468749998 0.7285156265625 0.1306128328125 0.7265624984375 0.1098072484375 0.7060546875 0.09246926250000001 0.6904296875 0.09478099375 0.6777343734375 0.1121189796875 0.6796875015625 0.1375480265625
5 0.6611328109375 0.2034323765625 0.673828125 0.2045882421875 0.6933593734375 0.193029584375 0.69921875 0.16991226875 0.6884765625 0.15257428125 0.6650390640625 0.1479508203125 0.6503906265625 0.18147092812500001 0.6611328109375 0.2034323765625
5 0.861328125 0.250822875 0.890625 0.26700499375 0.90625 0.25775806874999996 0.9121093734375 0.2346407546875 0.8955078109375 0.2103675703125 0.8779296875 0.20574410781250002 0.8652343734375 0.2184586328125 0.861328125 0.250822875
5 0.2744140640625 0.601050203125 0.296875 0.606829534375 0.31640625 0.58833568125 0.3183593734375 0.5675300984375 0.2919921890625 0.540945184375 0.26953125 0.5559714390625 0.265625 0.5837122203125 0.2744140640625 0.601050203125
5 0.1640624984375 0.428826203125 0.1513671890625 0.3883709015625 0.11914062656249999 0.41033235156250003 0.125 0.43576139999999997 0.14453125 0.445008325 0.1640624984375 0.428826203125
5 0 0.5513479765625 0.029296875 0.5698418296875001 0.02734375 0.606829534375 0.0546875015625 0.616076459375 0.076171875 0.5837122203125 0.0654296875 0.5617507671874999 0.041015626562500004 0.5559714390625 0.041015626562500004 0.509736809375 0.060546875 0.509736809375 0.0566406265625 0.53978931875 0.07128906406249999 0.5617507671874999 0.10351562656249999 0.5374775875 0.09863281093750001 0.50858094375 0.0625 0.5051133437499999 0.076171875 0.4635021765625 0.0595703125 0.44385245937500006 0.036132810937499996 0.453099384375 0.0253906265625 0.46812563906250004 0.02734375 0.4981781515625 0 0.512048540625 0 0.5513479765625
5 0.06738281093750001 0.44385245937500006 0.08789062656249999 0.44732005625 0.107421875 0.431137934375 0.109375 0.4010854265625 0.08300781093750001 0.38374743906250003 0.0625 0.3987736953125 0.05859375 0.424202740625 0.06738281093750001 0.44385245937500006
5 0.08789062656249999 0.5998943375 0.11523437343750001 0.611452996875 0.12890625 0.5998943375 0.1328124984375 0.5744652921875 0.11816406406249999 0.5548155734375 0.10253906406249999 0.5548155734375 0.08593750156249999 0.5767770234375 0.08789062656249999 0.5998943375
5 0.30078125 0.761715546875 0.32421875 0.77327420625 0.34765625 0.7478451578125 0.34375 0.7224161109375 0.3251953125 0.7097015875 0.3095703125 0.7143250531249999 0.296875 0.7385982328125 0.30078125 0.761715546875
5 0.388671875 0.7709624749999999 0.408203125 0.7478451578125 0.41015625 0.7270395734374999 0.3779296875 0.7073898562500001 0.359375 0.7270395734374999 0.35546875 0.7570920859375 0.388671875 0.7709624749999999
5 0.265625 0.886549053125 0.2910156265625 0.8634317375 0.2871093734375 0.8356909578125 0.2724609359375 0.8229764328125 0.23828125 0.8426261546875 0.2402343734375 0.8726786625 0.265625 0.886549053125
5 0.31640625 0.9119780984375 0.2958984375 0.876146259375 0.267578125 0.8934842453125 0.267578125 0.9235367578125 0.3046875015625 0.939718878125 0.31640625 0.9119780984375
5 0.326171875 0.44038486250000003 0.345703125 0.4149558125 0.345703125 0.39183849843749996 0.3212890640625 0.37218877968749997 0.296875 0.3941502296875 0.29296875 0.424202740625 0.326171875 0.44038486250000003
5 0.326171875 0.368721184375 0.3515624984375 0.3802798421875 0.373046875 0.357162525 0.37109375 0.33404520937500004 0.3544921890625 0.32133068593749997 0.3369140640625 0.3259541515625 0.32421875 0.3479156 0.326171875 0.368721184375
5 0.2451171890625 0.434605534375 0.26953125 0.43807313125 0.28515625 0.421891009375 0.2890624984375 0.3964619609375 0.2607421890625 0.37218877968749997 0.2421875015625 0.3872150359375 0.236328125 0.41033235156250003 0.2451171890625 0.434605534375
5 0.626953125 0.44732005625 0.6357421890625 0.4808401640625 0.6621093734375 0.48661949218749995 0.705078125 0.41033235156250003 0.705078125 0.3849033046875 0.6884765625 0.36756531875 0.658203125 0.3825915734375 0.65625 0.41957927812499995 0.626953125 0.44732005625
5 0.80078125 0.44732005625 0.7861328109375 0.42767033750000005 0.7626953125 0.42767033750000005 0.751953125 0.47043737031250005 0.78515625 0.48430776093750005 0.80078125 0.44732005625
5 0.81640625 0.426514471875 0.830078125 0.40802062031249997 0.826171875 0.3802798421875 0.7900390640625 0.37218877968749997 0.779296875 0.3872150359375 0.78125 0.41264408125 0.81640625 0.426514471875
5 1 0.3756563765625 0.9912109359375 0.36987704843749997 0.9609375015625 0.3825915734375 0.96484375 0.426514471875 0.93359375 0.44269659375000003 0.9375 0.4773725671875 0.9628906265625 0.4819960296875 0.9785156265625 0.4635021765625 0.9765624984375 0.43807313125 1 0.428826203125 1 0.3756563765625
5 0.9628906265625 0.3756563765625 0.9765624984375 0.338668671875 0.9462890640625 0.3167072234375 0.9296875015625 0.331733478125 0.92578125 0.357162525 0.9365234375 0.37218877968749997 0.9628906265625 0.3756563765625
5 0.876953125 0.5421010484375001 0.892578125 0.523607196875 0.89453125 0.4981781515625 0.8642578109375 0.4808401640625 0.845703125 0.4958664203125 0.841796875 0.5259189281250001 0.876953125 0.5421010484375001
5 0.638671875 0.6946753343750001 0.658203125 0.706233990625 0.685546875 0.68542840625 0.68359375 0.6599993609375 0.6669921890625 0.6472848359375 0.6494140640625 0.6495965671875 0.63671875 0.6692462859375 0.638671875 0.6946753343750001
5 0.716796875 0.611452996875 0.6826171890625 0.5894915468749999 0.6660156265625 0.604517803125 0.6660156265625 0.6299468484374999 0.6972656265625 0.6484407015625 0.716796875 0.611452996875
5 0.63671875 0.8703669312500001 0.6640624984375 0.8449378859375001 0.6435546875 0.8137295078125 0.6240234375 0.8160412390625 0.609375 0.8403144203125 0.6181640640625 0.8645876031249999 0.63671875 0.8703669312500001
5 0.669921875 0.8218205671875 0.689453125 0.801014984375 0.689453125 0.77327420625 0.6591796875 0.7582479515625 0.642578125 0.7755859375 0.638671875 0.801014984375 0.669921875 0.8218205671875
5 0.76953125 0.8703669312500001 0.783203125 0.854184809375 0.78515625 0.8287557640625 0.7509765625 0.8137295078125 0.736328125 0.8518730781249999 0.7490234375 0.869211065625 0.76953125 0.8703669312500001
5 0.8203124984375 0.6507524328125001 0.8359375015625 0.611452996875 0.8037109359375 0.5894915468749999 0.7871093734375 0.604517803125 0.78515625 0.6253233875 0.7998046875 0.6472848359375 0.8203124984375 0.6507524328125001
5 0.875 0.6484407015625 0.892578125 0.6345703109375 0.8964843734375 0.609141265625 0.8662109359375 0.5894915468749999 0.845703125 0.604517803125 0.841796875 0.62763511875 0.875 0.6484407015625
5 0.9316406265625 0.5837122203125 0.9589843734375 0.59758260625 0.98046875 0.5837122203125 0.986328125 0.5605949015625 0.9638671890625 0.534009990625 0.9462890640625 0.538633453125 0.9316406265625 0.5652183671875 0.9316406265625 0.5837122203125
5 0.95703125 0.71548091875 0.9443359359375 0.7004546625 0.91015625 0.7131691874999999 0.908203125 0.7478451578125 0.888671875 0.7686507437500001 0.888671875 0.801014984375 0.90625 0.8148853734375001 0.9326171890625 0.792923925 0.9619140640625 0.8137295078125 0.98828125 0.798703253125 0.986328125 0.766339009375 0.953125 0.7524686234375 0.95703125 0.71548091875
5 0.81640625 0.8911725140625 0.8017578109375 0.871522796875 0.7841796875 0.869211065625 0.765625 0.9073546359375 0.794921875 0.9281602203125001 0.81640625 0.8911725140625
5 0.9306640640625 0.9778624484374999 0.9453124984375 0.9790183140625001 0.9628906265625 0.9651479249999999 0.96484375 0.9420306093749999 0.9560546875 0.9270043546875 0.9306640640625 0.9200691609374999 0.9160156265625 0.95358926875 0.9306640640625 0.9778624484374999
5 0.97265625 0.9235367578125 0.9941406265625 0.8911725140625 0.9833984375 0.871522796875 0.9638671890625 0.8645876031249999 0.9433593734375 0.8842373218749999 0.9433593734375 0.9050429046874999 0.97265625 0.9235367578125
5 0.8984375015625 0.9582127312500001 0.8984375015625 0.939718878125 0.8857421890625 0.9293160859375 0.86328125 0.948965803125 0.87890625 0.974394853125 0.8984375015625 0.9582127312500001
5 0.578125 0.9859535078125001 0.6035156265625 0.9512775343750001 0.5947265625 0.933939546875 0.5693359359375 0.9270043546875 0.5527343734375 0.9420306093749999 0.55078125 0.9697713875 0.578125 0.9859535078125001
5 0.48828125 0.9304719515625001 0.5078124984375 0.8934842453125 0.4931640640625 0.873834528125 0.4716796875 0.873834528125 0.455078125 0.8957959765625001 0.45703125 0.9189132953125 0.48828125 0.9304719515625001
5 0.56640625 0.78252113125 0.5361328109375 0.76055968125 0.51953125 0.7755859375 0.515625 0.798703253125 0.548828125 0.8195088359374999 0.56640625 0.78252113125
5 0.5390624984375 0.595270875 0.560546875 0.5582831703125 0.5302734375 0.536321721875 0.5097656265625 0.5513479765625 0.5058593734375 0.5721535609374999 0.5146484375 0.591803278125 0.5390624984375 0.595270875
5 0.49609375 0.4658139078125 0.4921875015625 0.44269659375000003 0.4580078109375 0.42998206874999995 0.4453124984375 0.47274910468750003 0.484375 0.4819960296875 0.49609375 0.4658139078125
5 0.4316406265625 0.0219614484375 0.4316406265625 0.001155865625 0.3837890640625 0 0.3847656265625 0.0312083765625 0.4121093734375 0.0427670328125 0.4316406265625 0.0219614484375
5 0.3291015625 0 0.3203124984375 0.01040279375 0.3291015625 0.0346759734375 0.357421875 0.040455301562500004 0.373046875 0.0219614484375 0.3701171890625 0 0.3291015625 0
5 0.25390625 0.0265849109375 0.2558593734375 0.0034675968750000003 0.2099609359375 0 0.203125 0.0335201078125 0.234375 0.0473904984375 0.25390625 0.0265849109375
5 0.1972656265625 0.0265849109375 0.1953124984375 0.001155865625 0.1494140640625 0 0.15234375 0.040455301562500004 0.1777343734375 0.0473904984375 0.1972656265625 0.0265849109375
5 0.83984375 0.0312083765625 0.83984375 0.001155865625 0.7978515625 0 0.796875 0.035831839062499996 0.8222656265625 0.0497022296875 0.83984375 0.0312083765625