5 0.8527452015625 0.123046875 0.8695360953125 0.1064453125 0.8528929203125 0.09765625 0.834343690625 0.09765625 0.8194247656250001 0.111328125 0.8304861234375001 0.123046875 0.8527452015625 0.123046875
5 0.8671641578125 0.1953125 0.881958090625 0.203125 0.9005073250000001 0.203125 0.917241403125 0.1962890625 0.91730958125 0.1845703125 0.889536865625 0.17578125 0.8653717328124999 0.1845703125 0.8671641578125 0.1953125
5 0.77715063125 0.36328125 0.8124453062500001 0.3544921875 0.8051278796875 0.3369140625 0.7884619796875 0.33203125 0.7661801765625 0.3359375 0.7607006281250001 0.3212890625 0.7440347265625 0.31640625 0.7161711078125 0.3232421875 0.7142082390625 0.341796875 0.729013534375 0.34765625 0.7550051812499999 0.34375 0.77715063125 0.36328125
5 0.6574726171874999 0.2099609375 0.6612506406249999 0.1982421875 0.629779440625 0.1875 0.6130453640625 0.1943359375 0.611127946875 0.205078125 0.6333188468750001 0.216796875 0.6574726171874999 0.2099609375
5 0.6970225578125 0.107421875 0.7212217812499999 0.0927734375 0.70460133125 0.080078125 0.6786437734375 0.078125 0.6637021203125 0.095703125 0.674763478125 0.107421875 0.6970225578125 0.107421875
5 0.3486037984375 0.0546875 0.35780455624999996 0.0673828125 0.3781689390625 0.07421875 0.4097651328125 0.0634765625 0.409821946875 0.0537109375 0.3931901328125 0.04296875 0.35977879218750003 0.046875 0.35427651718750003 0.0361328125 0.33391213125 0.029296875 0.3116416890625 0.03125 0.3004326125 0.044921875 0.32261215 0.05859375 0.3486037984375 0.0546875
5 0.26632520937500004 0.4873046875 0.288652465625 0.4755859375 0.2757645890625 0.458984375 0.2535055109375 0.458984375 0.2367487046875 0.4697265625 0.25148582343750003 0.4873046875 0.2346835671875 0.505859375 0.24575629375000002 0.515625 0.2717252140625 0.515625 0.2847608109375 0.5068359375 0.26632520937500004 0.4873046875
5 0.2989667921875 0.296875 0.31372663749999996 0.310546875 0.335985715625 0.310546875 0.349009946875 0.3037109375 0.3491008515625 0.2880859375 0.321316775 0.28125 0.2971516375 0.2900390625 0.2989667921875 0.296875
5 0.450570521875 0.3828125 0.46536445625 0.390625 0.48762353437500006 0.390625 0.5043917015625 0.3779296875 0.4877712515625 0.365234375 0.4655121734375 0.365234375 0.4487667328125 0.3740234375 0.450570521875 0.3828125
5 0.6728999546875001 0.427734375 0.6598757234375 0.4345703125 0.6616454265625 0.44921875 0.6764507234375 0.455078125 0.7024310078125 0.453125 0.7117567593749999 0.4443359375 0.708126453125 0.4306640625 0.6988802453125 0.42578125 0.6728999546875001 0.427734375
5 0.7979666140624999 0.611328125 0.80733781875 0.5947265625 0.7684355625 0.5859375 0.749772703125 0.60546875 0.7386772515625 0.599609375 0.7164181734375 0.599609375 0.70517500625 0.619140625 0.7162477296875001 0.62890625 0.74221665625 0.62890625 0.7645666375 0.61328125 0.7979666140624999 0.611328125
5 0.9789679640625 0.4267578125 0.9640604015625 0.4384765625 0.9750876734375 0.4560546875 0.960180109375 0.4677734375 0.9619725359375 0.478515625 0.9767778328125001 0.484375 0.9971990328125001 0.4814453125 0.9958270359375 0.3984375 0.9642422078124999 0.4072265625 0.9789679640625 0.4267578125
5 0.552582696875 0.703125 0.5636667859375 0.7109375 0.5859258640625 0.7109375 0.6026826671875 0.7001953125 0.6027508453125 0.6884765625 0.567547075 0.681640625 0.5507902703124999 0.6923828125 0.552582696875 0.703125
5 0.4040297609375 0.73046875 0.38908810781250003 0.748046875 0.42240855 0.759765625 0.44292065156250005 0.7412109375 0.4336858046875 0.734375 0.4040297609375 0.73046875
5 0.07763145625 0.71875 0.088715546875 0.7265625 0.10355493281249999 0.7265625 0.1203117359375 0.7158203125 0.12036854999999999 0.7060546875 0.1074124953125 0.701171875 0.0851420546875 0.703125 0.07763145625 0.71875
5 0.19200037187500002 0.828125 0.1770928078125 0.83984375 0.195551134375 0.85546875 0.2271473265625 0.8447265625 0.21425945 0.828125 0.19200037187500002 0.828125
5 0.5067918890625001 0.921875 0.4937676578125 0.9287109375 0.4955487234375 0.94140625 0.5066214453125 0.951171875 0.5251706796875 0.951171875 0.5419047578125 0.9443359375 0.54568278125 0.9326171875 0.532749453125 0.923828125 0.5067918890625001 0.921875
5 0.9038363578125 0.90625 0.9186302921875 0.9140625 0.9371908828125 0.912109375 0.9539363265624999 0.9033203125 0.9539931421875 0.8935546875 0.922499215625 0.88671875 0.9057651390625001 0.8935546875 0.9038363578125 0.90625
5 0.9674718906249999 0.80859375 0.9599612937499999 0.82421875 0.9710453843750001 0.83203125 0.9933044625 0.83203125 0.9953014203125001 0.8076171875 0.9674718906249999 0.80859375
5 0.02786393125 0.345703125 0.046356351562499995 0.35546875 0.06861542968749999 0.35546875 0.0816396609375 0.3486328125 0.081696475 0.3388671875 0.068763146875 0.330078125 0.0465154328125 0.328125 0.02786393125 0.345703125
5 0.03674944375 0.09375 0.044123685937500004 0.1015625 0.07008125 0.103515625 0.0868607796875 0.0888671875 0.07024033125 0.076171875 0.047981253125 0.076171875 0.03495701875 0.0830078125 0.03674944375 0.09375
5 0.6553250203125 0.5791015625 0.6386818453124999 0.5703125 0.6164341296875 0.568359375 0.6033985328125 0.5771484375 0.6051682328125 0.591796875 0.6310917093749999 0.599609375 0.6553250203125 0.5791015625
5 0.6575719640625 0.51171875 0.6686674171875 0.517578125 0.6890886140625 0.5146484375 0.696587846875 0.5009765625 0.6873643640625 0.4921875 0.676246190625 0.490234375 0.659512109375 0.4970703125 0.6575719640625 0.51171875
1 0.853070815625 0.5764632359374999 0.8528404125 0.6160661765625 0.9279800765624999 0.6160661765625 0.9282104796875 0.5764632359374999 0.853070815625 0.5764632359374999
3 0.6719800953124999 0.0029411765625 0.6716123734375 0.066147059375 0.997506228125 0.066147059375 0.99787395 0.0029411765625 0.6719800953124999 0.0029411765625
3 0.281216521875 0.4174632359375 0.28016802812499997 0.5976838234375 0.437514396875 0.5976838234375 0.438562890625 0.4174632359375 0.281216521875 0.4174632359375
3 0.1378332109375 0.329227940625 0.13718238437500002 0.4410955875 0.23941702187499997 0.4410955875 0.2400678484375 0.329227940625 0.1378332109375 0.329227940625
3 0.957170996875 1 0.9574747218749999 0.9477941171875001 0.62456969375 0.9477941171875001 0.62426596875 1 0.957170996875 1
3 0 0.694727940625 0.1610978546875 0.694727940625 0.1613902015625 0.6444779406250001 0 0.6444779406250001 0 0.694727940625
7 0.13361426875 0.571875 0.1331689484375 0.6484191171875 0.2364371046875 0.6484191171875 0.23688242499999998 0.571875 0.13361426875 0.571875
7 0.4062145390625 0.3025735296875 0.405862046875 0.3631617640625 0.5052195875 0.3631617640625 0.5055720796875 0.3025735296875 0.4062145390625 0.3025735296875
7 0.7197120921875 0.4431911765625 0.71920251875 0.5307794125 0.9022751437500001 0.5307794125 0.9027847171875001 0.4431911765625 0.7197120921875 0.4431911765625