3 0.29348703593750003 0.5204918921874999 0.5231065046875 0.5178200281249999 0.525314034375 0.328105409375 0.29569456562499996 0.33077727343749996 0.29348703593750003 0.5204918921874999
2 0.45626457499999995 0.60215958125 0.531454840625 0.6012846625 0.532505609375 0.510981809375 0.45731534375000005 0.5118567281249999 0.45626457499999995 0.60215958125
5 0.37042611875000003 0.72437169375 0.36663952499999997 0.71413395 0.3541087390625 0.7001422765624999 0.3463560671875 0.695091584375 0.3404966921875 0.6951597656249999 0.33857348125 0.6926116921875 0.32976946093750004 0.6939993609374999 0.3268248171875 0.6953188515625001 0.3139350640625 0.7121767703125 0.30588325156249996 0.7328340718749999 0.305643940625 0.7534004671875 0.3075671515625 0.7559485390625 0.30937070625 0.768779809375 0.32574791406250003 0.787867628125 0.3354537125 0.79289559375 0.33743675 0.79030206875 0.34723228906250003 0.787617634375 0.35315149218749997 0.78240785625 0.359100609375 0.774627278125 0.361053734375 0.7746045515625 0.368024284375 0.7629564109375 0.3700372375 0.7577920859375 0.37042611875000003 0.72437169375
2 0.2693290296875 0.8657059031250001 0.33243079999999997 0.864971646875 0.3333687328125 0.7843659390625 0.2702669625 0.7851001953125001 0.2693290296875 0.8657059031250001
5 0.142414671875 0.5997875078125 0.119938778125 0.601334265625 0.1032325171875 0.610525240625 0.09626196718749999 0.6221733796875 0.0962021390625 0.627314978125 0.0942191 0.6299085062499999 0.0937404765625 0.6710412953125 0.098518590625 0.6799822765625 0.1197935671875 0.697727878125 0.12372973125 0.695111625 0.13935473125 0.6949298109375001 0.1492100984375 0.68710378125 0.1601168125 0.6728393875 0.1661556703125 0.6573464109375 0.16630524062500002 0.6444924140625 0.1643820296875 0.6419443421875 0.1626682171875 0.6214006734375 0.142414671875 0.5997875078125
5 0.10404891093749999 0.708192890625 0.10209578593749999 0.7082156171875 0.0944029421875 0.6980233250000001 0.09052660625 0.6954979781249999 0.08758196093750001 0.6968174687500001 0.0807310671875 0.6981824109375 0.068922575 0.7060311703125 0.061981939062500005 0.7151085109374999 0.055913165625000004 0.7331722859375 0.055584112500000005 0.7614510796875 0.0612640046875 0.776807696875 0.071871578125 0.7882512968750001 0.081577375 0.7932792609375 0.0991854140625 0.790503921875 0.1051046171875 0.7852941437500001 0.11802428437500001 0.765865425 0.1183832515625 0.7350158328124999 0.116460040625 0.732467759375 0.11654978281249999 0.7247553625 0.1146564859375 0.719636490625 0.10404891093749999 0.708192890625
5 0.20215822968750002 0.75203418125 0.2061243078125 0.7468471296875 0.20630379062499998 0.7314223328125 0.2006538140625 0.7134949171875 0.19773908281250002 0.71224360625 0.18622973125 0.694384371875 0.1823533953125 0.6918590265625 0.169643125 0.69329215 0.16279223125 0.6946570921874999 0.15491990312499998 0.6998895984375 0.146987746875 0.7102637015625 0.145034621875 0.710286428125 0.13409799375 0.7271216203125 0.13394842499999998 0.7399756171874999 0.1319653859375 0.74256914375 0.1337091125 0.7605420125 0.13947874531249999 0.76818623125 0.13944883125000002 0.7707570296874999 0.151949703125 0.787319503125 0.1558260390625 0.7898448484375 0.1773104140625 0.7895948546875 0.181246578125 0.786978603125 0.198102409375 0.76493363125 0.20215822968750002 0.75203418125
5 0.2860528625 0.7587693328125 0.29212163593749996 0.7407055578125 0.2902283390625 0.7355866859375 0.2903180796875 0.7278742874999999 0.2846381890625 0.7125176703125 0.28172345781249997 0.7112663609375 0.27790695 0.7035994171875 0.26240160625 0.69349803125 0.2438319609375 0.694999334375 0.240857403125 0.698889625 0.2349681140625 0.701528603125 0.23001051718749999 0.70801241875 0.2239716578125 0.7235053953125 0.2200055796875 0.728692446875 0.2196466125 0.7595420390625 0.2291729265625 0.7799948015625 0.2359041640625 0.7889130546875001 0.2398104140625 0.7888676015625 0.241733625 0.791415675 0.263218 0.7911656812500001 0.26520103906250003 0.7885721546875 0.26910728906250003 0.7885267015624999 0.2760479265625 0.7794493609375001 0.282086784375 0.763956384375 0.2860528625 0.7587693328125
5 0.25016995937500003 0.6537983656249999 0.25028961562499996 0.6435151671875 0.2483664046875 0.6409670953125 0.244669553125 0.6230169531249999 0.2302454703125 0.6039064078124999 0.22053967187499998 0.5988784421875 0.21663342187499998 0.5989238953125 0.214650384375 0.601517421875 0.21272717187499998 0.5989693484374999 0.207829403125 0.600311565625 0.1989954703125 0.604270034375 0.1861356296875 0.618557153125 0.1780539046875 0.64178525625 0.1798275453125 0.657187325 0.1817507578125 0.6597353984375001 0.1835543125 0.6725666671874999 0.19220876250000002 0.6840329953125 0.199961434375 0.6890836859375 0.20386768437499997 0.6890382328125 0.2057908953125 0.69158630625 0.2214158953125 0.69140449375 0.2253819734375 0.6862174421875 0.22925830937499997 0.6887427859375 0.24013510937500002 0.6770491937500001 0.2421779765625 0.6693140671875 0.25016995937500003 0.6537983656249999
5 0.405936978125 0.60957340625 0.392384759375 0.5994492953125 0.386525384375 0.5995174750000001 0.384602171875 0.5969694015625 0.377751278125 0.5983343453125001 0.3689173453125 0.602292815625 0.3520316 0.6269085859375 0.34977933437500003 0.65263930625 0.3517025453125 0.655187378125 0.351582890625 0.6654705765625 0.35726278125 0.6808271921875 0.36207080937499997 0.6871973734375 0.3717466921875 0.6947961390625 0.3893248171875 0.6945915984375 0.4050694734375 0.6841265875 0.4139931484375 0.6724557203125 0.41798914062500003 0.66469786875 0.4181985375 0.646702271875 0.420211490625 0.641537946875 0.41456151406249997 0.6236105328125 0.405936978125 0.60957340625
2 0.5561948703125 0.367487803125 0.5590497734375 0.3738807109375 0.562926109375 0.37640605625 0.584410484375 0.3761560625 0.5863935234375 0.3735625375 0.6020783515625 0.368239125 0.6110020265625 0.3565682578125 0.6130149796875 0.3514039328125 0.6121730296875 0.33984669843750004 0.600544021875 0.3322706625 0.5839275015625 0.3337492375 0.5731105296875 0.3403012328125 0.560250690625 0.354588353125 0.5561948703125 0.367487803125
5 0.622361809375 0.387281490625 0.6243448484375 0.3846879640625 0.6245243312500001 0.36926316875 0.6226011203125 0.36671509687500004 0.6226609484375001 0.3615734984375 0.6188743546875 0.351335753125 0.6149681046875 0.35138120625 0.6060444296874999 0.36305207500000003 0.5961890624999999 0.3708781046875 0.5903296874999999 0.370946284375 0.582457359375 0.3761787890625 0.5570966484375 0.3739034375 0.5540622625 0.382935325 0.5539725203125 0.3906477234375 0.5558658171874999 0.39576659531249997 0.568396603125 0.40975826875 0.585855071875 0.41983692499999997 0.593667571875 0.41974601875 0.5956506109374999 0.41715249375 0.6015099859374999 0.4170843140625 0.60544615 0.41446806093750005 0.6223019812499999 0.392423090625 0.622361809375 0.387281490625
2 0.6621123296875 0.327698571875 0.6493422328125 0.33427329375000003 0.642401596875 0.3433506359375 0.6363328234375001 0.36141441093750004 0.636123425 0.37941000625 0.6445983921875 0.40630112812499997 0.663980071875 0.418927859375 0.677651946875 0.41876877187500006 0.6894604390625 0.410920015625 0.6983841140625 0.3992491484375 0.7044229734375 0.383756171875 0.7065555812500001 0.36830865 0.7046323703125 0.3657605765625 0.7028587296875 0.35035850625 0.698080615625 0.341417525 0.6787288499999999 0.3262199953125 0.6621123296875 0.327698571875
5 0.1957130546875 0.4667890859375 0.21016705156249998 0.48332883125 0.21791972343750002 0.4883795234375 0.2334848953125 0.4933393078125 0.235467934375 0.4907457828125 0.239374184375 0.4907003296875 0.24829785937499999 0.47902946249999995 0.2503108125 0.4738651359375 0.24958851875 0.45202470625 0.21443226875 0.45243378593749994 0.2028630875 0.4397161484375 0.195110415625 0.43466545781250004 0.194118896875 0.43596222031250004 0.19381975625 0.4616702140625 0.1957130546875 0.4667890859375
5 0.37071654062500004 0.53158446875 0.3650067359375 0.5187986515625 0.3582455828125 0.5124511968750001 0.3543393328125 0.51249665 0.3465866609375 0.5074459578125 0.3299701421875 0.5089245359375 0.3211362078125 0.512883003125 0.3042803765625 0.534927975 0.3022674234375 0.5400923 0.301968284375 0.56580029375 0.3038914953125 0.568348365625 0.3038316671875 0.573489965625 0.3201789609375 0.5951485828124999 0.3318079703125 0.602724621875 0.3415735953125 0.6026109890625 0.3553352109375 0.594739503125 0.370208003125 0.5752880578124999 0.37026783124999996 0.570146459375 0.3722508703125 0.5675529328125 0.3724901828125 0.5469865390625 0.370566971875 0.544438465625 0.37071654062500004 0.53158446875
5 0.4148432171875 0.2637440765625 0.4003892203125 0.2472043296875 0.388700384375 0.244769890625 0.3867771734375 0.2422218171875 0.3701606546875 0.24370039375000002 0.3632798453125 0.24763613593749997 0.355347690625 0.2580102390625 0.353394565625 0.258032965625 0.348407053125 0.26708758125 0.34795834375 0.30564957187499997 0.35465966875 0.317138625 0.364365465625 0.322166590625 0.372088225 0.3297880828125 0.3935726 0.32953808906250004 0.4054110046875 0.31911853125 0.416377546875 0.29971254062499997 0.41646728906249997 0.2920001421875 0.41454407812499994 0.2894520703125 0.4165271171875 0.28685854375000003 0.41673651562499997 0.26886294843749997 0.4148432171875 0.2637440765625
5 0.7704615375 0.2467538265625 0.76643563125 0.2570824765625 0.7661065781249999 0.2853612703125 0.776654325 0.30194646875000003 0.7825137 0.30187828906249997 0.7902364578125 0.3094997796875 0.8000020828125001 0.309386146875 0.8098873640625 0.298989315625 0.8137936140625 0.2989438625 0.818721296875 0.295030846875 0.822747203125 0.284702196875 0.8231061703125 0.2538526046875 0.816434759375 0.23979275000000003 0.800929415625 0.229691365625 0.784312896875 0.23116994218750003 0.7704615375 0.2467538265625
5 0.7869540421875 0.17201883125 0.774483084375 0.15288555937499998 0.758977740625 0.1427841734375 0.7501737203125 0.14417184375 0.7374335375000001 0.148175765625 0.7186245812500001 0.1702434640625 0.7145687609375 0.1831429140625 0.7143294499999999 0.20370930937499998 0.7180861296875001 0.216517853125 0.728663790625 0.23053225156249998 0.732570040625 0.2304867984375 0.7441990484375001 0.2380628375 0.7598240484375001 0.2378810234375 0.7736155796874999 0.22743874062499997 0.786535246875 0.208010021875 0.7865950749999999 0.2028684234375 0.7885781140625 0.20027489687500002 0.788757596875 0.1848501 0.7868343859375 0.18230202812500002 0.7869540421875 0.17201883125
5 0.7451519375 0.072257640625 0.74223720625 0.07100633281249999 0.730697940625 0.0557178953125 0.71906893125 0.0481418578125 0.7083117875 0.049552254687500005 0.6896224875 0.061336754687499995 0.6806988125 0.073007621875 0.680638984375 0.078149221875 0.6786559453125001 0.08074274687500001 0.6784166328125 0.1013091421875 0.68033984375 0.10385721562500001 0.680280015625 0.1089988140625 0.685989821875 0.12178462968749999 0.6946741859375 0.1306801578125 0.720034896875 0.1329555109375 0.7219581078124999 0.135503584375 0.733706771875 0.1327964234375 0.7406474078125 0.12371908281249999 0.74869921875 0.10306178125000001 0.7489684453125001 0.0799245859375 0.7451519375 0.072257640625
5 0.9946733140624999 0.11048141874999999 0.994972453125 0.084773425 0.9930492421875 0.082225353125 0.9931090703125 0.077083753125 0.9806381125 0.05795048125 0.972885440625 0.0528997890625 0.9543157953125 0.0544010921875 0.9435287375 0.0583822875 0.9346050625 0.0700531546875 0.9305492421875 0.08295260625 0.9303697578125 0.0983774015625 0.93229296875 0.100925475 0.932233140625 0.10606707343749999 0.9360197359375 0.1163048171875 0.9427509734375 0.12522307187499998 0.95435006875 0.13536990937499999 0.96411569375 0.13525627499999998 0.9660389046875 0.1378043484375 0.96997506875 0.1351880953125 0.97583444375 0.135119915625 0.9797706078124999 0.1325036640625 0.9926603609375 0.11564574375 0.9946733140624999 0.11048141874999999
5 0.58292290625 0.084427153125 0.560776065625 0.057695115625 0.556869815625 0.05774056875 0.5491171421875001 0.052689878125 0.5344537484375 0.054145728125 0.5236068625 0.063268521875 0.5146831875 0.0749393875 0.512670234375 0.0801037140625 0.51237109375 0.1058117078125 0.5142943046874999 0.10835977968749999 0.514234478125 0.1135013796875 0.5218674937500001 0.12883526875 0.53052194375 0.1403015953125 0.538274615625 0.1453522875 0.548040240625 0.1452386546875 0.55395944375 0.140028875 0.567691146875 0.13472819062500002 0.5825639390624999 0.11527674531250001 0.584576890625 0.11011242031249999 0.584816203125 0.089546025 0.58292290625 0.084427153125
5 0.6186437609375 0.5389813796875 0.6187335015625 0.5312689828125 0.6149469078124999 0.5210312375 0.60626254375 0.5121357093750001 0.60040316875 0.5122038890625 0.5984799578125 0.5096558171875001 0.5916290640625 0.5110207609375 0.58477816875 0.5123857015625 0.5769058421875 0.5176182093749999 0.5619433078125 0.5447820531249999 0.5617638234375 0.5602068484375 0.5693070984374999 0.583253134375 0.579884759375 0.597267534375 0.583791009375 0.59722208125 0.5857142203125 0.5997701546875 0.589650384375 0.5971539015625 0.599416009375 0.59704026875 0.6092414609375 0.5917850359375 0.6161820984374999 0.5827076953125 0.618254878125 0.572401771875 0.6222508703125 0.5646439187500001 0.620566971875 0.541529453125 0.6186437609375 0.5389813796875
2 0.61836205625 0.8988478359375 0.6097375203125 0.8848107093750001 0.5961553875 0.8772574000000001 0.5893044921875 0.878622340625 0.5805004734375 0.8800100109375 0.5726281453125 0.8852425171875 0.5617513453125 0.8969361093750001 0.5537593609375 0.9124518140625 0.55352005 0.933018209375 0.5591700265624999 0.9509456234375 0.5678244765625 0.9624119515625 0.581406609375 0.9699652625 0.597031609375 0.9697834500000001 0.6068570625 0.9645282156249999 0.6177637765624999 0.9502638234375 0.6217896828125 0.939935171875 0.621879425 0.932222775 0.6238624640625 0.9296292484374999 0.624041946875 0.9142044531250001 0.61836205625 0.8988478359375
2 0.1000099296875 0.46790269218749997 0.10184339843750001 0.4781631625 0.1094165859375 0.4986386515625 0.1142246140625 0.5050088328125 0.1278964890625 0.504849746875 0.14165810625 0.49697826093749997 0.144662578125 0.4905171734375 0.15256482031250002 0.48271386875 0.1586036796875 0.46722089218749996 0.15685995156250002 0.449248021875 0.1463122046875 0.43266282343749995 0.14243586875 0.430137478125 0.127772475 0.43159332812500006 0.1110362984375 0.44335510312500004 0.1000099296875 0.46790269218749997
11 0.7844717812499999 0.9727432874999999 0.7882882906249999 0.9804102328125 0.7921945406249999 0.9803647796874999 0.7981436562499999 0.9725842015625 0.80986240625 0.972447840625 0.812836965625 0.968557553125 0.8099521484375 0.9647354421875001 0.8002463515624999 0.9597074781250001 0.7836298328125 0.9611860546875001 0.7787320625 0.9625282687500001 0.7757275906250001 0.968989359375 0.7786124062499999 0.9728114671875 0.7844717812499999 0.9727432874999999
11 0.744468871875 0.8022737531249999 0.7358144234374999 0.7908074265625 0.7328996921875001 0.7895561171875001 0.731968 0.78571128125 0.724215328125 0.7806605890625 0.716402828125 0.780751496875 0.7144796171875 0.7782034234374999 0.7056755984375 0.77959109375 0.6948885390624999 0.7835722875 0.680015746875 0.8030237328125001 0.6759898421874999 0.813352384375 0.6756607875 0.841631178125 0.6813406796875 0.8569877937499999 0.6899951296875 0.868454121875 0.7016241375 0.8760301593750001 0.7211553875 0.8758028921875001 0.7329638796875 0.8679541343749999 0.7458536328125 0.8510962140625 0.7459134609375 0.845954615625 0.7478964984375 0.8433610890625 0.748165725 0.8202238953125001 0.7462425140625 0.8176758234375001 0.7463621703125 0.807392625 0.744468871875 0.8022737531249999
11 0.706192853125 0.9029667343750001 0.7004830484375 0.8901809187499999 0.6918285984375 0.878714590625 0.678246465625 0.8711612796875 0.6635830703125001 0.8726171296875 0.6508129734375 0.8791918515624999 0.6359102671875 0.9012140953125 0.6338973140624999 0.906378421875 0.633538346875 0.9372280140625 0.637324940625 0.9474657578125001 0.6498557265625 0.96145743125 0.6576383125 0.9639373234375 0.663437859375 0.9690107421875 0.681015984375 0.968806203125 0.6849820625 0.9636191500000001 0.6947776015625 0.9609347171874999 0.6997351984375 0.9544509031249999 0.7037611046875 0.944122253125 0.703850846875 0.9364098546875 0.7058338859375 0.9338163265625001 0.706192853125 0.9029667343750001
11 0.8209442453125 0.8592190359374999 0.8278848828125 0.85014169375 0.8319407015625 0.8372422437499999 0.8320304437500001 0.829529846875 0.8340134828125001 0.8269363203125 0.8341331390625 0.8166531234375001 0.832209928125 0.81410505 0.8323295828124999 0.8038218531249999 0.8159822890624999 0.782163234375 0.8023403281249999 0.7797515234375 0.8004171171875001 0.77720345 0.7838005984375 0.7786820265625 0.7710005875 0.787827546875 0.760093871875 0.802091940625 0.7580809203125 0.807256265625 0.75793135 0.8201102625000001 0.7559483109375 0.8227037890625001 0.7558884828125 0.8278453875 0.75781169375 0.8303934609375 0.7576621234375 0.84324745625 0.761508546875 0.8483436031249999 0.7633719296875 0.856033275 0.7701629953125 0.8598099296875 0.7759326296875 0.8674541484375 0.7798388796875 0.8674086937500001 0.7895147625 0.875007459375 0.7973272625 0.874916553125 0.8209442453125 0.8592190359374999
11 0.7748557265625 0.9600029250000001 0.7798133234375 0.9535191093750001 0.7798432375 0.950948309375 0.785762440625 0.94573853125 0.7877753937499999 0.94057420625 0.7878651359375 0.9328618078125 0.789848175 0.9302682828125001 0.7901473140624999 0.9045602890625 0.788224103125 0.902012215625 0.7883138453125 0.8942998171875001 0.7845272515625 0.8840620734375 0.7777960125 0.8751438203124999 0.7661670046875 0.86756778125 0.7564013796875 0.8676814140625 0.75447816875 0.865133340625 0.7515335234375 0.8664528312499999 0.7427295046875 0.8678405015624999 0.7348571765624999 0.87307300625 0.7200142984375 0.8899536515625 0.71601830625 0.8977115031249999 0.7158089078125001 0.9157070984375 0.71382586875 0.918300625 0.7157490796875 0.920848696875 0.713736128125 0.926013021875 0.7156593390625 0.9285610953125 0.715569596875 0.9362734937500001 0.719356190625 0.9465112375 0.7338101875 0.9630509828125 0.7377164375 0.9630055296875 0.7454391953124999 0.9706270218749999 0.7552048203124999 0.9705133874999999 0.7748557265625 0.9600029250000001
7 0.8378216890625 0.9819601 0.9884588578125 0.9802072781250001 0.9907056265625 0.7871204984375 0.8400684578125001 0.7888733203125 0.8378216890625 0.9819601
3 0.4168142171875 0.8703954109375 0.6591328015625 0.8675757796875001 0.6621030109375 0.6123166078125 0.41978442656250003 0.6151362390624999 0.4168142171875 0.8703954109375
3 0.7138845484375 0.6844764984375 0.9919376453125001 0.6812410578125 0.9962551156250001 0.3101985421875 0.71820201875 0.3134339828125 0.7138845484375 0.6844764984375
3 0.1449111296875 0.21164542968750003 0.36447750156250003 0.20909054375 0.366432928125 0.041041621875 0.14686655625 0.043596507812500004 0.1449111296875 0.21164542968750003
3 0.8280967625000001 0.29686610625 0.97696401875 0.295133878125 0.9787202687500001 0.1442020203125 0.8298530124999999 0.1459342484375 0.8280967625000001 0.29686610625