5 0.111328125 0.179927546875 0.123046875 0.1687980109375 0.123046875 0.1465389328125 0.1064453125 0.1298446234375 0.09765625 0.1465389328125 0.09765625 0.1650881625 0.111328125 0.179927546875
5 0.1845703125 0.13355446875000002 0.1953125 0.13169954687500002 0.203125 0.1168601625 0.203125 0.098310928125 0.1962890625 0.0816166203125 0.1845703125 0.0816166203125 0.17578125 0.10944046874999999 0.1845703125 0.13355446875000002
5 0.33203125 0.20960631875 0.3359375 0.23186539687500002 0.3212890625 0.2374301671875 0.31640625 0.254124475 0.3232421875 0.2819483234375 0.341796875 0.2838032453125 0.34765625 0.2689638609375 0.34375 0.2429949390625 0.36328125 0.2207358609375 0.3544921875 0.18549231875 0.3369140625 0.1929120109375 0.33203125 0.20960631875
5 0.205078125 0.38767894375 0.216796875 0.365419865625 0.2099609375 0.341305865625 0.1982421875 0.3375960203125 0.1875 0.369129715625 0.1943359375 0.385824021875 0.205078125 0.38767894375
5 0.095703125 0.3357410953125 0.107421875 0.32461155937499997 0.107421875 0.3023524796875 0.0927734375 0.278238478125 0.080078125 0.29493278749999996 0.078125 0.320901709375 0.095703125 0.3357410953125
5 0.0537109375 0.589865571875 0.04296875 0.6065598828125001 0.046875 0.639948496875 0.0361328125 0.64551326875 0.029296875 0.6659174250000001 0.03125 0.688176503125 0.044921875 0.6993060390625 0.05859375 0.6770469609374999 0.0546875 0.6510780390625001 0.0673828125 0.641803421875 0.07421875 0.6213992687500001 0.0634765625 0.589865571875 0.0537109375 0.589865571875
5 0.458984375 0.7215651171874999 0.458984375 0.7438241953125 0.4697265625 0.7605185062500001 0.4873046875 0.7456791203125 0.505859375 0.7623734296875 0.515625 0.7512438875 0.515625 0.7252749671875 0.5068359375 0.712290503125 0.4873046875 0.730839734375 0.4755859375 0.70858065625 0.458984375 0.7215651171874999
5 0.2900390625 0.7011609640625001 0.296875 0.6993060390625 0.310546875 0.684466653125 0.310546875 0.6622075749999999 0.3037109375 0.6492231140625 0.2880859375 0.6492231140625 0.28125 0.6770469609374999 0.2900390625 0.7011609640625001
5 0.3740234375 0.5490572625000001 0.3828125 0.547202340625 0.390625 0.5323629546875 0.390625 0.5101038765625 0.3779296875 0.4934095671875 0.365234375 0.5101038765625 0.365234375 0.5323629546875 0.3740234375 0.5490572625000001
5 0.427734375 0.32461155937499997 0.4345703125 0.3375960203125 0.44921875 0.3357410953125 0.455078125 0.320901709375 0.453125 0.29493278749999996 0.4443359375 0.28565817031249996 0.4306640625 0.2893680171875 0.42578125 0.29864263125 0.427734375 0.32461155937499997
5 0.5859375 0.228155553125 0.60546875 0.24670478281250002 0.599609375 0.2578343234375 0.599609375 0.2800934015625 0.619140625 0.29122293906249996 0.62890625 0.2800934015625 0.62890625 0.254124475 0.61328125 0.23186539687500002 0.611328125 0.1984767828125 0.5947265625 0.18920216406249998 0.5859375 0.228155553125
5 0.4384765625 0.033388617187500004 0.4560546875 0.022259078125 0.4677734375 0.037098464062499996 0.478515625 0.0352435421875 0.484375 0.02040415625 0.4814453125 0 0.3984375 0.0018549218749999998 0.4072265625 0.033388617187500004 0.4267578125 0.01854923125 0.4384765625 0.033388617187500004
5 0.6923828125 0.4451815640625 0.703125 0.44332664218750006 0.7109375 0.43219709999999995 0.7109375 0.40993802187500006 0.7001953125 0.393243715625 0.6884765625 0.393243715625 0.681640625 0.42848725625000006 0.6923828125 0.4451815640625
5 0.759765625 0.5731712625000001 0.7412109375 0.5527671093750001 0.734375 0.5620417265625 0.73046875 0.5917204968750001 0.748046875 0.6065598828125001 0.759765625 0.5731712625000001
5 0.703125 0.9107672843750001 0.71875 0.918186978125 0.7265625 0.9070574359375 0.7265625 0.89221805 0.7158203125 0.87552374375 0.7060546875 0.87552374375 0.701171875 0.88850820625 0.703125 0.9107672843750001
5 0.85546875 0.79947189375 0.8447265625 0.7679381984375 0.828125 0.780922659375 0.828125 0.8031817374999999 0.83984375 0.8180211234374999 0.85546875 0.79947189375
5 0.921875 0.48784479843749995 0.9287109375 0.500829259375 0.94140625 0.49897433593749996 0.951171875 0.48784479843749995 0.951171875 0.46929556406249995 0.9443359375 0.45260125625000003 0.9326171875 0.4488914109375 0.923828125 0.46187587187499995 0.921875 0.48784479843749995
5 0.8935546875 0.0890363125 0.90625 0.09089123437499999 0.9140625 0.0760518484375 0.912109375 0.057502620312499995 0.9033203125 0.040808309375000004 0.8935546875 0.040808309375000004 0.88671875 0.07234200625000001 0.8935546875 0.0890363125
5 0.83203125 0.024114 0.83203125 0.0018549218749999998 0.8076171875 0 0.80859375 0.0278238484375 0.82421875 0.0352435421875 0.83203125 0.024114
5 0.328125 0.9515755921875 0.345703125 0.9701248265625001 0.35546875 0.9515755921875 0.35546875 0.9293165140624999 0.3486328125 0.9163320531249999 0.3388671875 0.9163320531249999 0.330078125 0.9293165140624999 0.328125 0.9515755921875
5 0.0830078125 0.9645600562500001 0.09375 0.962705134375 0.1015625 0.9552854406250001 0.103515625 0.9293165140624999 0.0888671875 0.91262220625 0.076171875 0.9293165140624999 0.076171875 0.9515755921875 0.0830078125 0.9645600562500001
5 0.591796875 0.39138879375 0.599609375 0.365419865625 0.5791015625 0.341305865625 0.5703125 0.3580001734375 0.568359375 0.38025925156249996 0.5771484375 0.393243715625 0.591796875 0.39138879375
5 0.4970703125 0.3375960203125 0.51171875 0.33945094375 0.517578125 0.3283214015625 0.5146484375 0.3079172484375 0.5009765625 0.30049755624999996 0.4921875 0.30977217343749996 0.490234375 0.320901709375 0.4970703125 0.3375960203125
1 0.5764632359374999 0.14357541875 0.6160661765625 0.14357541875 0.6160661765625 0.06843575468749999 0.5764632359374999 0.06843575468749999 0.5764632359374999 0.14357541875
3 0.0029411765625 0.32800279374999997 0.066147059375 0.32800279374999997 0.066147059375 0.0021089390624999997 0.0029411765625 0.0021089390624999997 0.0029411765625 0.32800279374999997
3 0.4174632359375 0.7163547484375 0.5976838234375 0.7163547484375 0.5976838234375 0.5590083796875 0.4174632359375 0.5590083796875 0.4174632359375 0.7163547484375
3 0.329227940625 0.860251396875 0.4410955875 0.860251396875 0.4410955875 0.758016759375 0.329227940625 0.758016759375 0.329227940625 0.860251396875
3 1 0.0370111734375 0.9477941171875001 0.0370111734375 0.9477941171875001 0.3699162015625 1 0.3699162015625 1 0.0370111734375
3 0.694727940625 1 0.694727940625 0.8348603359375 0.6444779406250001 0.8348603359375 0.6444779406250001 1 0.694727940625 1
7 0.571875 0.8630586593749999 0.6484191171875 0.8630586593749999 0.6484191171875 0.759790503125 0.571875 0.759790503125 0.571875 0.8630586593749999
7 0.3025735296875 0.5920251390625 0.3631617640625 0.5920251390625 0.3631617640625 0.49266759843749997 0.3025735296875 0.49266759843749997 0.3025735296875 0.5920251390625
7 0.4431911765625 0.277709496875 0.5307794125 0.277709496875 0.5307794125 0.094636871875 0.4431911765625 0.094636871875 0.4431911765625 0.277709496875