3 0.4707964609375 0.66573675 0.7004159296875 0.66573675 0.7004159296875 0.47602213125 0.4707964609375 0.47602213125 0.4707964609375 0.66573675
2 0.4614756640625 0.4827518921875 0.5366659296875 0.4827518921875 0.5366659296875 0.3924490390625 0.4614756640625 0.3924490390625 0.4614756640625 0.4827518921875
5 0.681640625 0.22751574375 0.6650390625 0.2082347484375 0.6552734375 0.20309315 0.6533203125 0.20566394843750002 0.6435546875 0.2082347484375 0.6376953125 0.21337634687499998 0.6318359375 0.22108874531249997 0.6298828125 0.22108874531249997 0.623046875 0.2326573421875 0.62109375 0.237798940625 0.62109375 0.2712193328125 0.625 0.2815025296875 0.6376953125 0.2956419265625 0.6455078125 0.300783525 0.6513671875 0.300783525 0.6533203125 0.30335432500000004 0.662109375 0.30206892500000004 0.6650390625 0.300783525 0.677734375 0.2840733296875 0.685546875 0.263506934375 0.685546875 0.2429405390625 0.68359375 0.240369740625 0.681640625 0.22751574375
2 0.6574579640625 0.21164822343749998 0.720559734375 0.21164822343749998 0.720559734375 0.131042515625 0.6574579640625 0.131042515625 0.6574579640625 0.21164822343749998
5 0.8935546875 0.3187791203125 0.8720703125 0.300783525 0.8681640625 0.30335432500000004 0.8525390625 0.30335432500000004 0.8427734375 0.311066721875 0.83203125 0.32520611875 0.826171875 0.340630915625 0.826171875 0.3534849125 0.828125 0.3560557109375 0.830078125 0.37662210625000003 0.8505859375 0.3984739015625 0.873046875 0.39718850156249996 0.8896484375 0.388190703125 0.896484375 0.37662210625000003 0.896484375 0.37148050781249997 0.8984375 0.3689097078125 0.8984375 0.32777691875000003 0.8935546875 0.3187791203125
5 0.9296875 0.22237414375000003 0.9189453125 0.210805546875 0.9091796875 0.20566394843750002 0.8916015625 0.2082347484375 0.8857421875 0.21337634687499998 0.873046875 0.2326573421875 0.873046875 0.263506934375 0.875 0.266077734375 0.875 0.27379013125 0.876953125 0.2789317296875 0.8876953125 0.2905003265625 0.8896484375 0.2905003265625 0.8974609375 0.300783525 0.9013671875 0.30335432500000004 0.904296875 0.30206892500000004 0.9111328125 0.300783525 0.9228515625 0.2930711265625 0.9296875 0.2840733296875 0.935546875 0.266077734375 0.935546875 0.237798940625 0.9296875 0.22237414375000003
5 0.857421875 0.2583653359375 0.859375 0.2557945359375 0.857421875 0.237798940625 0.8515625 0.23008654218750002 0.8515625 0.22751574375 0.8388671875 0.210805546875 0.8349609375 0.2082347484375 0.8134765625 0.2082347484375 0.8095703125 0.210805546875 0.79296875 0.2326573421875 0.7890625 0.24551133906249997 0.78515625 0.2506529375 0.78515625 0.266077734375 0.791015625 0.2840733296875 0.7939453125 0.2853587296875 0.8056640625 0.30335432500000004 0.8095703125 0.3059251234375 0.822265625 0.3046397234375 0.8291015625 0.30335432500000004 0.8369140625 0.298212725 0.8447265625 0.287929528125 0.8466796875 0.287929528125 0.857421875 0.2712193328125 0.857421875 0.2583653359375
5 0.771484375 0.237798940625 0.76171875 0.2172325453125 0.7548828125 0.2082347484375 0.7509765625 0.2082347484375 0.7490234375 0.20566394843750002 0.7275390625 0.20566394843750002 0.7255859375 0.2082347484375 0.7216796875 0.2082347484375 0.71484375 0.2172325453125 0.708984375 0.2326573421875 0.705078125 0.237798940625 0.69921875 0.2557945359375 0.701171875 0.26093613437499996 0.701171875 0.2686485328125 0.70703125 0.2840733296875 0.7099609375 0.2853587296875 0.7138671875 0.2930711265625 0.7294921875 0.30335432500000004 0.748046875 0.30206892500000004 0.7509765625 0.298212725 0.7568359375 0.2956419265625 0.76171875 0.289214928125 0.767578125 0.27379013125 0.771484375 0.2686485328125 0.771484375 0.237798940625
5 0.80859375 0.32520611875 0.7998046875 0.313637521875 0.7919921875 0.3084959234375 0.7880859375 0.3084959234375 0.7861328125 0.3059251234375 0.7705078125 0.3059251234375 0.7666015625 0.311066721875 0.7626953125 0.3084959234375 0.751953125 0.3200645203125 0.75 0.32777691875000003 0.7421875 0.3432017140625 0.7421875 0.3534849125 0.744140625 0.3560557109375 0.748046875 0.37405130625 0.7626953125 0.3933323015625 0.7724609375 0.3984739015625 0.7763671875 0.3984739015625 0.7783203125 0.39590310156249997 0.7802734375 0.3984739015625 0.78515625 0.39718850156249996 0.7939453125 0.3933323015625 0.806640625 0.37919290625 0.814453125 0.3560557109375 0.8125 0.340630915625 0.810546875 0.338060115625 0.80859375 0.32520611875
5 0.634765625 0.314922921875 0.6298828125 0.3084959234375 0.6201171875 0.300783525 0.6025390625 0.300783525 0.5869140625 0.311066721875 0.578125 0.3226353203125 0.57421875 0.3303477171875 0.57421875 0.34834331406249996 0.572265625 0.3534849125 0.578125 0.37148050781249997 0.5869140625 0.385619903125 0.6005859375 0.39590310156249997 0.6064453125 0.39590310156249997 0.6083984375 0.3984739015625 0.615234375 0.39718850156249996 0.6240234375 0.3933323015625 0.640625 0.3689097078125 0.642578125 0.3432017140625 0.640625 0.340630915625 0.640625 0.3303477171875 0.634765625 0.314922921875
2 0.4111328125 0.616991846875 0.4091796875 0.6195626453124999 0.3935546875 0.6247042453125 0.384765625 0.6362728421875 0.3828125 0.641414440625 0.3837890625 0.6529830375000001 0.3955078125 0.660695434375 0.412109375 0.6594100359375 0.4228515625 0.6529830375000001 0.435546875 0.638843640625 0.439453125 0.62598964375 0.4365234375 0.6195626453124999 0.4326171875 0.616991846875 0.4111328125 0.616991846875
5 0.44140625 0.6105648484375 0.44140625 0.60285245 0.439453125 0.5977108515625 0.4267578125 0.5835714546874999 0.4091796875 0.5732882578125 0.4013671875 0.5732882578125 0.3994140625 0.57585905625 0.3935546875 0.57585905625 0.3896484375 0.57842985625 0.373046875 0.60028165 0.373046875 0.6054232500000001 0.37109375 0.6079940484375 0.37109375 0.62341884375 0.373046875 0.62598964375 0.373046875 0.6311312421874999 0.376953125 0.641414440625 0.380859375 0.641414440625 0.3896484375 0.6298458421875 0.3994140625 0.6221334453125 0.4052734375 0.6221334453125 0.4130859375 0.616991846875 0.4384765625 0.6195626453124999 0.44140625 0.6105648484375
2 0.3310546875 0.5732882578125 0.3173828125 0.5732882578125 0.3056640625 0.5810006546875 0.296875 0.5925692515625001 0.291015625 0.6079940484375 0.2890625 0.62341884375 0.291015625 0.62598964375 0.29296875 0.641414440625 0.2978515625 0.6504122375 0.3173828125 0.665837034375 0.333984375 0.664551634375 0.3466796875 0.6581246359375 0.353515625 0.6491268375 0.359375 0.6311312421874999 0.359375 0.613135646875 0.3505859375 0.5861422546874999 0.3310546875 0.5732882578125
5 0.7587890625 0.5064474734375 0.7548828125 0.5064474734375 0.74609375 0.5180160703125 0.744140625 0.5231576703124999 0.7451171875 0.5450094640625001 0.7802734375 0.5450094640625001 0.7919921875 0.5578634609375 0.7998046875 0.563005059375 0.80078125 0.561719659375 0.80078125 0.536011665625 0.798828125 0.5308700671875 0.7841796875 0.514159871875 0.7763671875 0.5090182734375001 0.7607421875 0.503876675 0.7587890625 0.5064474734375
5 0.689453125 0.42289649375 0.6728515625 0.40104470000000003 0.6611328125 0.3933323015625 0.6513671875 0.3933323015625 0.6376953125 0.40104470000000003 0.623046875 0.42032569531249997 0.623046875 0.42546729375 0.62109375 0.42803809375 0.62109375 0.44860448750000004 0.623046875 0.4511752875 0.623046875 0.464029284375 0.62890625 0.47688328125 0.6357421875 0.4833102796875 0.6396484375 0.4833102796875 0.6474609375 0.48845187812499996 0.6640625 0.48716647812499997 0.6728515625 0.4833102796875 0.689453125 0.46145848437500003 0.69140625 0.45631688593749997 0.69140625 0.43060889218750004 0.689453125 0.42803809375 0.689453125 0.42289649375
5 0.6416015625 0.67869103125 0.6318359375 0.6735494328125 0.6240234375 0.665837034375 0.6025390625 0.665837034375 0.5908203125 0.67612023125 0.580078125 0.6954012265625 0.580078125 0.7031136250000001 0.58203125 0.7056844234375 0.580078125 0.7082552234375 0.580078125 0.72625081875 0.58203125 0.7313924171874999 0.5966796875 0.7481026140625 0.6083984375 0.7506734125000001 0.6103515625 0.7532442125000001 0.626953125 0.7519588125000001 0.6337890625 0.7481026140625 0.6416015625 0.7378194171875 0.6435546875 0.7378194171875 0.6484375 0.72882161875 0.6484375 0.690259628125 0.6416015625 0.67869103125
5 0.2060546875 0.6812618296874999 0.1962890625 0.6812618296874999 0.1865234375 0.691545028125 0.1826171875 0.691545028125 0.177734375 0.6954012265625 0.173828125 0.7056844234375 0.173828125 0.736534015625 0.1806640625 0.7506734125000001 0.1962890625 0.7609566109375 0.212890625 0.7596712109375 0.2265625 0.7442464140625 0.23046875 0.7339632171875 0.23046875 0.7056844234375 0.2197265625 0.688974228125 0.2138671875 0.688974228125 0.2060546875 0.6812618296874999
5 0.2685546875 0.7609566109375 0.2646484375 0.7609566109375 0.2529296875 0.7532442125000001 0.2373046875 0.7532442125000001 0.2236328125 0.763527409375 0.2109375 0.7828084046875 0.2109375 0.787950003125 0.208984375 0.790520803125 0.208984375 0.8059456 0.2109375 0.8085163984375001 0.2109375 0.8187995953125 0.2236328125 0.838080590625 0.2392578125 0.8483637890625 0.248046875 0.8470783890625 0.2607421875 0.8432221906249999 0.279296875 0.8213703953125 0.283203125 0.8085163984375001 0.283203125 0.787950003125 0.279296875 0.77509600625 0.2685546875 0.7609566109375
5 0.318359375 0.888211178125 0.318359375 0.8830695796875 0.3125 0.8702155828125001 0.3037109375 0.8612177859375001 0.2783203125 0.8586469859375001 0.2763671875 0.8560761859375001 0.2646484375 0.8586469859375001 0.2578125 0.8676447843749999 0.25 0.888211178125 0.25 0.9113483734375001 0.25390625 0.919060771875 0.2568359375 0.9203461703125001 0.2685546875 0.9357709671875 0.2802734375 0.9434833656249999 0.291015625 0.942197965625 0.3095703125 0.93062936875 0.318359375 0.919060771875 0.318359375 0.913919171875 0.3203125 0.9113483734375001 0.3203125 0.8907819781249999 0.318359375 0.888211178125
5 0.06640625 0.8830695796875 0.0625 0.8727863828125001 0.0556640625 0.8637885843750001 0.0439453125 0.8535053874999999 0.0341796875 0.8535053874999999 0.0322265625 0.8509345875 0.0283203125 0.8535053874999999 0.0224609375 0.8535053874999999 0.0185546875 0.8560761859375001 0.005859375 0.8727863828125001 0.00390625 0.87792798125 0.00390625 0.903635975 0.005859375 0.9062067734375001 0.005859375 0.9113483734375001 0.0185546875 0.93062936875 0.0263671875 0.9357709671875 0.044921875 0.9344855671875001 0.0556640625 0.93062936875 0.064453125 0.919060771875 0.068359375 0.9062067734375001 0.068359375 0.8907819781249999 0.06640625 0.888211178125 0.06640625 0.8830695796875
5 0.484375 0.8804987796875 0.4765625 0.8650739843749999 0.4677734375 0.8535053874999999 0.4599609375 0.8483637890625 0.4501953125 0.8483637890625 0.4443359375 0.8535053874999999 0.4306640625 0.8586469859375001 0.416015625 0.87792798125 0.4140625 0.8830695796875 0.4140625 0.903635975 0.416015625 0.9087775734375001 0.4384765625 0.9357709671875 0.4423828125 0.9357709671875 0.4501953125 0.9409125656249999 0.46484375 0.939627165625 0.4755859375 0.93062936875 0.484375 0.919060771875 0.486328125 0.913919171875 0.486328125 0.888211178125 0.484375 0.8856403796875 0.484375 0.8804987796875
5 0.4130859375 0.39590310156249997 0.4091796875 0.39590310156249997 0.4072265625 0.3933323015625 0.4033203125 0.39590310156249997 0.3935546875 0.39590310156249997 0.3837890625 0.40104470000000003 0.376953125 0.41004249843749996 0.375 0.42032569531249997 0.37109375 0.42803809375 0.373046875 0.4511752875 0.375 0.4537460875 0.375 0.46145848437500003 0.37890625 0.47174168281249995 0.3876953125 0.48073948125 0.3935546875 0.48073948125 0.3955078125 0.4833102796875 0.40234375 0.4820248796875 0.4091796875 0.48073948125 0.4169921875 0.47559788125 0.431640625 0.44860448750000004 0.431640625 0.4331796921875 0.423828125 0.41004249843749996 0.4130859375 0.39590310156249997
2 0.4296875 0.0424181890625 0.4208984375 0.030849592187500004 0.4072265625 0.02313719375 0.3916015625 0.02313719375 0.3818359375 0.028278793749999996 0.37109375 0.0424181890625 0.3671875 0.052701387499999995 0.3671875 0.060413784375 0.365234375 0.062984584375 0.365234375 0.0784093796875 0.37109375 0.09383417656250001 0.3798828125 0.1079735734375 0.3935546875 0.11568597031250001 0.400390625 0.114400571875 0.4091796875 0.113115171875 0.4169921875 0.1079735734375 0.427734375 0.0964049765625 0.435546875 0.0809801796875 0.435546875 0.060413784375 0.4296875 0.0424181890625
2 0.8662109375 0.4935934765625 0.8525390625 0.501305875 0.849609375 0.5077328734375001 0.841796875 0.515445271875 0.8359375 0.5308700671875 0.837890625 0.5488656640625 0.8486328125 0.565575859375 0.8525390625 0.5681466578125 0.8671875 0.5668612578125 0.8837890625 0.5552926609375 0.89453125 0.5308700671875 0.892578125 0.5205868703125 0.884765625 0.500020475 0.8798828125 0.4935934765625 0.8662109375 0.4935934765625
11 0.1962890625 0.010283196875000001 0.1904296875 0.0179955953125 0.1787109375 0.0179955953125 0.17578125 0.02185179375 0.1787109375 0.02570799375 0.1884765625 0.030849592187500004 0.205078125 0.029564192187499998 0.2099609375 0.028278793749999996 0.212890625 0.02185179375 0.2099609375 0.0179955953125 0.2041015625 0.0179955953125 0.2001953125 0.010283196875000001 0.1962890625 0.010283196875000001
11 0.2998046875 0.12339836875000001 0.2880859375 0.11568597031250001 0.2685546875 0.11568597031250001 0.2568359375 0.12339836875000001 0.244140625 0.14010856562500001 0.244140625 0.1452501640625 0.2421875 0.1478209640625 0.2421875 0.17095815781249998 0.244140625 0.17352895625 0.244140625 0.1838121546875 0.24609375 0.188953753125 0.2548828125 0.20052235000000002 0.2578125 0.20180775 0.2587890625 0.20566394843750002 0.2666015625 0.210805546875 0.2744140625 0.210805546875 0.2763671875 0.21337634687499998 0.28515625 0.212090946875 0.2958984375 0.2082347484375 0.310546875 0.188953753125 0.314453125 0.17867055625 0.314453125 0.1503917625 0.30859375 0.134966965625 0.2998046875 0.12339836875000001
11 0.3388671875 0.030849592187500004 0.3310546875 0.028278793749999996 0.3251953125 0.02313719375 0.3076171875 0.02313719375 0.3037109375 0.028278793749999996 0.2939453125 0.030849592187500004 0.2890625 0.037276590625 0.28515625 0.0475597875 0.28515625 0.055272185937499996 0.283203125 0.0578429859375 0.283203125 0.088692578125 0.2890625 0.101546575 0.2978515625 0.113115171875 0.3115234375 0.1208275703125 0.326171875 0.1195421703125 0.3388671875 0.113115171875 0.353515625 0.091263378125 0.35546875 0.086121778125 0.35546875 0.055272185937499996 0.3515625 0.0449889890625 0.3388671875 0.030849592187500004
11 0.234375 0.16324575937500002 0.232421875 0.160674959375 0.232421875 0.1478209640625 0.228515625 0.14267936406249998 0.2265625 0.134966965625 0.2197265625 0.1311107671875 0.2138671875 0.12339836875000001 0.2099609375 0.12339836875000001 0.2001953125 0.11568597031250001 0.1923828125 0.11568597031250001 0.1689453125 0.1311107671875 0.162109375 0.14010856562500001 0.158203125 0.1529625625 0.158203125 0.160674959375 0.15625 0.16324575937500002 0.15625 0.17352895625 0.158203125 0.17609975625000002 0.158203125 0.186382953125 0.1748046875 0.2082347484375 0.1884765625 0.210805546875 0.1904296875 0.21337634687499998 0.20703125 0.212090946875 0.2197265625 0.20309315 0.23046875 0.188953753125 0.232421875 0.1838121546875 0.232421875 0.17095815781249998 0.234375 0.1683873578125 0.234375 0.16324575937500002
11 0.275390625 0.07326778125 0.2734375 0.0706969828125 0.275390625 0.065555384375 0.2734375 0.062984584375 0.2734375 0.055272185937499996 0.26953125 0.0449889890625 0.2548828125 0.028278793749999996 0.2509765625 0.028278793749999996 0.2431640625 0.0205663953125 0.2333984375 0.0205663953125 0.2138671875 0.030849592187500004 0.208984375 0.037276590625 0.208984375 0.039847390625 0.203125 0.0449889890625 0.201171875 0.050130587500000004 0.201171875 0.0578429859375 0.19921875 0.060413784375 0.19921875 0.086121778125 0.201171875 0.088692578125 0.201171875 0.0964049765625 0.205078125 0.10668817343749999 0.2119140625 0.11568597031250001 0.2236328125 0.12339836875000001 0.2333984375 0.12339836875000001 0.2353515625 0.12596916875 0.23828125 0.12468376875 0.2470703125 0.12339836875000001 0.2548828125 0.1182567703125 0.26953125 0.101546575 0.2734375 0.09383417656250001 0.2734375 0.07583858125000001 0.275390625 0.07326778125
7 0 0.2012434484375 0.15063716875 0.2012434484375 0.15063716875 0.00815666875 0 0.00815666875 0 0.2012434484375
3 0.33068141562500003 0.379895165625 0.5730000000000001 0.379895165625 0.5730000000000001 0.12463599375000001 0.33068141562500003 0.12463599375000001 0.33068141562500003 0.379895165625
3 0 0.6781654046875001 0.278053096875 0.6781654046875001 0.278053096875 0.3071228890625 0 0.3071228890625 0 0.6781654046875001
3 0.6330398234375 0.954688409375 0.8526061953124999 0.954688409375 0.8526061953124999 0.7866394875 0.6330398234375 0.7866394875 0.6330398234375 0.954688409375
3 0.0194690265625 0.8443884687500001 0.1683362828125 0.8443884687500001 0.1683362828125 0.6934566109375 0.0194690265625 0.6934566109375 0.0194690265625 0.8443884687500001