7 0.84606875 0.8070965937500001 0.84606875 0.62147159375 0.55983125 0.6281338453124999 0.55983125 0.8137588453125 0.84606875 0.8070965937500001
7 0.41928124999999994 0.3393504953125 0.41928124999999994 0.1921786203125 0.17259375 0.1979203359375 0.17259375 0.3450922109375 0.41928124999999994 0.3393504953125
5 0.5953125 0.2615345734375 0.6140625 0.2610981609375 0.628125 0.248075540625 0.65625 0.2317959234375 0.65625 0.2259365484375 0.646875 0.21443600468750001 0.6328125 0.20597425 0.6203125 0.202358940625 0.5890625 0.20113316874999998 0.56875 0.214301259375 0.5640625 0.231011925 0.5625 0.24179047968749998 0.5734375 0.25423121875 0.5953125 0.2615345734375
5 0.2015625 0.62226170625 0.2421875 0.6193630234375 0.25625 0.610246653125 0.265625 0.594403446875 0.265625 0.578778446875 0.259375 0.5672051671875 0.2328125 0.5492687296875001 0.2109375 0.545871625 0.1921875 0.5463080359375 0.1625 0.5616474578124999 0.153125 0.5735844140624999 0.1515625 0.58436296875 0.153125 0.6009281640624999 0.1859375 0.61871913125 0.2015625 0.62226170625
5 0.2875 0.654441175 0.3078125 0.6686168343750001 0.3234375 0.6741125343750001 0.3765625 0.6709229109375 0.4 0.657682084375 0.415625 0.6338809078125001 0.409375 0.612542003125 0.396875 0.59916106875 0.3828125 0.592652440625 0.3484375 0.5875931515625 0.3234375 0.5881750343750001 0.3046875 0.5944708203125 0.2796875 0.6223964515625 0.278125 0.63512813125 0.284375 0.6408420359375 0.2875 0.654441175
5 0.6328125 0.5555836249999999 0.6578125 0.53937674375 0.6703125 0.537132678125 0.68125 0.5300421671875 0.68125 0.5144171671875 0.66875 0.4971299828125 0.6546875 0.48866822968749996 0.6453125 0.488886434375 0.6328125 0.48331799999999997 0.5953125 0.48419082343750003 0.5703125 0.4886789546875 0.55625 0.49779532499999996 0.5421875 0.5205835703125 0.54375 0.539101890625 0.5734375 0.55696559375 0.6328125 0.5555836249999999
2 0.5890625 0.47261754375000004 0.6203125 0.47384331562500004 0.6484375 0.467329325 0.6875 0.432240446875 0.684375 0.4186413078125 0.65625 0.3919521734375 0.6421875 0.38739667031249997 0.6203125 0.38595269062500004 0.5796875 0.3908044984375 0.55625 0.40599844999999996 0.5453125 0.4228545859375 0.54375 0.443398765625 0.553125 0.4548993109375 0.5890625 0.47261754375000004
2 0.8484375 0.9646273984375 0.8671875 0.9680972375 0.9296875 0.9646894078124999 0.94375 0.9555730375 0.965625 0.9316263906250001 0.9625 0.9102147515624999 0.9265625 0.88468401875 0.9109375 0.88114144375 0.8578125 0.8823779421875001 0.83125 0.8976446296875 0.8171875 0.9145735 0.815625 0.9292583046875 0.83125 0.9542852546875 0.8484375 0.9646273984375
2 0.7203125 0.914875165625 0.7609375 0.9158827328125 0.7921875 0.91124913125 0.8125 0.900034165625 0.83125 0.8761602546875 0.83125 0.8624883796875 0.821875 0.8509878343749999 0.7921875 0.82921788125 0.7765625 0.8256753078125 0.7328125 0.8266935999999999 0.7078125 0.83118173125 0.684375 0.8483288078125 0.6765625 0.8631590828125001 0.68125 0.8952765421875 0.6984375 0.9095249375 0.7203125 0.914875165625
2 0.7078125 0.93469735625 0.696875 0.9398347421875 0.6796875 0.9568363484375 0.6796875 0.9841800984375 0.8140625 0.981052484375 0.81875 0.9780136953125 0.8125 0.952768540625 0.79375 0.9356268265625 0.7828125 0.9309985875000001 0.7421875 0.92803789375 0.7078125 0.93469735625
2 0.1703125 0.9296296828124999 0.14375 0.9448963687499999 0.140625 0.9566878546875 0.1328125 0.9617525046875001 0.13125 0.9803435593750001 0.1453125 0.9966178140625 0.2484375 0.9942175531249999 0.271875 0.9673048515625 0.271875 0.9575392265625 0.259375 0.9422051671875 0.2390625 0.9299826328125 0.2203125 0.9265127953125001 0.1703125 0.9296296828124999
2 0.15625 0.9055429281249999 0.1796875 0.9157396015625 0.2078125 0.9189912359375001 0.2421875 0.9162380234375 0.275 0.8910602421875 0.275 0.8617633671875 0.2625 0.8464293078124999 0.2421875 0.8361598984375 0.2234375 0.8326900593750001 0.1796875 0.8337083515625 0.15 0.8510008984375 0.1390625 0.863950784375 0.1375 0.8825418390624999 0.14375 0.8921619937499999 0.15625 0.9055429281249999
2 0.3078125 0.961585584375 0.3328125 0.964909953125 0.3765625 0.9619385359375 0.4 0.946744584375 0.4125 0.93278176875 0.409375 0.913323253125 0.390625 0.8903221640625001 0.3609375 0.8783178359375 0.3046875 0.8796270703125 0.28125 0.8948210203125001 0.2703125 0.91558340625 0.26875 0.9302682125 0.2875 0.9532693 0.3078125 0.961585584375
2 0.16875 0.7118926125 0.1859375 0.72223475625 0.2515625 0.7226604421875 0.26875 0.7134713374999999 0.28125 0.6995085203125 0.28125 0.6623991453125 0.2546875 0.6425095828125 0.2359375 0.6370866187499999 0.2015625 0.63593358125 0.1796875 0.6403489765625 0.153125 0.6595219140624999 0.1484375 0.670373203125 0.146875 0.6772455093749999 0.15625 0.696558553125 0.16875 0.7118926125
2 0.1171875 0.10469430625000001 0.1390625 0.098325784375 0.171875 0.061429253125000007 0.165625 0.0459497234375 0.1484375 0.035607578125 0.1390625 0.033872659375 0.0828125 0.0371350171875 0.065625 0.046324123437499996 0.0640625 0.05710267812499999 0.0625 0.099131234375 0.0890625 0.105348921875 0.1171875 0.10469430625000001