3 0.0051691328124999995 0.8884985828125 0.0058178296875 1 0.3749087390625 0.9978526921875 0.37426004218750003 0.886351275 0.0051691328124999995 0.8884985828125
3 0.2682637953125 0.529406265625 0.0030889703125 0.5309490078125 0.0038024375 0.65358356875 0.2689772625 0.6520408265625 0.2682637953125 0.529406265625
3 0.32820072968749997 0.524227371875 0.327155828125 0.3446239734375 0.0020509343749999997 0.346515378125 0.0030958359375000003 0.5261187765625001 0.32820072968749997 0.524227371875
4 0.6703765890625 0.25916825781249997 0.669572640625 0.12098128906250001 0.0776146 0.12442519999999999 0.0784185484375 0.26261216875 0.6703765890625 0.25916825781249997
15 0.7970197265625 0.8183997671875 0.7521873 0.796795321875 0.7248779484375001 0.7861778078125 0.60589794375 0.7698722703125 0.49412519843749997 0.79035324375 0.48723107812500005 0.8073910953125001 0.49438889531249997 0.8356790234375 0.5434058703125 0.8467256781250001 0.6692635140625 0.8431605031249999 0.7970197265625 0.8183997671875
15 0.8351673937499999 0.5107393250000001 0.8350355453124999 0.4880764359375 0.707045425 0.4829935328125 0.5831389625 0.46404531406249994 0.5203007859375 0.48140863906250003 0.5134561093750001 0.5069450734375 0.5416094296875 0.537943809375 0.6352251578125 0.543729328125 0.774832384375 0.5263296453125 0.8351673937499999 0.5107393250000001
15 0.9111345656250001 0.3459858515625 0.7432859171875 0.344129409375 0.69426894375 0.333082753125 0.6806619953124999 0.3983199296875 0.708732909375 0.41515435937499995 0.8485765687500001 0.411507815625 0.9393306859375 0.386364378125 0.9461820062499999 0.3599467375 0.9111345656250001 0.3459858515625
15 0.6937415484375 0.24243119531250001 0.8405287703125 0.2302453828125 0.8823549640625 0.20733838906250002 0.882157190625 0.1733440546875 0.6932635968749999 0.1602782203125 0.658562259375 0.2058074203125 0.6937415484375 0.24243119531250001
7 0.56667058125 0.428105909375 0.566177796875 0.3434033609375 0.38568828593750004 0.34445341875 0.38618107031250004 0.42915596718750004 0.56667058125 0.428105909375
7 0.47514874999999995 0.31730315625 0.47493020937499997 0.27973941562500004 0.26905608281250004 0.28093715625 0.26927462343749997 0.318500896875 0.47514874999999995 0.31730315625
7 0.168465615625 0.30623992499999997 0.16808770312500002 0.24128241875 0.07067511562499999 0.2418491484375 0.071053028125 0.3068066546875 0.168465615625 0.30623992499999997
7 0.381098134375 0.87771346875 0.37997296875000003 0.6843140359375 0.30311982187500003 0.684761153125 0.3042449875 0.8781605859375 0.381098134375 0.87771346875
7 0.492370225 0.7411266609375 0.492130590625 0.6999368593749999 0.43269003125000005 0.700282675 0.432929665625 0.7414724765625 0.492370225 0.7411266609375
7 0.415342 0.585266390625 0.41507550000000004 0.539459025 0.326054521875 0.539976934375 0.326321021875 0.5857843 0.415342 0.585266390625
7 0.49111612187500003 0.51955421875 0.49055230312500003 0.4226420375 0.420552303125 0.4230492859375 0.421116121875 0.5199614671874999 0.49111612187500003 0.51955421875
7 0.5688626250000001 0.949130621875 0.5691395078125 0.996722690625 0.7534052421874999 0.9956506640624999 0.753128359375 0.9480585953125 0.5688626250000001 0.949130621875