3 0.613454025 0.996329478125 0.982544934375 0.9941821703124999 0.9844912000000001 0.8826807531249999 0.615400290625 0.8848280609374999 0.613454025 0.996329478125
3 0.72341683125 0.6493084812500001 0.98859165625 0.6477657390625 0.99073225 0.525131178125 0.725557425 0.5266739203124999 0.72341683125 0.6493084812500001
3 0.9907815937500001 0.520301353125 0.9939165828125001 0.3406979546875 0.6688116890625 0.342589359375 0.6656767 0.5221927578125001 0.9907815937500001 0.520301353125
4 0.9185201671875 0.2576889828125 0.9209322296875 0.11950201406250001 0.32897418906250003 0.12294592499999998 0.3265621265625 0.26113289375000004 0.9185201671875 0.2576889828125
15 0.2384895953125 0.7996754546875 0.193402725 0.821800075 0.32087945156250003 0.8450726578125 0.44670412812500004 0.8471732046874999 0.49585296874999996 0.8355569718750001 0.5033404531250001 0.807187675 0.496644134375 0.7902311921875 0.38510215625 0.771052109375 0.26592435000000003 0.7887409062499999 0.2384895953125 0.7996754546875
15 0.1592282546875 0.49194142812499997 0.158832671875 0.5146043171875 0.21899034374999998 0.5294915687499999 0.3584045453125 0.5452657046875 0.4520939359375 0.5383913359375 0.4806098890625 0.5070671250000001 0.4740619125 0.481612059375 0.4114215375 0.46498105 0.2872861875 0.48536966875000004 0.1592282546875 0.49194142812499997
15 0.04956529375 0.3651136203125 0.056109659374999996 0.3914497578125 0.14657732968749998 0.4155355453125 0.2863880234375 0.4175547234375 0.3146567375 0.40039481875 0.301808021875 0.3353203796875 0.2526591828125 0.3469366140625 0.084777565625 0.35074589375 0.04956529375 0.3651136203125
15 0.1567349953125 0.23419174375 0.3033903515625 0.244668821875 0.33899820625 0.20763820625 0.30482433750000004 0.162515846875 0.115765909375 0.177778625 0.11517253593750001 0.21177295937500001 0.1567349953125 0.23419174375
7 0.6087987640625 0.42780240625 0.610277253125 0.3430998578125 0.42978774218750004 0.34414991562499997 0.428309253125 0.4288524640625 0.6087987640625 0.42780240625
7 0.7270008031249999 0.3157945890625 0.7276564796875 0.2782308484375 0.521782353125 0.2794285890625 0.5211266765625 0.3169923296875 0.7270008031249999 0.3157945890625
7 0.9253719015625 0.301794778125 0.9265057390625 0.23683727187499998 0.8290931515625 0.2374040015625 0.8279593140625 0.30236150781250004 0.9253719015625 0.301794778125
7 0.6855154 0.8758232843749999 0.6888912 0.6824238515625 0.612038053125 0.68287096875 0.608662253125 0.8762704015624999 0.6855154 0.8758232843749999
7 0.5584126265625 0.74064170625 0.559131596875 0.6994519046875001 0.4996910375 0.6997977203125 0.49897206718750003 0.7409875218749999 0.5584126265625 0.74064170625
7 0.6668402078125 0.5837236484375 0.6676397781250001 0.5379162828124999 0.5786188 0.5384341921875 0.5778192296875 0.5842415578125 0.6668402078125 0.5837236484375
7 0.572804659375 0.5190082375 0.5744962671875 0.42209605625 0.5044962671875 0.42250330468749997 0.502804659375 0.5194154859375 0.572804659375 0.5190082375
7 0.23578824531250003 0.9509394375 0.23495752187500002 0.99853150625 0.41922325625 0.9974594796874999 0.42005397968749997 0.9498674109374999 0.23578824531250003 0.9509394375