13 0.2762960046875 0.1728375265625 0.2598885703125 0.1190533953125 0.12044373593749999 0.10603869218749999 0.0898528703125 0.1258835609375 0.07506289375 0.164763521875 0.09126814531250001 0.206964640625 0.1740793421875 0.2248300671875 0.2564187828125 0.2156684671875 0.2762960046875 0.1728375265625
7 0.39976733593749997 0.2307778515625 0.40578697343750003 0.575642715625 0.584652953125 0.572520596875 0.5786333156250001 0.2276557328125 0.39976733593749997 0.2307778515625
13 0.3946852265625 0.456572371875 0.3402303984375 0.41772594375 0.23448704843749998 0.43619555937500004 0.2610015796875 0.47821672968750006 0.3179721859375 0.49267102500000004 0.3797604609375 0.48773032499999996 0.3946852265625 0.456572371875
13 0.558185715625 0.666138371875 0.5573769875 0.6198063265625 0.526179575 0.6049021578125 0.422952003125 0.598979640625 0.397650565625 0.626456540625 0.40334435781250005 0.657254596875 0.450140475 0.67961085 0.537836734375 0.6819422859375 0.558185715625 0.666138371875
13 0.22040571718750002 0.81107283125 0.2204731109375 0.8149338359374999 0.22562775 0.8148438625000001 0.22569514375000002 0.8187048656249999 0.23084978281250002 0.818614890625 0.23613920937500002 0.8262469234375001 0.2464484875 0.826066975 0.25173791562500003 0.8336990078125 0.267201834375 0.8334290843750001 0.267269228125 0.8372900890625001 0.27757850624999997 0.8371101390625 0.2776459 0.8409711421875 0.287955178125 0.84079119375 0.288022571875 0.8446521984375 0.3241050453125 0.8440223765624999 0.324172440625 0.8478833796874999 0.33448171875 0.8477034296875001 0.3344143234375 0.8438424265625001 0.344723603125 0.843662478125 0.34465620937499997 0.8398014734375 0.3498108484375 0.8397114984374999 0.34886733125 0.7856574453125 0.3437126921875 0.7857474203125 0.338423265625 0.7781153875 0.29203151250000003 0.7789251578124999 0.29209890625 0.7827861609375 0.2508617921875 0.7835059578125 0.2509291859375 0.7873669624999999 0.24577454687500003 0.7874569375 0.2458419421875 0.791317940625 0.240687303125 0.7914079140625 0.240754696875 0.7952689187499999 0.2356000578125 0.79535889375 0.23058020625000003 0.803170875 0.20996165000000003 0.8035307734374999 0.21002904375 0.807391778125 0.2151836828125 0.8073018031249999 0.21525107812500002 0.8111628062499999 0.22040571718750002 0.81107283125
3 0.5961552234374999 0.773616659375 0.5761137546875 0.7537686109374999 0.5435467578125001 0.7473970859375 0.5029673546875 0.752070178125 0.5037086890625 0.7945412203125 0.524596821875 0.8096253375 0.5864524921875 0.8085456421874999 0.5961552234374999 0.773616659375
3 0.8352945203125 0.2519103171875 0.8367798859375 0.3370068421875 0.9821922578125 0.33446865937500003 0.9807068921875001 0.249372134375 0.8352945203125 0.2519103171875
3 0.587624790625 0.22730567656249998 0.5884847390625 0.2765720859375 0.6472991718750001 0.2755454765625 0.6464392234375 0.2262790671875 0.587624790625 0.22730567656249998
3 0.7417692890625001 0.095830675 0.7426757390625001 0.1477611765625 0.802727284375 0.1467129734375 0.8018208343750001 0.094782471875 0.7417692890625001 0.095830675
7 0.0242645203125 0.7358045671875 0.028614807812499997 0.9850323671875 0.2187694484375 0.98171320625 0.2144191609375 0.73248540625 0.0242645203125 0.7358045671875
7 0.2289960609375 0.8468218515625001 0.23127195937499997 0.9772079515625001 0.41792144374999995 0.9739499734375 0.4156455453125 0.8435638734375001 0.2289960609375 0.8468218515625001
7 1 0.8386937375000001 0.6097591687499999 0.8455054171875 0.6118679296875 0.9663162281250001 1 0.9595413562499999 1 0.8386937375000001
7 0.40647905937499995 0.0067701078125 0.410121034375 0.21541875781250003 0.6722859828125001 0.2108426515625 0.6686440078125 0.0021940015625 0.40647905937499995 0.0067701078125
7 0.23829126562499997 0.3055681546875 0.0054046671875 0.3096332046875 0.00834641875 0.4781660234375 0.24123301718749998 0.4741009734375 0.23829126562499997 0.3055681546875
7 0.744099471875 0.3873652984375 0.7462035140625 0.5079058375 0.9337292875 0.5046325625 0.9316252453124999 0.3840920234375 0.744099471875 0.3873652984375