3 0.52564444375 0.616696428125 0.799422221875 0.616696428125 0.799422221875 0.22562500000000002 0.52564444375 0.22562500000000002 0.52564444375 0.616696428125
3 0.317577778125 0.6849107140624999 0.523222221875 0.6849107140624999 0.523222221875 0.38392857187499996 0.317577778125 0.38392857187499996 0.317577778125 0.6849107140624999
3 0.80244444375 0.597209821875 0.9577333328125001 0.597209821875 0.9577333328125001 0.3352008921875 0.80244444375 0.3352008921875 0.80244444375 0.597209821875
3 0.12364444375000001 0.686540178125 0.30195555625 0.686540178125 0.30195555625 0.570602678125 0.12364444375000001 0.570602678125 0.12364444375000001 0.686540178125
4 0.3040192984375 0.2706350671875 0.30723313281250003 0.23832548281250002 0.35062063593750004 0.24155642031250002 0.342222221875 0.196428571875 0.3104470359375 0.19713074531250002 0.29437759531249996 0.21893978125000002 0.256614409375 0.2286325984375 0.2525970484375 0.25205703125 0.2666666671875 0.28125 0.3040192984375 0.2706350671875
4 0.6666666671875 0 0.6488888890625 0.0446428578125 0.6799999999999999 0.0669642859375 0.7066666671874999 0.053571428125 0.7066666671874999 0.0267857140625 0.6933333328125 0 0.6666666671875 0
4 0.3466666671875 0 0.342222221875 0.040178571875 0.36444444374999996 0.0803571421875 0.40888888906250004 0.084821428125 0.42222222187499997 0.040178571875 0.382222221875 0 0.3466666671875 0
4 0.4553824171875 0.06373740624999999 0.45880141406249997 0.0877974234375 0.4741868578125 0.0998274328125 0.497777778125 0.0982142859375 0.4888888890625 0.0580357140625 0.4553824171875 0.06373740624999999
4 0.502222221875 0.0803571421875 0.48 0.15625 0.52444444375 0.178571428125 0.5466666671875 0.1383928578125 0.5377777781249999 0.102678571875 0.502222221875 0.0803571421875
4 0.5241466359375 0.0310278484375 0.5114614359375 0.0692855890625 0.5406374406250001 0.09096498593749999 0.56444444375 0.0803571421875 0.56444444375 0.0446428578125 0.5241466359375 0.0310278484375
4 0.79555555625 0.0803571421875 0.8311111109375 0.084821428125 0.8400000000000001 0.053571428125 0.8044444437499999 0.040178571875 0.79555555625 0.0803571421875
4 0.8755555562499999 0.071428571875 0.8488888890625 0.0892857140625 0.8533333328125 0.116071428125 0.8899908625 0.1171168890625 0.9026760625 0.0903364375 0.8755555562499999 0.071428571875
4 0.8755555562499999 0.28125 0.8977777781249999 0.31696428593750003 0.9288888890625 0.2946428578125 0.9111111109375001 0.25446428593750003 0.8755555562499999 0.28125
15 0.64444444375 0.7589285718750001 0.6488888890625 0.6875 0.622222221875 0.6651785718750001 0.5866666671874999 0.6651785718750001 0.5599999999999999 0.6875 0.5688888890625 0.7767857140625 0.5822222218750001 0.8125 0.617777778125 0.8125 0.64444444375 0.7589285718750001
15 0.7446201859375 0.73806475 0.7466666671875 0.6651785718750001 0.7066666671874999 0.65625 0.67555555625 0.6651785718750001 0.6686832171875 0.716400584375 0.6974161109375 0.8051204109375 0.7288888890624999 0.7991071421875 0.7446201859375 0.73806475
15 0.742222221875 0.6651785718750001 0.7333333328125 0.6651785718750001 0.7288888890624999 0.6741071421875 0.7244444437500001 0.6741071421875 0.7244444437500001 0.7053571421875 0.7288888890624999 0.7053571421875 0.7288888890624999 0.7678571421875 0.7333333328125 0.7678571421875 0.7333333328125 0.78125 0.7511111109375 0.78125 0.7511111109375 0.7857142859375 0.76 0.7857142859375 0.76444444375 0.7946428578125 0.7688888890625 0.7946428578125 0.7688888890625 0.7991071421875 0.7911111109375 0.7991071421875 0.79555555625 0.7901785718750001 0.8044444437499999 0.7901785718750001 0.8044444437499999 0.7857142859375 0.8088888890625 0.7857142859375 0.8088888890625 0.7455357140625 0.8133333328125 0.7455357140625 0.8133333328125 0.7410714281249999 0.8088888890625 0.7410714281249999 0.8088888890625 0.7098214281249999 0.8044444437499999 0.7098214281249999 0.8044444437499999 0.6830357140625 0.8 0.6830357140625 0.8 0.6428571421875 0.7688888890625 0.6428571421875 0.7688888890625 0.6473214281249999 0.76 0.6473214281249999 0.75555555625 0.65625 0.7466666671875 0.65625 0.742222221875 0.6651785718750001
15 0.32444444375 0.6875 0.32 0.6875 0.32 0.6964285718750001 0.31555555625 0.6964285718750001 0.31555555625 0.7053571421875 0.3111111109375 0.7053571421875 0.3111111109375 0.7857142859375 0.31555555625 0.7857142859375 0.31555555625 0.8080357140625001 0.32 0.8080357140625001 0.32 0.8214285718750001 0.32444444375 0.8214285718750001 0.32444444375 0.84375 0.3288888890625 0.84375 0.3288888890625 0.8571428578125 0.3333333328125 0.8571428578125 0.3333333328125 0.8660714281249999 0.337777778125 0.8660714281249999 0.337777778125 0.875 0.3466666671875 0.875 0.35111111093749997 0.8839285718750001 0.37333333281250003 0.8839285718750001 0.37333333281250003 0.8794642859374999 0.3866666671875 0.875 0.3911111109375 0.8526785718750001 0.39555555625 0.8526785718750001 0.39555555625 0.8348214281249999 0.4 0.8348214281249999 0.4 0.7991071421875 0.40444444375 0.7991071421875 0.40888888906250004 0.7053571421875 0.41333333281250006 0.7053571421875 0.41333333281250006 0.6919642859375 0.40888888906250004 0.6919642859375 0.40888888906250004 0.6875 0.3911111109375 0.6875 0.3911111109375 0.6830357140625 0.36444444374999996 0.6830357140625 0.36444444374999996 0.6785714281249999 0.36 0.6785714281249999 0.36 0.6651785718750001 0.35111111093749997 0.6607142859375 0.35111111093749997 0.65625 0.3288888890625 0.65625 0.32444444375 0.6696428578125 0.32 0.6696428578125 0.32 0.6741071421875 0.32444444375 0.6741071421875 0.32444444375 0.6875
15 0.057777778125 0.7589285718750001 0.0533333328125 0.7589285718750001 0.0533333328125 0.7857142859375 0.057777778125 0.7857142859375 0.062222221875 0.8125 0.0666666671875 0.8125 0.0666666671875 0.8214285718750001 0.0711111109375 0.8214285718750001 0.0711111109375 0.8303571421875 0.07555555625 0.8303571421875 0.07555555625 0.8392857140625001 0.08 0.8392857140625001 0.08 0.8482142859374999 0.08444444375 0.8482142859374999 0.08444444375 0.8571428578125 0.0933333328125 0.8616071421875 0.0933333328125 0.8660714281249999 0.102222221875 0.8660714281249999 0.102222221875 0.8705357140625001 0.11555555625 0.8705357140625001 0.11555555625 0.8660714281249999 0.137777778125 0.8660714281249999 0.137777778125 0.8616071421875 0.14666666718750002 0.8616071421875 0.14666666718750002 0.8392857140625001 0.15111111093750001 0.8392857140625001 0.15111111093750001 0.78125 0.16 0.7767857140625 0.16 0.7678571421875 0.15555555625 0.7678571421875 0.15555555625 0.7633928578125 0.137777778125 0.7633928578125 0.137777778125 0.7589285718750001 0.13333333281249998 0.7589285718750001 0.13333333281249998 0.7455357140625 0.1288888890625 0.7455357140625 0.1288888890625 0.7366071421875 0.0711111109375 0.7366071421875 0.0666666671875 0.7455357140625 0.062222221875 0.7455357140625 0.062222221875 0.75 0.057777778125 0.75 0.057777778125 0.7589285718750001