3 0.205082959375 0.774375 0.47886073749999997 0.774375 0.4765855515625 0.383303571875 0.2028077734375 0.383303571875 0.205082959375 0.774375
3 0.4803619765625 0.6160714281249999 0.6860064203125 0.6160714281249999 0.6842553578125 0.31508928593749996 0.4786109140625 0.31508928593749996 0.4803619765625 0.6160714281249999
3 0.046134354687500004 0.6647991078125 0.20142324375 0.6647991078125 0.1998989203125 0.40279017812499995 0.04461003125 0.40279017812499995 0.046134354687500004 0.6647991078125
3 0.7005426046875 0.42939732187499996 0.8788537171874999 0.42939732187499996 0.8781792125000001 0.313459821875 0.6998681 0.313459821875 0.7005426046875 0.42939732187499996
4 0.697198159375 0.7616745171875 0.653791859375 0.7584435796875 0.6624528203125 0.8035714281249999 0.6942239203125 0.8028692546875 0.7101664796875 0.78106021875 0.747873275 0.7713674015625 0.75175435625 0.74794296875 0.7375148984375001 0.71875 0.700224021875 0.7293649328125 0.697198159375 0.7616745171875
4 0.3391511625 1 0.356669215625 0.9553571421875 0.32542824375 0.9330357140625001 0.29883949374999996 0.9464285718750001 0.298995328125 0.9732142859374999 0.312484496875 1 0.3391511625 1
4 0.6591511624999999 1 0.66336185625 0.9598214281249999 0.6409058812499999 0.9196428578125 0.5964354640625 0.9151785718750001 0.58336185625 0.9598214281249999 0.6235956078125 1 0.6591511624999999 1
4 0.5500646 0.9362625937500001 0.546505625 0.9122025765625 0.53105019375 0.9001725671875 0.5074686578125001 0.9017857140625001 0.5165912984375 0.9419642859374999 0.5500646 0.9362625937500001
4 0.503128103125 0.9196428578125 0.52490879375 0.84375 0.48033448749999996 0.8214285718750001 0.4583460171875 0.8616071421875 0.4674426859375 0.8973214281249999 0.503128103125 0.9196428578125
4 0.48149067968750003 0.9689721515624999 0.4939533015625 0.9307144109375001 0.46465117031250003 0.9090350140625001 0.44090588124999996 0.9196428578125 0.44111366093750004 0.9553571421875 0.48149067968750003 0.9689721515624999
4 0.16550616093749998 0.9464285718750001 0.201139634375 0.9598214281249999 0.20979476875 0.9196428578125 0.1742132421875 0.9151785718750001 0.16550616093749998 0.9464285718750001
4 0.12984671406249998 0.9285714281249999 0.1564094921875 0.9107142859374999 0.15180921249999998 0.8839285718750001 0.1151456015625 0.8828831109375 0.10261620468749999 0.9096635624999999 0.12984671406249998 0.9285714281249999
4 0.075214759375 0.7053571421875 0.0932262890625 0.7455357140625 0.128626009375 0.71875 0.1061960078125 0.6830357140625 0.075214759375 0.7053571421875
15 0.3797257125 0.33482142812500004 0.4152812671875 0.33482142812500004 0.44181807187500005 0.3125 0.432409734375 0.2232142859375 0.418868621875 0.1875 0.383313065625 0.1875 0.35695806874999997 0.24107142812500001 0.35292918281249996 0.3125 0.3797257125 0.33482142812500004
15 0.326392378125 0.33482142812500004 0.332966715625 0.283599415625 0.303717665625 0.1948795890625 0.272279871875 0.2008928578125 0.256903709375 0.26193525 0.2552812671875 0.33482142812500004 0.2953332125 0.34375 0.326392378125 0.33482142812500004
15 0.25013556718749996 0.2142857140625 0.241246678125 0.2142857140625 0.2367502890625 0.2053571421875 0.23230584375 0.2053571421875 0.23227987187500002 0.2008928578125 0.21005764999999998 0.2008928578125 0.2056651484375 0.20982142812500001 0.1967762609375 0.20982142812500001 0.196802234375 0.2142857140625 0.1923577890625 0.2142857140625 0.192591540625 0.25446428593750003 0.188147096875 0.25446428593750003 0.1881730703125 0.25892857187499996 0.1926175140625 0.25892857187499996 0.1927993203125 0.29017857187499996 0.19724376562499998 0.29017857187499996 0.1973996 0.31696428593750003 0.20184404374999998 0.31696428593750003 0.202077796875 0.3571428578125 0.2331889078125 0.3571428578125 0.233162934375 0.35267857187499996 0.24205182343749998 0.35267857187499996 0.2464443234375 0.34375 0.25533321249999996 0.34375 0.2597257125 0.33482142812500004 0.2686146015625 0.33482142812500004 0.2730071 0.3258928578125 0.2774515453125 0.3258928578125 0.2772697375 0.2946428578125 0.27282529218749996 0.2946428578125 0.272461678125 0.2321428578125 0.26801723437499997 0.2321428578125 0.2679393171875 0.21875 0.2501615390625 0.21875 0.25013556718749996 0.2142857140625
15 0.6810388984375 0.178571428125 0.6765944546875 0.178571428125 0.6764645921875 0.15625 0.672020146875 0.15625 0.6719422296875 0.1428571421875 0.6674977859375 0.1428571421875 0.667445840625 0.133928571875 0.6630013953125 0.133928571875 0.6629494499999999 0.125 0.6540605609375 0.125 0.6495641734375 0.116071428125 0.6273419515625 0.116071428125 0.6273679234375 0.12053571406250001 0.6140605609375 0.125 0.6097459796875 0.147321428125 0.605301534375 0.147321428125 0.605405425 0.165178571875 0.60096098125 0.165178571875 0.6011687609374999 0.2008928578125 0.5967243171875001 0.2008928578125 0.5928252921875 0.2946428578125 0.5883808484374999 0.2946428578125 0.5884587671875 0.30803571406249997 0.5929032109375 0.30803571406249997 0.5929291828125 0.3125 0.6107069609375 0.3125 0.6107329328125 0.31696428593750003 0.6373996 0.31696428593750003 0.6374255734375 0.32142857187499996 0.6418700171875 0.32142857187499996 0.641947934375 0.33482142812500004 0.6508627953125 0.33928571406249997 0.65088876875 0.34375 0.673110990625 0.34375 0.6774775171874999 0.3303571421875 0.6819219609375 0.3303571421875 0.6818959890625 0.3258928578125 0.6774515453125 0.3258928578125 0.677373628125 0.3125 0.681818071875 0.3125 0.6817661265625 0.30357142812500004 0.6862105703125 0.30357142812500004 0.686158625 0.2946428578125 0.6906030703125 0.2946428578125 0.6901355671875 0.2142857140625 0.6856911218749999 0.2142857140625 0.685561259375 0.19196428593749998 0.681116815625 0.19196428593749998 0.6810388984375 0.178571428125
15 0.9253794515625 0.16071428593749998 0.9209350078125 0.16071428593749998 0.9208830640624999 0.15178571406250002 0.9164386203125 0.15178571406250002 0.916386675 0.1428571421875 0.9074718140625 0.1383928578125 0.9074458406250001 0.133928571875 0.8985569515625 0.133928571875 0.8985309796875001 0.12946428593749998 0.8851976453124999 0.12946428593749998 0.8852236171874999 0.133928571875 0.8630013953125 0.133928571875 0.8630273687500001 0.1383928578125 0.8541384796875 0.1383928578125 0.8542683406249999 0.16071428593749998 0.849823896875 0.16071428593749998 0.8501615390625 0.21875 0.8412986234375 0.2232142859375 0.8413505671875001 0.2321428578125 0.8457950109375 0.2321428578125 0.845820984375 0.2366071421875 0.8635987625 0.2366071421875 0.863624734375 0.24107142812500001 0.8680691796875 0.24107142812500001 0.868147096875 0.25446428593750003 0.872591540625 0.25446428593750003 0.8726434859375001 0.2633928578125 0.9304212640625 0.2633928578125 0.9348137624999999 0.25446428593750003 0.9392582078125 0.25446428593750003 0.9392322359374999 0.25 0.9436766796875 0.25 0.943624734375 0.24107142812500001 0.9480691796875 0.24107142812500001 0.9479133453124999 0.2142857140625 0.9434689 0.2142857140625 0.938868621875 0.1875 0.9344241765625 0.1875 0.93437223125 0.178571428125 0.9299277874999999 0.178571428125 0.9298758421875 0.1696428578125 0.9254313968749999 0.1696428578125 0.9253794515625 0.16071428593749998