3 0 0.4191558609375 0.4835294125 0.4275958984375 0.48596774218750005 0.008482598437499999 0 0 0 0.4191558609375
3 0 0.646223253125 0.2350310859375 0.6503257359375 0.2365632109375 0.38697598125 0 0.38284675625000003 0 0.646223253125
3 0.6791229546875 0.25966255 0.680564515625 0.0118792984375 0.47314516093750003 0.008258779687499999 0.4717036 0.25604203124999997 0.6791229546875 0.25966255
7 0.9751333046875 0.9160039234375 0.977299084375 0.5437379140624999 0.7338313421875 0.5394881687499999 0.7316655625 0.911754178125 0.9751333046875 0.9160039234375
7 0.54946155625 0.85076004375 0.5517692000000001 0.45410979687499997 0.41168855468750004 0.4516646796875 0.4093809109375 0.8483149265625001 0.54946155625 0.85076004375
7 0.9617248875 0.20894934062499998 0.9626480031250001 0.0502793890625 0.6792205828125 0.0453321453125 0.6782974671875001 0.20400209687499998 0.9617248875 0.20894934062499998
7 0 0.9803951171874999 0.126151646875 0.9825971015625001 0.1278843859375 0.6847645890625 0 0.682532359375 0 0.9803951171874999
7 0.4328119328125 0.7094733234375 0.4336519359375 0.5650890875 0.2468777421875 0.5618289328125 0.2460377390625 0.70621316875 0.4328119328125 0.7094733234375
7 0.290865521875 1 0.291437240625 0.901729825 0.1172436921875 0.898689265625 0.116654284375 1 0.290865521875 1
7 0.9879750296875001 0.5178378703125001 0.9895266421875 0.2511383625 0.895494384375 0.24949702343750002 0.893942771875 0.51619653125 0.9879750296875001 0.5178378703125001
13 0.6548793453124999 0.420339478125 0.6828758781250001 0.460241028125 0.735295234375 0.46115601093749997 0.8526606062500001 0.3893055015625 0.8772267250000001 0.32568839375 0.8695061203125001 0.26643432499999997 0.788860959375 0.2650266578125 0.728119153125 0.30830588593749997 0.6548793453124999 0.420339478125
13 0.12856501250000002 0.7757216640625 0.1162676234375 0.8099932734375 0.12007060781250001 0.8494725234375 0.1481531171875 0.8745957484375 0.3296907078125 0.8629846734375001 0.3580311515625 0.8437729234375 0.3505111609375 0.750036096875 0.290199246875 0.7194236968750001 0.1609663734375 0.7516541890624999 0.12856501250000002 0.7757216640625