3 1 0.5140322578125 0.5808867 0.5140322578125 0.5808867 1 1 1 1 0.5140322578125
3 0.61719211875 1 0.61719211875 0.761209678125 0.3538423640625 0.761209678125 0.3538423640625 1 0.61719211875 1
3 1 0.31943548437499997 0.7522167484375 0.31943548437499997 0.7522167484375 0.5268548390625 1 0.5268548390625 1 0.31943548437499997
7 0.101108375 0.26310483906250004 0.473374384375 0.26310483906250004 0.473374384375 0.019637096875000003 0.101108375 0.019637096875000003 0.101108375 0.26310483906250004
7 0.15891625625 0.5857258062499999 0.555566503125 0.5857258062499999 0.555566503125 0.44564516093749995 0.15891625625 0.44564516093749995 0.15891625625 0.5857258062499999
7 0.8078571421875 0.320584678125 0.9665270937500001 0.320584678125 0.9665270937500001 0.0371572578125 0.8078571421875 0.0371572578125 0.8078571421875 0.320584678125
7 0.3175369453125 1 0.3175369453125 0.8681451609374999 0.0197044328125 0.8681451609374999 0.0197044328125 1 0.3175369453125 1
7 0.298152709375 0.7498790328125 0.4425369453125 0.7498790328125 0.4425369453125 0.5631048390625 0.298152709375 0.5631048390625 0.298152709375 0.7498790328125
7 0 0.877540321875 0.1034482765625 0.877540321875 0.1034482765625 0.7033467734375 0 0.7033467734375 0 0.877540321875
7 0.499458128125 0.1031451609375 0.7661576359375 0.1031451609375 0.7661576359375 0.009112903125 0.499458128125 0.009112903125 0.499458128125 0.1031451609375
13 0.704433496875 0.270161290625 0.7487684734375 0.20967741874999998 0.7487684734375 0.1290322578125 0.6896551718749999 0.12096774218749999 0.6256157640625 0.145161290625 0.5517241375 0.26209677343750004 0.5517241375 0.3145161296875 0.5911330046875001 0.3427419359375 0.704433496875 0.270161290625
13 0.2266009859375 0.866935484375 0.2512315265625 0.8346774187499999 0.28571428593750003 0.7056451609375001 0.2561576359375 0.645161290625 0.1625615765625 0.6370967734375 0.1428571421875 0.66532258125 0.1280788171875 0.84677419375 0.15270935937500002 0.875 0.1921182265625 0.8790322578125 0.2266009859375 0.866935484375