3 0 0 0.0048768249999999996 0.41911329999999997 0.49084456718749997 0.407802275 0.4860993578125 0 0 0
3 0.24324469531249998 0.377249975 0.0044543734375 0.38280788125 0.0075187249999999995 0.6461576359375 0.246309046875 0.6405997296875 0.24324469531249998 0.377249975
3 0.47327330312500004 0 0.4760283796875 0.23677067499999999 0.683447734375 0.23194293593749998 0.680748834375 0 0.47327330312500004 0
7 0.9908224546875 0.8760734250000001 0.9864907468749999 0.5038074156250001 0.7430230046874999 0.509474190625 0.7473547125 0.8817402 0.9908224546875 0.8760734250000001
7 0.5641417343749999 0.8281809921875001 0.559526290625 0.4315307453125 0.41944564531250006 0.4347911578125 0.42406108906249995 0.8314414046874999 0.5641417343749999 0.8281809921875001
7 0.9650785265625 0.16973244375000002 0.9632322343749999 0.0110624921875 0.6798048140625 0.0176593390625 0.68165110625 0.176329290625 0.9650785265625 0.16973244375000002
7 0.139796015625 0.6793941 0.007941176562500001 0.6824630546875 0.011406771875 0.9802955671875001 0.1432616109375 0.9772266125 0.139796015625 0.6793941
7 0.44506189375 0.6916784421875 0.44338183124999997 0.5472942062499999 0.25660763750000004 0.551641425 0.2582877 0.6960256609375 0.44506189375 0.6916784421875
7 0.1328920015625 0.8937014421875 0.13409573125000002 0.99714971875 0.3082892796875 0.99309531875 0.30708555 0.8896470421875 0.1328920015625 0.8937014421875
7 0.996711428125 0.47747871875000003 0.9936080984375 0.21077921093750002 0.899575840625 0.21296783593750002 0.9026791703124999 0.47966734375 0.996711428125 0.47747871875000003
13 0.6620156625 0.39356914375 0.6907000328125 0.4323210484375 0.7431193890625 0.431100975 0.8591950640625001 0.35448764375 0.882643446875 0.28988512499999997 0.8738910859375 0.23095952656250002 0.793245925 0.2328365640625 0.7332779375 0.27857931874999997 0.6620156625 0.39356914375
13 0.142063828125 0.770301903125 0.1303682984375 0.8050662187500001 0.13485911875 0.8443812328125 0.163371528125 0.8683548125 0.344651178125 0.8493531546875 0.37264770468749997 0.8289917578124999 0.3634940984375 0.7355834015625 0.30266630625 0.7074345296875 0.174035290625 0.744920546875 0.142063828125 0.770301903125