3 0 0 0 0.369090909375 0.1115014171875 0.369090909375 0.1115014171875 0 0 0
3 0.34641643125 0 0.34641643125 0.265174825 0.4690509921875 0.265174825 0.4690509921875 0 0.34641643125 0
3 0.4738810203125 0.325139859375 0.65348441875 0.325139859375 0.65348441875 0.000034965625 0.4738810203125 0.000034965625 0.4738810203125 0.325139859375
4 0.736940509375 0.668846153125 0.875127478125 0.668846153125 0.875127478125 0.07688811250000001 0.736940509375 0.07688811250000001 0.736940509375 0.668846153125
15 0.198855696875 0.747526378125 0.20963172812500003 0.7202797203125 0.22662889531250002 0.6013986015625 0.20679886718749999 0.48951048906250005 0.18980170000000002 0.4825174828125 0.1614730875 0.48951048906250005 0.15014164375 0.5384615390625 0.1529745046875 0.6643356640625 0.17699116406249998 0.7922316015625 0.198855696875 0.747526378125
15 0.507082153125 0.8321678328125 0.512909484375 0.704211615625 0.532577903125 0.5804195796875 0.5155807359375 0.5174825171874999 0.49008498593749994 0.5104895109375 0.4589235125 0.5384615390625 0.45259356874999995 0.632040440625 0.469180478125 0.7717441671875 0.48441926406249997 0.8321678328125 0.507082153125 0.8321678328125
15 0.6487252125 0.9090909093749999 0.6515580734374999 0.741258740625 0.66288951875 0.6923076921875 0.5977337109375 0.678321678125 0.58073654375 0.70629370625 0.5835694046875 0.846153846875 0.6081840171875 0.9370511671875 0.6345609062500001 0.9440559437499999 0.6487252125 0.9090909093749999
15 0.8356940515625 0.6923076921875 0.790368271875 0.6573426578125 0.7535410765624999 0.6923076921875 0.764872521875 0.8391608390625 0.7875354109375 0.8811188812499999 0.8215297453125 0.8811188812499999 0.8356940515625 0.6923076921875
7 0.5686118984374999 0.5641608390624999 0.653314446875 0.5641608390624999 0.653314446875 0.38367132812500004 0.5686118984374999 0.38367132812500004 0.5686118984374999 0.5641608390624999
7 0.6799433421875001 0.4732867140625 0.7175070828125001 0.4732867140625 0.7175070828125001 0.2674125875 0.6799433421875001 0.2674125875 0.6799433421875001 0.4732867140625
7 0.69279036875 0.166678321875 0.757747875 0.166678321875 0.757747875 0.069265734375 0.69279036875 0.069265734375 0.69279036875 0.166678321875
7 0.12009915 0.3759790203125 0.3134985828125 0.3759790203125 0.3134985828125 0.2991258734375 0.12009915 0.2991258734375 0.12009915 0.3759790203125
7 0.25603399375 0.48804195781250004 0.2972237953125 0.48804195781250004 0.2972237953125 0.4286013984375 0.25603399375 0.4286013984375 0.25603399375 0.48804195781250004
7 0.41233711093750003 0.4119230765625 0.4581444765625 0.4119230765625 0.4581444765625 0.3229020984375 0.41233711093750003 0.3229020984375 0.41233711093750003 0.4119230765625
7 0.4776062328125 0.48807692343750003 0.5745184140624999 0.48807692343750003 0.5745184140624999 0.4180769234375 0.4776062328125 0.4180769234375 0.4776062328125 0.48807692343750003
7 0 0.7475874124999999 0.04759206875 0.7475874124999999 0.04759206875 0.563321678125 0 0.563321678125 0 0.7475874124999999