13 0.22007722031250002 0.2525773203125 0.227799228125 0.1701030921875 0.2084942078125 0.087628865625 0.166023165625 0.0721649484375 0.127413128125 0.087628865625 0.10810810781249999 0.1185567015625 0.1235521234375 0.257731959375 0.17760617812499999 0.2731958765625 0.22007722031250002 0.2525773203125
7 0.23768339843750003 0.5744845359374999 0.5825482625 0.5744845359374999 0.5825482625 0.39561855625 0.23768339843750003 0.39561855625 0.23768339843750003 0.5744845359374999
13 0.4826254828125 0.2525773203125 0.44015444062500003 0.2268041234375 0.4235356453125 0.33283755625 0.46332046406250005 0.38659793750000004 0.49420849375 0.3711340203125 0.4980694984375 0.30927835 0.4826254828125 0.2525773203125
13 0.691119690625 0.5257731953125 0.6872586875 0.4381443296875 0.6640926640625 0.3917525765625 0.6332046328125001 0.38659793750000004 0.60617760625 0.412371134375 0.6138996140625 0.5154639171875 0.6293436296875 0.546391753125 0.675675675 0.546391753125 0.691119690625 0.5257731953125
13 0.7953667953125 0.2319587625 0.7915057921875001 0.2319587625 0.7915057921875001 0.2371134015625 0.7876447875 0.2371134015625 0.7876447875 0.278350515625 0.783783784375 0.278350515625 0.783783784375 0.32474226875 0.7915057921875001 0.3298969078125 0.7915057921875001 0.335051546875 0.8455598453125001 0.335051546875 0.8455598453125001 0.3298969078125 0.8494208499999999 0.3298969078125 0.8494208499999999 0.31958762812499997 0.8532818531249999 0.31958762812499997 0.8532818531249999 0.30927835 0.8494208499999999 0.30927835 0.8494208499999999 0.2731958765625 0.8455598453125001 0.2731958765625 0.8455598453125001 0.2628865984375 0.8416988421875 0.2628865984375 0.8416988421875 0.2525773203125 0.8378378375000001 0.2525773203125 0.8378378375000001 0.2371134015625 0.8301158296875 0.2319587625 0.8301158296875 0.221649484375 0.822393821875 0.21649484531250002 0.822393821875 0.21134020625 0.81853281875 0.21134020625 0.81853281875 0.2061855671875 0.8146718140625 0.2061855671875 0.8146718140625 0.201030928125 0.8108108109375 0.201030928125 0.8108108109375 0.19587628906250001 0.8069498062499999 0.19587628906250001 0.8069498062499999 0.21649484531250002 0.7992277999999999 0.221649484375 0.7992277999999999 0.2268041234375 0.7953667953125 0.2268041234375 0.7953667953125 0.2319587625
3 0.81853281875 0.510309278125 0.8030888031250001 0.489690721875 0.7606177609375 0.489690721875 0.75665419375 0.530339309375 0.7635920625 0.56278520625 0.783783784375 0.5824742265625 0.81853281875 0.5721649484375 0.81853281875 0.510309278125
3 0.2664092671875 0.9760567015625 0.3515057921875 0.9760567015625 0.3515057921875 0.8306443296875001 0.2664092671875 0.8306443296875001 0.2664092671875 0.9760567015625
3 0.23749034687499998 0.6422938140625 0.28675675625 0.6422938140625 0.28675675625 0.58347938125 0.23749034687499998 0.58347938125 0.23749034687499998 0.6422938140625
3 0.10874517343750001 0.7999226796875 0.160675675 0.7999226796875 0.160675675 0.739871134375 0.10874517343750001 0.739871134375 0.10874517343750001 0.7999226796875
7 0.7360038609374999 0.20157216562500002 0.9852316609375 0.20157216562500002 0.9852316609375 0.011417525000000001 0.7360038609374999 0.011417525000000001 0.7360038609374999 0.20157216562500002
7 0.8505598453125 0.40079896875000004 0.9809459453124999 0.40079896875000004 0.9809459453124999 0.21414948437499998 0.8505598453125 0.21414948437499998 0.8505598453125 0.40079896875000004
7 0.9766988421875 1 0.9766988421875 0.5948195875 0.8558880312499999 0.5948195875 0.8558880312499999 1 0.9766988421875 1
7 0.013861003124999998 0.6684020625 0.222509653125 0.6684020625 0.222509653125 0.4062371140625 0.013861003124999998 0.4062371140625 0.013861003124999998 0.6684020625
7 0.3096332046875 0 0.3096332046875 0.2328865984375 0.4781660234375 0.2328865984375 0.4781660234375 0 0.3096332046875 0
7 0.40023166093749996 0.924639175 0.5207722 0.924639175 0.5207722 0.7371134015624999 0.40023166093749996 0.7371134015624999 0.40023166093749996 0.924639175