13 0.7411590609375 0.80547726875 0.7575664953125 0.859171396875 0.8970113296875001 0.8713760718750001 0.9276021953125 0.8513511984375001 0.942392171875 0.812381234375 0.92618691875 0.77027011875 0.843375721875 0.7528847062499999 0.7610362828125 0.7625263234374999 0.7411590609375 0.80547726875
7 0.6176877296875001 0.7482494671875 0.611668090625 0.403384603125 0.43280211093750004 0.4075477546875 0.43882174999999995 0.75241261875 0.6176877296875001 0.7482494671875
13 0.6227698390625 0.52240244375 0.6772246671875 0.5609359765625 0.7829680171875 0.541849225 0.7564534859375 0.49997806093749997 0.6994828796875 0.4858537765625 0.637694603125 0.49115448749999996 0.6227698390625 0.52240244375
13 0.4592693484375 0.3137664765625 0.460078078125 0.360098521875 0.491275490625 0.3748226828125 0.5945030609375 0.3801451796875 0.6198045 0.352518275 0.6141107078125 0.3217502203125 0.567314590625 0.2996639765625 0.47961833125000003 0.2978425578125 0.4592693484375 0.3137664765625
13 0.7970493484375 0.16685195 0.7969819546875 0.1629909453125 0.791827315625 0.16311092031250002 0.791759921875 0.15924991718749998 0.7866052828125001 0.15936989375 0.7813158546875 0.1517678609375 0.7710065765625 0.1520078125 0.76571715 0.14440577968749999 0.75025323125 0.14476570625000001 0.7501858359375 0.14090470156249998 0.7398765578125001 0.141144653125 0.7398091640625 0.13728365 0.7294998859375 0.13752360156250001 0.7294324921875 0.13366259687499998 0.69335001875 0.134502425 0.6932826249999999 0.130641421875 0.682973346875 0.1308813734375 0.683040740625 0.13474237656250002 0.6727314609375 0.134982328125 0.6727988546875 0.1388433328125 0.667644215625 0.1389633078125 0.6685877328125 0.1930173609375 0.673742371875 0.1928973859375 0.6790318 0.2004994171875 0.725423553125 0.1994196375 0.7253561578125 0.195558634375 0.7665932718749999 0.1945988296875 0.7665258781250001 0.190737825 0.7716805171875001 0.19061785 0.7716131234375 0.186756846875 0.7767677625 0.1866368703125 0.77670036875 0.18277586562499998 0.7818550078125 0.182655890625 0.7868748578125 0.17481390937500002 0.8074934140625001 0.17433400625 0.8074260203125 0.1704730015625 0.80227138125 0.17059297812500002 0.8022039875000001 0.166731975 0.7970493484375 0.16685195
3 0.42129984218749994 0.20649819531250002 0.441341309375 0.22623164999999998 0.4739083078125 0.23241433281249999 0.5144877109375 0.227504659375 0.5137463765625 0.1850336171875 0.49285824375000004 0.170069503125 0.43100257343750004 0.171509209375 0.42129984218749994 0.20649819531250002
3 0.18216054375 0.7296489359375 0.180675178125 0.6445524109375 0.03526280625 0.647936921875 0.036748171875 0.733033446875 0.18216054375 0.7296489359375
3 0.42983027500000004 0.752815028125 0.42897032656249995 0.70354861875 0.37015589375 0.704917540625 0.3710158421875 0.75418395 0.42983027500000004 0.752815028125
3 0.2756857765625 0.8852002593750001 0.2747793265625 0.8332697578125 0.21472778125 0.8346674734375 0.21563423125 0.8865979749999999 0.2756857765625 0.8852002593750001
7 0.7987522125 0 0.8030359046875001 0.24541252500000002 0.9931905453125 0.24098662656249997 0.9889841078125 0 0.7987522125 0
7 0.7884590031250001 0.13114928125 0.7861831046875001 0.00076318125 0.5995336203125 0.0051074953125 0.60180951875 0.1354935953125 0.7884590031250001 0.13114928125
7 0.40558713593749995 0.013870479687500001 0.0004067234375 0.0233011578125 0.002515484375 0.14411196875 0.40769589687499996 0.134681290625 0.40558713593749995 0.013870479687500001
7 0.61097600625 0.9723190125000001 0.6073340296875 0.7636703625 0.34516908125 0.7697723187500001 0.3488110578125 0.9784209687500001 0.61097600625 0.9723190125000001
7 1 0.49877072499999997 0.776222046875 0.5039792140625 0.7791637984374999 0.6725120328124999 1 0.6673720140625 1 0.49877072499999997
7 0.27335559374999996 0.5936495859375001 0.27125155156249997 0.473109046875 0.08372577812500001 0.4774737578125 0.0858298203125 0.598014296875 0.27335559374999996 0.5936495859375001