3 0.2291260984375 0.1926987796875 0.2339049078125 0.4664765578125 0.6249763359375 0.4528200421875 0.6201975265625 0.17904226406249998 0.2291260984375 0.1926987796875
3 0.392250759375 0.46337069687500004 0.3958402953125 0.669015140625 0.6968224375000001 0.6585046125 0.6932329015625001 0.45286016875 0.392250759375 0.46337069687500004
3 0.335938659375 0.03056119375 0.3386492375 0.18585008281249998 0.6006581671875 0.1767005296875 0.5979475890625 0.021411640625 0.335938659375 0.03056119375
3 0.5827870890625 0.678118559375 0.5858995218749999 0.8564296718750001 0.7018370218750001 0.8523810453125 0.6987245890625 0.6740699328125 0.5827870890625 0.678118559375
4 0.2504177734375 0.6844443578125 0.2528913796875 0.6409440281250001 0.207910125 0.650918340625 0.20916693749999998 0.68266900625 0.23125646562500002 0.697976859375 0.2416084421875 0.7354015640625 0.2651029984375 0.7386009265625 0.29405038125 0.723511865625 0.28278345625 0.6865299171875 0.2504177734375 0.6844443578125
4 0.0058183546875 0.3333333328125 0.050771525 0.34955214843750004 0.07254990624999999 0.31766155625 0.05869158125 0.29146257656249996 0.0319058671875 0.2923979546875 0.0053528859375 0.3066666671875 0.0058183546875 0.3333333328125
4 0.011403975 0.6533333328125 0.051660125 0.6563747109375 0.09145080625 0.6327494234375 0.0951393109375 0.58814908125 0.0502637203125 0.5763747109375 0.0107833515625 0.617777778125 0.011403975 0.6533333328125
4 0.0732437421875 0.5423918234375 0.0972440796875 0.5381326328125 0.1090055359375 0.5223270921875 0.1069806078125 0.49879250312499995 0.0669571921875 0.509084459375 0.0732437421875 0.5423918234375
4 0.0890458859375 0.49497164531250004 0.165326634375 0.5145436296875 0.18687228125 0.46931970468750006 0.1463058203125 0.4485005484375 0.110746690625 0.4586366078125 0.0890458859375 0.49497164531250004
4 0.0393339 0.47476984843750003 0.0778130609375 0.4861190578125 0.0989831890625 0.45618599218749994 0.0879597921875 0.4327494234375 0.0522455078125 0.43399659375 0.0393339 0.47476984843750003
4 0.0563642390625 0.15812924374999998 0.043592006249999996 0.1941524890625 0.0839257328125 0.2016383109375 0.0877693953125 0.165926859375 0.0563642390625 0.15812924374999998
4 0.0736007578125 0.12195010312500001 0.09192336875 0.147993184375 0.11863150468749999 0.1426133640625 0.11903710625 0.10591932500000001 0.0920352328125 0.0941693203125 0.0736007578125 0.12195010312500001
4 0.29588410625 0.060821956249999996 0.256015846875 0.0800028 0.2834221859375 0.1146229765625 0.31874858125 0.091153584375 0.29588410625 0.060821956249999996
15 0.6717727078125 0.35454923125 0.6723933328125 0.39010478593750003 0.695180228125 0.4159919703125 0.7843107859375 0.40398515625 0.8197923375 0.389404653125 0.8191717140625 0.353849096875 0.7651348171875 0.3290531859375 0.6936286671875 0.32710308125 0.6717727078125 0.35454923125
15 0.6708417703125 0.301215896875 0.722183740625 0.3062995234375 0.8104020328124999 0.27446846406250003 0.8038394046875 0.243205675 0.7425224218750001 0.229606025 0.669600521875 0.2301047859375 0.661370153125 0.270416578125 0.6708417703125 0.301215896875
15 0.7900586578125 0.2214511421875 0.7899035015625 0.212562253125 0.7987544953125 0.20780601562499998 0.7986769171875 0.20336157031250002 0.8031412015624999 0.20320567500000003 0.8027533109375 0.180983453125 0.7937471625 0.1768508 0.79359200625 0.1679619125 0.7891277203125 0.168117809375 0.7890501421875 0.1636733640625 0.7488715703125 0.1650764296875 0.7487939921875 0.1606319859375 0.7443297062500001 0.1607878828125 0.744407284375 0.1652323265625 0.713157284375 0.1663236 0.7132348625 0.1707680453125 0.6864491484374999 0.1717034234375 0.6865267265624999 0.1761478671875 0.6463481546875001 0.177550934375 0.6468912015625 0.20866204531250002 0.6513554874999999 0.2085061484375 0.65151064375 0.2173950375 0.66051679375 0.22152768906250003 0.66067195 0.230416578125 0.6696780999999999 0.23454923125 0.66983325625 0.2434381203125 0.6788394046875 0.2475707703125 0.6789169828125 0.252015215625 0.7101669828125 0.25092394218749997 0.7100894046875 0.246479496875 0.7725894046875 0.2442969484375 0.7725118265625001 0.23985250468750002 0.7859046843749999 0.23938481562499997 0.785594371875 0.22160703750000002 0.7900586578125 0.2214511421875
15 0.833298015625 0.6513150828125001 0.8332204375 0.6468706390625 0.855541865625 0.64609115625 0.8554642875 0.6416467109374999 0.8688571453125 0.6411790234375 0.8687795671874999 0.6367345796875 0.8777081375 0.6364227859375 0.8776305593749999 0.631978340625 0.88655913125 0.6316665484375 0.886403975 0.622777659375 0.8952549703124999 0.6180214234375 0.8948670796875 0.5957992015625 0.8904027937500001 0.595955096875 0.8857057734374999 0.582777659375 0.8633067671875001 0.579112696875 0.8632291890625 0.5746682515625 0.8453720453125 0.5752918375 0.8452944671875 0.57084739375 0.80958018125 0.5720945640624999 0.8095026031250001 0.5676501203125001 0.715675025 0.566479496875 0.715597446875 0.562035053125 0.702204590625 0.5625027421875 0.7022821687499999 0.5669471859375 0.6978178828125 0.56710308125 0.6981281953125 0.584880859375 0.693663909375 0.58503675625 0.694129378125 0.6117034234375 0.6896650921874999 0.6118593203125 0.6897426703125 0.6163037640625 0.6763498140624999 0.6167714531249999 0.672040684375 0.6258162375 0.6675763984375 0.625972134375 0.6679642875 0.64819435625 0.6814347234375 0.6521711125 0.6815123015625 0.65661555625 0.6859765859375 0.6564596593750001 0.6858990078125 0.652015215625 0.699291865625 0.6515475265624999 0.69936944375 0.6559919703125 0.7082980156249999 0.655680178125 0.70837559375 0.660124621875 0.7173041640625 0.6598128296875 0.7173817421875001 0.664257275 0.7977388859375 0.6614511421875 0.7976613078125 0.657006696875 0.8199827359375 0.6562272140625 0.8199051578125 0.6517827703125 0.833298015625 0.6513150828125001
15 0.8554219515625 0.8951359406250001 0.8553443734374999 0.8906914968749999 0.8642729453125 0.8903797046875 0.8641953671874999 0.8859352609375 0.8731239390625 0.8856234687500001 0.8774330671874999 0.8765786828125 0.8818973531250001 0.8764227859375 0.8817421968750001 0.8675338968749999 0.8862064828125 0.8673780015625001 0.88597375 0.8540446671874999 0.8815094640625001 0.8542005625 0.8811215734375001 0.831978340625 0.8766572874999999 0.8321342375 0.87650213125 0.8232453484375 0.854180703125 0.8240248296875 0.854103125 0.8195803859374999 0.7960674109375 0.8216070375 0.79144796875 0.8128740453125 0.7825193968749999 0.8131858375000001 0.7825969749999999 0.8176302812499999 0.778132690625 0.817786178125 0.778443003125 0.83556395625 0.7739787171875 0.8357198515625001 0.7740562953125 0.840164296875 0.7606634375 0.8406319859375 0.7607410156250001 0.8450764296875001 0.75181244375 0.8453882234375 0.7528209578125 0.9031660015625 0.7618271078125 0.9072986515625001 0.7619046859374999 0.911743096875 0.766368971875 0.9115872015625 0.7664465500000001 0.9160316453125 0.775375121875 0.9157198515625 0.7754527 0.9201642968750001 0.8022384140625001 0.9192289203125 0.8021608359375 0.914784475 0.828868971875 0.909404653125 0.8287913937500001 0.9049602078125 0.837719965625 0.9046484156249999 0.8376423875000001 0.900203971875 0.8465709578125 0.8998921781250001 0.8464933796875 0.8954477328125 0.8554219515625 0.8951359406250001