1 0.5784374999999999 0.7361 0.6273125 0.7361 0.6273125 0.6608333328125 0.5784374999999999 0.6608333328125 0.5784374999999999 0.7361
1 0.639909375 0.73 0.693690625 0.73 0.693690625 0.6581666671875 0.639909375 0.6581666671875 0.639909375 0.73
1 0.09415 0.9261041671875001 0.1717125 0.9261041671875001 0.1717125 0.8232125 0.09415 0.8232125 0.09415 0.9261041671875001
1 0.287325 0.22174166718750002 0.35168750000000004 0.22174166718750002 0.35168750000000004 0.095525 0.287325 0.095525 0.287325 0.22174166718750002
1 0.40735625000000003 0.4498583328125 0.54216875 0.4498583328125 0.54216875 0.2080583328125 0.40735625000000003 0.2080583328125 0.40735625000000003 0.4498583328125
1 0.105403125 0.0996791671875 0.16120937500000002 0.0996791671875 0.16120937500000002 0.0105041671875 0.105403125 0.0105041671875 0.105403125 0.0996791671875
1 0.49093749999999997 0.9878333328125001 0.588575 0.9878333328125001 0.588575 0.8150000000000001 0.49093749999999997 0.8150000000000001 0.49093749999999997 0.9878333328125001
1 0.08625000000000001 0.8511333328124999 0.39237500000000003 0.8511333328124999 0.39237500000000003 0.5587500000000001 0.08625000000000001 0.5587500000000001 0.08625000000000001 0.8511333328124999
1 0.9959749999999999 1 0.9959749999999999 0.0191666671875 0.8628125000000001 0.0191666671875 0.8628125000000001 1 0.9959749999999999 1
5 0.6767578125 0.5078125 0.6572265625 0.5078125 0.6474609375 0.515625 0.638671875 0.5299479171875 0.63671875 0.5377604171875 0.638671875 0.5611979171875 0.6552734375 0.5833333328125 0.6591796875 0.5859375 0.671875 0.5846354171875 0.6787109375 0.5833333328125 0.6953125 0.5638020828125 0.697265625 0.55859375 0.697265625 0.5299479171875 0.6923828125 0.5208333328125 0.6767578125 0.5078125
5 0.1083984375 0.4010416671875 0.0947265625 0.4192708328125 0.0888671875 0.421875 0.08203125 0.4361979171875 0.083984375 0.4518229171875 0.0908203125 0.4609375 0.1025390625 0.46875 0.111328125 0.4674479171875 0.1201171875 0.4635416671875 0.12890625 0.4518229171875 0.1328125 0.44140625 0.130859375 0.4127604171875 0.1201171875 0.4010416671875 0.1083984375 0.4010416671875
5 0.3759765625 0.22916666718749998 0.3681640625 0.234375 0.3515625 0.25390625 0.3515625 0.2721354171875 0.357421875 0.29296875 0.3642578125 0.3020833328125 0.3681640625 0.3046875 0.3828125 0.3033854171875 0.3974609375 0.296875 0.404296875 0.28515625 0.408203125 0.2721354171875 0.408203125 0.25390625 0.3955078125 0.234375 0.3759765625 0.22916666718749998
2 0.7333984375 0.20833333281250002 0.7119140625 0.2109375 0.703125 0.22265625 0.69921875 0.23307291718749998 0.697265625 0.24088541718749998 0.69921875 0.26171875 0.7080078125 0.2760416671875 0.7177734375 0.2838541671875 0.73828125 0.2825520828125 0.7451171875 0.2786458328125 0.755859375 0.2643229171875 0.7578125 0.2513020828125 0.75390625 0.23046875 0.7451171875 0.21614583281250002 0.7333984375 0.20833333281250002
2 0.8427734375 0.4479166671875 0.8271484375 0.4270833328125 0.8232421875 0.4270833328125 0.810546875 0.44140625 0.80859375 0.44921875 0.810546875 0.4674479171875 0.8232421875 0.4895833328125 0.8369140625 0.4973958328125 0.841796875 0.49609375 0.8505859375 0.4921875 0.857421875 0.4830729171875 0.86328125 0.4674479171875 0.86328125 0.45703125 0.8603515625 0.453125 0.8427734375 0.4479166671875
2 0.7685546875 0.5755208328125 0.7568359375 0.5833333328125 0.75 0.5950520828125 0.748046875 0.6236979171875 0.7587890625 0.6432291671875 0.7685546875 0.6484375 0.78125 0.6471354171875 0.7900390625 0.640625 0.802734375 0.6236979171875 0.802734375 0.6002604171875 0.7919921875 0.5807291671875 0.7802734375 0.5755208328125 0.7685546875 0.5755208328125