1 0.26389999999999997 0.5707587937499999 0.26389999999999997 0.61963379375 0.3391666671875 0.6174437578124999 0.3391666671875 0.5685687578125 0.26389999999999997 0.5707587937499999
1 0.27 0.632053178125 0.27 0.685834428125 0.3418333328125 0.683744290625 0.3418333328125 0.6299630406250001 0.27 0.632053178125
1 0.07389583281249999 0.0919998515625 0.07389583281249999 0.1695623515625 0.17678750000000001 0.166568509375 0.17678750000000001 0.089006009375 0.07389583281249999 0.0919998515625
1 0.7782583328125 0.26467999531249997 0.7782583328125 0.3290424953125 0.904475 0.325369965625 0.904475 0.261007465625 0.7782583328125 0.26467999531249997
1 0.5501416671875 0.3913487625 0.5501416671875 0.5261612625 0.7919416671875 0.5191256015625 0.7919416671875 0.3843131015625 0.5501416671875 0.3913487625
1 0.9003208328125 0.07920646406250001 0.9003208328125 0.13501271406249998 0.9894958328125 0.1324179875 0.9894958328125 0.0766117375 0.9003208328125 0.07920646406250001
1 0.012166667187499999 0.4905834859375 0.012166667187499999 0.5882209859375 0.185 0.58319205 0.185 0.48555455 0.012166667187499999 0.4905834859375
1 0.1488666671875 0.08191842187500001 0.1488666671875 0.388043421875 0.44125 0.3795359359375 0.44125 0.0734109359375 0.1488666671875 0.08191842187500001
1 0 0.9959749999999999 0.9808333328125001 0.9674356640624999 0.9808333328125001 0.8342731640625001 0 0.8628125000000001 0 0.9959749999999999
5 0.4153645828125 0.659789125 0.4166666671875 0.666587175 0.4361979171875 0.6826204375 0.44140625 0.6844220156249999 0.4700520828125 0.68358850625 0.4791666671875 0.6784404859375 0.4921875 0.6624366187499999 0.4921875 0.6429053687499999 0.484375 0.6333670640625 0.4700520828125 0.62499475625 0.4622395828125 0.6232689515625001 0.4388020828125 0.6259040390624999 0.4166666671875 0.643149675 0.4140625 0.6471317 0.4153645828125 0.659789125
5 0.5364583328125 0.10450784375 0.5481770828125 0.1129559265625 0.55859375 0.11655908125 0.5872395828125 0.1137724484375 0.5989583328125 0.1026892796875 0.5989583328125 0.0909705296875 0.5807291671875 0.07782906875 0.578125 0.07204546875 0.5638020828125 0.065626284375 0.5481770828125 0.0680340515625 0.5390625 0.0751351953125 0.53125 0.087081265625 0.5325520828125 0.0958324421875 0.5364583328125 0.10450784375
5 0.703125 0.3770020890625 0.71484375 0.38349704687499997 0.7278645828125 0.38702442812500004 0.74609375 0.3864940140625 0.765625 0.3732304 0.7708333328125 0.353547603125 0.765625 0.34588665 0.74609375 0.3298533890625 0.7278645828125 0.33038380312500004 0.70703125 0.3368493671875 0.6979166671875 0.3439505109375 0.6953125 0.347932534375 0.6966145828125 0.3625430859375 0.703125 0.3770020890625
2 0.7174479171875 0.7174056484375 0.7213541671875 0.724127925 0.7356770828125 0.7344533578125 0.7486979171875 0.7360276156250001 0.76953125 0.731515178125 0.7838541671875 0.7223093609375 0.7916666671875 0.7103632906249999 0.7890625 0.6889546890625 0.77734375 0.68050660625 0.7669270828125 0.6769034515625 0.7591145828125 0.675177646875 0.73828125 0.677736959375 0.7239583328125 0.6869427765625 0.7161458328125 0.696935721875 0.7174479171875 0.7174056484375
2 0.50390625 0.8271347 0.5078125 0.8358101031249999 0.5169270828125 0.8423808328125 0.5325520828125 0.8477855671875 0.54296875 0.8474824734374999 0.546875 0.8444391250000001 0.5520833328125 0.8267094531250001 0.5729166671875 0.810478265625 0.5729166671875 0.806572015625 0.55859375 0.7942934562499999 0.55078125 0.792567653125 0.5325520828125 0.7950511921875 0.5104166671875 0.8083905796874999 0.5026041671875 0.822289775 0.50390625 0.8271347
2 0.3763020828125 0.791785103125 0.3997395828125 0.791103140625 0.4192708328125 0.7797926515625 0.4244791671875 0.7679223546875 0.4244791671875 0.7562036046875 0.4166666671875 0.744712175 0.4049479171875 0.73821721875 0.3763020828125 0.737097603125 0.3567708328125 0.7484080921875 0.3515625 0.7583252640625 0.3528645828125 0.7709826890625 0.359375 0.77958231875 0.3763020828125 0.791785103125