1 0.331808265625 0.4314312421875 0.3326613828125 0.3825562421875 0.257394715625 0.38036620625 0.2565415984375 0.42924120625000006 0.331808265625 0.4314312421875
1 0.335547928125 0.37003695937500003 0.3364866828125 0.31625570937499997 0.26465335 0.314165571875 0.2637145953125 0.367946821875 0.335547928125 0.37003695937500003
1 0.1609758296875 0.910993990625 0.16232968750000001 0.833431490625 0.05943802031249999 0.8304376484375 0.0580841625 0.9080001484375 0.1609758296875 0.910993990625
1 0.8920352109374999 0.738992534375 0.8931586625 0.674630034375 0.7669419953125 0.6709575046875 0.76581854375 0.7353200046875 0.8920352109374999 0.738992534375
1 0.7815970328125 0.6156868984375 0.78395019375 0.4808743984375 0.5421501937500001 0.47383873750000005 0.5397970328125 0.6086512374999999 0.7815970328125 0.6156868984375
1 0.9738805859375 0.9233882625 0.9748546875 0.8675820125 0.8856796875 0.8649872859375 0.8847055859375 0.9207935359375 0.9738805859375 0.9233882625
1 0.17611428125 0.51444545 0.17781855 0.41680795000000004 0.0049852171875 0.4117790140625 0.0032809484375000003 0.5094165140625 0.17611428125 0.51444545
1 0.425300434375 0.9265890640625001 0.430643865625 0.6204640640625 0.1382605328125 0.611956578125 0.1329171015625 0.918081578125 0.425300434375 0.9265890640625001
1 0 0.1372571765625 0.9784387156250001 0.16572683593749998 0.9807630765625 0.0325643359375 0 0.00402704375 0 0.1372571765625
5 0.4324950765625 0.37409596093749997 0.455898484375 0.3767310484375 0.4637450765625 0.37500524375 0.47822140781250005 0.3666329359375 0.4862043671875 0.35709463124999996 0.4865452859375 0.33756338124999996 0.4737971890625 0.3215595140625 0.464767834375 0.31641149375 0.43612200156250003 0.315577984375 0.4308795765625 0.3173795625 0.4110585453125 0.333412825 0.40963713906250004 0.340210875 0.408113459375 0.3528683 0.41064944218750005 0.356850325 0.4324950765625 0.37409596093749997
5 0.5321879703125 0.9319659484375 0.547778878125 0.934373715625 0.5622211171875 0.9279545312499999 0.5649275609375 0.9221709312499999 0.5833953703125 0.9090294703125 0.583599921875 0.8973107203125 0.5720686765624999 0.8862275515625001 0.5434569359375 0.8834409187500001 0.532972084375 0.8870440734375 0.521099921875 0.8954921562499999 0.5170402578125 0.9041675578125 0.5155847609374999 0.912918734375 0.5231927093750001 0.9248648046874999 0.5321879703125 0.9319659484375
5 0.6958150078124999 0.6631506328125 0.7165460640625 0.6696161968750001 0.73477523125 0.6701466109374999 0.7545962625 0.65411335 0.7599409625 0.646452396875 0.75507355 0.6267696 0.735763896875 0.6135059859374999 0.7175347296875 0.6129755718750001 0.7044457125 0.616502953125 0.6926076421875 0.6229979109375 0.685841534375 0.6374569140624999 0.6842837625 0.652067465625 0.6868197453125 0.6560494890624999 0.6958150078124999 0.6631506328125
2 0.73303109375 0.322263040625 0.753830334375 0.32482235312499996 0.7616769265625 0.3230965484375 0.772161778125 0.31949339375 0.784033940625 0.3110453109375 0.7870131203125 0.28963670937499997 0.7794051718749999 0.2776906390625 0.7652356671875 0.268484821875 0.74447051875 0.26397238437500004 0.7314155921875 0.2655466421875 0.7169051718749999 0.275872075 0.7128796000000001 0.2825943515625 0.71121955 0.30306427812500003 0.718861590625 0.31305722343750003 0.73303109375 0.322263040625
2 0.529245165625 0.2049488078125 0.5474402421875 0.20743234687499998 0.5552868328125 0.20570654375 0.5698313484375 0.193427984375 0.56989953125 0.189521734375 0.5493389328125 0.173290546875 0.544437428125 0.155560875 0.540582315625 0.1525175265625 0.5301656484375 0.1522144328125 0.5144383718750001 0.1576191671875 0.5052044671875 0.16418989687500002 0.5011448046875 0.1728653 0.4997574921875 0.177710225 0.5073313484375 0.1916094203125 0.529245165625 0.2049488078125
2 0.37190422500000003 0.262902396875 0.4005841515625 0.26178278125 0.4124222234375 0.255287825 0.420439275 0.24379639531250002 0.42064382499999997 0.23207764531250002 0.41564004218750006 0.2202073484375 0.39629629843749997 0.20889685937500002 0.37285879843749997 0.208214896875 0.35571011874999997 0.22041768125 0.3490462875 0.2290173109375 0.3475226078125 0.2416747359375 0.35256047968750004 0.2515919078125 0.37190422500000003 0.262902396875