9 0.324077696875 0.4855116875 0.32307839375 0.6572773125 0.41139089375 0.654193371875 0.412390196875 0.482427746875 0.324077696875 0.4855116875
3 0.34725708437499997 0.6794283015625 0.34702264375 0.7197251765625 0.38546014375 0.718382909375 0.38569458437500004 0.6780860343749999 0.34725708437499997 0.6794283015625
7 0.15468975625 0.900453103125 0.1541775140625 0.988499978125 0.2829431390625 0.984003384375 0.28345538124999997 0.8959565093749999 0.15468975625 0.900453103125
9 0.0189297921875 0.35913303281250003 0.018153384375 0.4925861578125 0.513606509375 0.475284553125 0.5143829171875 0.341831428125 0.0189297921875 0.35913303281250003
9 0.435146253125 0.524897734375 0.4344024796875 0.652741484375 0.5391681046875 0.6490829875 0.5399118781250001 0.5212392375 0.435146253125 0.524897734375
9 0.5318463875 0.48444248749999996 0.5307669078125 0.6699893625 0.6678762828125 0.6652013984375 0.6689557625 0.47965452343750004 0.5318463875 0.48444248749999996
9 0.07756556875000001 0.48277863437499996 0.076906790625 0.596013009375 0.241750540625 0.5902565390625 0.24240931875 0.47702216406250003 0.07756556875000001 0.48277863437499996
9 0.03898265625 0.313098234375 0.03872894375 0.356707609375 0.22666644374999997 0.35014468593750003 0.22692015625 0.3065353109375 0.03898265625 0.313098234375
9 0.1461836421875 0.5916645140625 0.14577548437500001 0.6618207640625 0.306275484375 0.6562159796875 0.3066836421875 0.5860597296875001 0.1461836421875 0.5916645140625
3 0.4414066640625 0.7564991953125 0.441141134375 0.8021398203125001 0.494188009375 0.8002873828125001 0.4944535390625 0.7546467578125 0.4414066640625 0.7564991953125
3 0.77432393125 0.8087667359375 0.774026221875 0.8599386109375 0.8359324718750001 0.8577767968750001 0.83623018125 0.8066049218750001 0.77432393125 0.8087667359375
3 0.7877717890625 0.198327325 0.78752135 0.2413742 0.8673494749999999 0.2385865390625 0.8675999140625 0.1955396640625 0.7877717890625 0.198327325
5 0.7331585140625 0.3512740828125 0.7400910359374999 0.334433803125 0.73329486875 0.3278365828125 0.71766986875 0.32838222031250003 0.709777828125 0.3423269125 0.7194866390625 0.351751515625 0.7331585140625 0.3512740828125
3 0.740122425 0.3102423109375 0.7396648171875 0.3888985609375 0.7727273171875 0.3877439921875 0.773184925 0.3090877421875 0.740122425 0.3102423109375
3 0.55227360625 0.429107440625 0.5519803515625 0.479513690625 0.6629959765625 0.47563693906250004 0.66328923125 0.42523068906250006 0.55227360625 0.429107440625
3 0.5453239203125 0.7724600953125 0.544611328125 0.8949444703125 0.592564453125 0.893269909375 0.5932770453125 0.7707855343750001 0.5453239203125 0.7724600953125
3 0.31079416875 0.7105783546875 0.31037401249999996 0.7827971046875 0.3418271375 0.7816987375 0.34224729374999996 0.7094799875 0.31079416875 0.7105783546875
3 0.22476469687499998 0.7589249203125 0.224052103125 0.8814092953125 0.257786478125 0.8802312640625001 0.258499071875 0.7577468890625 0.22476469687499998 0.7589249203125
7 0.6221093578125 0.7677166078125001 0.6209724265625 0.9631384828125 0.7539411765625 0.9584951109375 0.7550781078125001 0.7630732359375 0.6221093578125 0.7677166078125001
7 0.3879609953125 0.9087959296875001 0.3875102953125 0.9862646796875 0.5755727953124999 0.9796973921875001 0.5760234953125 0.9022286421875 0.3879609953125 0.9087959296875001
7 0.2609080453125 0.781361075 0.26027581093749996 0.8900329499999999 0.3947914359375 0.8853355609375001 0.3954236703125 0.7766636859375 0.2609080453125 0.781361075
7 0.06242551875 0.7450119703125 0.061512665625 0.9019182203125 0.147434540625 0.8989177625 0.14834739375 0.7420115125 0.06242551875 0.7450119703125
7 0.3804699625 0.072430653125 0.37974600625 0.196868153125 0.52555850625 0.19177626875 0.5262824625 0.06733876875 0.3804699625 0.072430653125
7 0.0065767890625 0 0.004866365625 0.29399685 0.360178865625 0.2815890640625 0.3618171015625 0 0.0065767890625 0
7 0.48029811718750004 0.20185506874999998 0.4798681421875 0.27576131875 0.6240087671875 0.2707278171875 0.6244387421875001 0.1968215671875 0.48029811718750004 0.20185506874999998
5 0.6779369546875 0.4449806875 0.683739515625 0.4545416984375 0.699364515625 0.4539960609375 0.7081933484375 0.446853203125 0.7082388 0.439040703125 0.6995008703125001 0.4305585609375 0.6877821203125001 0.4309677890625 0.6779369546875 0.4449806875
5 0.6335264125 0.35865876874999997 0.6393289734375001 0.3682197796875 0.6490945984375001 0.36787875625 0.65988791875 0.35871456875 0.6599447328125 0.34894894375 0.653148565625 0.34235172187499996 0.639476690625 0.3428291546875 0.6335264125 0.35865876874999997
5 0.6313801171875 0.3919300984375 0.6391471656250001 0.3994697796875 0.6508772781250001 0.3971074265625 0.6597629265625 0.38019894375 0.652978121875 0.37164859687499996 0.639306246875 0.3721260296875 0.6304660515625 0.3812220125 0.6313801171875 0.3919300984375
5 0.553539190625 0.3458301578125 0.5612948765625 0.355322965625 0.5730136265625 0.3549137375 0.583818309375 0.3437964234375 0.5838637624999999 0.3359839234375 0.5770789578125 0.327433578125 0.5634070828125 0.32791101093749997 0.553539190625 0.3458301578125
5 0.5010548015625 0.3047029328125 0.5060341984375001 0.28793085937499996 0.49922666875 0.2832867625 0.48553206718749997 0.28767044531249997 0.4834994015625 0.301410525 0.4893246875 0.3070652859375 0.5010548015625 0.3047029328125
5 0.5438240484375 0.5053167671875001 0.5390150953124999 0.49279196562500005 0.5155775953124999 0.493610421875 0.518569778125 0.4827659265625 0.5117736109375 0.47616870625 0.5000548609375 0.47657793281250005 0.49412730937499993 0.488501296875 0.50188299375 0.49799410312500003 0.51555486875 0.497516671875 0.5232537390625 0.516775103125 0.5438240484375 0.5053167671875001
5 0.42333756562499997 0.5729879140625 0.4341763375 0.5560112265625 0.421543521875 0.5457123687500001 0.408797075 0.5549447609375 0.4077693796875 0.5637679265625 0.41357194062499997 0.5733289375 0.42333756562499997 0.5729879140625
5 0.47911460625 0.7194474796875 0.4731529640625 0.7372302187499999 0.49067427500000005 0.7463820015625 0.501501684375 0.7313584390625001 0.4947282421875 0.7208549671875 0.47911460625 0.7194474796875
5 0.5293163453124999 0.817283534375 0.52047615 0.8263795171874999 0.521390215625 0.8370876031250001 0.5271927765625 0.8466486140624999 0.5408532875 0.8481243062500001 0.549693484375 0.8390283234375 0.5497616609375 0.8273095734375 0.5429768578124999 0.8187592265625 0.5293163453124999 0.817283534375
5 0.37563307031250004 0.71720295 0.369682790625 0.7330325640625001 0.37744983906249996 0.7405722453125 0.38721546406249996 0.740231221875 0.3921834984375 0.7254122734374999 0.37563307031250004 0.71720295
5 0.0967452609375 0.6566437109375001 0.0909881515625 0.6392702 0.0753631515625 0.6398158375 0.0645357421875 0.6548394 0.07029285156250001 0.6722129109375 0.062423535937499997 0.6822513546875 0.0633148765625 0.6968656906249999 0.0808589125 0.7021112234375 0.1171337625 0.676435375 0.113318415625 0.660946784375 0.0967452609375 0.6566437109375001