9 0.321638909375 0.4094983046875 0.49340453437500004 0.406500125 0.4954600296875 0.31818762500000003 0.3236944046875 0.3211858046875 0.321638909375 0.4094983046875
3 0.2589370078125 0.38504065625 0.29923388281249996 0.384337271875 0.300128525 0.345899771875 0.25983165 0.34660315625 0.2589370078125 0.38504065625
7 0 0.28860926249999996 0.0872407515625 0.28708646875 0.0902378046875 0.15832084375 0.0021909296875 0.1598577078125 0 0.25398898281250004 0 0.28860926249999996
9 0.4946585625 0.5076324359375 0.6281116875 0.505303003125 0.6396434859375 0.009849878125 0.5061903609375 0.0121793109375 0.4946585625 0.5076324359375
9 0.3193133875 0.5372604234375 0.44715713749999997 0.535028903125 0.449595584375 0.430263278125 0.321751834375 0.4324947984375 0.3193133875 0.5372604234375
9 0.29569769218749997 0.6664484234375 0.4812445671875 0.663209690625 0.484435821875 0.526100315625 0.298888946875 0.5293390484375 0.29569769218749997 0.6664484234375
9 0.39547179374999997 0.2382317578125 0.5087061687500001 0.23625524375 0.51254295 0.07141149375 0.399308575 0.0733880078125 0.39547179374999997 0.2382317578125
9 0.636542971875 0.2175461671875 0.680152346875 0.2167849625 0.684526640625 0.028847462499999997 0.640917265625 0.0296086671875 0.636542971875 0.2175461671875
9 0.32573415781250004 0.30434453125 0.39589040781249996 0.30311995 0.3996260875 0.14261995 0.3294698375 0.14384453125000002 0.32573415781250004 0.30434453125
3 0.17067598125 0.49576344531250005 0.21631660625000002 0.494966784375 0.2175512859375 0.441919909375 0.17191066093750001 0.44271657031249995 0.17067598125 0.49576344531250005
3 0.0932748875 0.83912391875 0.1444467625 0.8382307109375 0.145887646875 0.7763244609375 0.094715771875 0.77721766875 0.0932748875 0.83912391875
3 0.7108461125 0.8561531828125 0.7538929875 0.855401796875 0.7557510078125 0.7755736718749999 0.7127041328125 0.7763250578124999 0.7108461125 0.8561531828125
5 0.629368878125 0.7240671359374999 0.629732553125 0.7084421359374999 0.616242515625 0.7008682796875 0.60624959375 0.7108043640624999 0.605931378125 0.7244762390624999 0.62237383125 0.7310223953125 0.629368878125 0.7240671359374999
3 0.5671459015625 0.7649261390625 0.6458021515625 0.7635531890625 0.646571690625 0.7304906890625 0.567915440625 0.7318636390625 0.5671459015625 0.7649261390625
3 0.4856104171875 0.6571515406249999 0.5360166671875 0.656271696875 0.5386005843749999 0.545256071875 0.488194334375 0.5461359156250001 0.4856104171875 0.6571515406249999
3 0.07193568593750001 0.5963842671874999 0.1944200609375 0.5942462953125001 0.19553618125 0.5462931703125 0.07305180624999999 0.5484311421875 0.07193568593750001 0.5963842671874999
3 0.19813952031249998 0.34284602343750004 0.2703582703125 0.34158544062499996 0.27109035000000004 0.310132315625 0.19887159999999998 0.3113928984375 0.19813952031249998 0.34284602343750004
3 0.104465453125 0.261030653125 0.22694982812500003 0.2588926796875 0.22773500468750002 0.2251583046875 0.10525062968750001 0.227296278125 0.104465453125 0.261030653125
7 0 0.7593632421875001 0.192716878125 0.75599935625 0.1958117609375 0.6230306062500001 0.0003898859375 0.6264417078125 0 0.64319279375 0 0.7593632421875001
7 0 0.5811544234375 0.0639367328125 0.580038403125 0.0683139359375 0.39197590312499997 0 0.3931683265625 0 0.5811544234375
7 0.0913846640625 0.39826579375 0.20005653906249998 0.3963689203125 0.203187425 0.2618532953125 0.09451555 0.26375016875 0.0913846640625 0.39826579375
7 0.0921959765625 0.151023990625 0.24910222656249997 0.14828518125 0.25110208125 0.06236330624999999 0.09419583125 0.065102115625 0.0921959765625 0.151023990625
7 0.7775671546875 0.5129947484375 0.9020046546874999 0.510822684375 0.9053984796875 0.365010184375 0.7809609796875 0.36718224843749997 0.7775671546875 0.5129947484375
7 0.7054867015624999 0 0.6973503390625 0.349571303125 0.9915769015624999 0.34443555937500003 0.999593728125 0 0.7054867015624999 0
7 0.692858290625 0.6133628421874999 0.766764540625 0.6120728046874999 0.7701194515625 0.46793217968749995 0.6962132015625 0.46922221718749996 0.692858290625 0.6133628421874999
5 0.5051416890625 0.69304589375 0.5117730578125 0.701715634375 0.5195855578125 0.7015792671875001 0.5285791890625 0.692636790625 0.5288519453125 0.680918040625 0.51540736875 0.671391059375 0.5055053640625 0.67742089375 0.5051416890625 0.69304589375
5 0.5942142609375 0.6407305078125 0.6027532953125 0.6513192812499999 0.6125189203125 0.651148821875 0.6195139671875001 0.6441935625 0.6198321828125 0.6305216875 0.6043435609375 0.6249350484375 0.5944415578125 0.6309648828125 0.5942142609375 0.6407305078125
5 0.5648719265625 0.6431950109375 0.5812689203125 0.6516942921875 0.5902170921875001 0.644704940625 0.5905353078125 0.631033065625 0.5819508124999999 0.6223974171875 0.5711858953125 0.6235614859374999 0.5631915578125 0.631510353125 0.5648719265625 0.6431950109375
5 0.61161218125 0.564285896875 0.622104340625 0.574840578125 0.629916840625 0.5747042109375 0.6388650109375 0.567714859375 0.6391832281250001 0.554042984375 0.6218324 0.5445841875 0.6118849375 0.552567146875 0.61161218125 0.564285896875
5 0.687558390625 0.488771653125 0.6839703578125 0.47516796250000004 0.6703439421875 0.47345348125 0.6643481890625 0.47941513125 0.66602855625 0.49109979062500003 0.6825164703125 0.49569282187499997 0.687558390625 0.488771653125
5 0.47621175625 0.51003170625 0.48688575468749995 0.5127738890625 0.4938808 0.5058186296875 0.49415355625 0.4940998796875 0.48257118437499996 0.48844505624999995 0.47262372187499996 0.496428015625 0.47230550625 0.510099890625 0.45259241718750004 0.518253309375 0.46285728125 0.5385736171875 0.47566624218750003 0.53346920625 0.47621175625 0.51003170625
5 0.4295656859375 0.41713400468749995 0.4210721109375 0.40459210624999997 0.412305778125 0.40376895625 0.4024037734375 0.40979879218750004 0.4021764765625 0.41956441718750004 0.41852801250000005 0.4300168234375 0.4295656859375 0.41713400468749995
5 0.22480414531249998 0.49099206406249996 0.23920255468749999 0.5014785625 0.25010385 0.4944551203125 0.2524206515625 0.478796028125 0.2349789046875 0.4732434796875 0.22480414531249998 0.49099206406249996
5 0.1322799171875 0.523844384375 0.12237791406250001 0.5298742203125 0.1201065734375 0.5435801859375 0.1286910671875 0.5522158359375 0.1404098171875 0.552011284375 0.1493579890625 0.5450219328125 0.1516293296875 0.5313159656249999 0.14304483437499999 0.5226803171875 0.1322799171875 0.523844384375
5 0.2372064203125 0.37754035468749997 0.236979121875 0.38730597968749997 0.25151391093750003 0.391933103125 0.2606893796875 0.3751781265625 0.2452007578125 0.36959148750000004 0.2372064203125 0.37754035468749997
5 0.35558076562499996 0.072862740625 0.3411823546875 0.0623762421875 0.3234678515625 0.0685424453125 0.31388406562500004 0.0609004046875 0.29921289687499997 0.062132656249999994 0.2929443875 0.07981305625 0.3165174484375 0.11551972031249999 0.33223336875 0.111340734375 0.3375025859375 0.09465394218749999 0.3552170890625 0.088487740625 0.35558076562499996 0.072862740625