9 0.49692968750000005 0.67303125 0.6686953124999999 0.67303125 0.6686953124999999 0.5847187500000001 0.49692968750000005 0.5847187500000001 0.49692968750000005 0.67303125
3 0.6916953125 0.64871875 0.7319921875000001 0.64871875 0.7319921875000001 0.61028125 0.6916953125 0.61028125 0.6916953125 0.64871875
7 0.9060390625 0.8400390625 0.9940859375000001 0.8400390625 0.9940859375000001 0.7112734374999999 0.9060390625 0.7112734374999999 0.9060390625 0.8400390625
9 0.3598671875 0.9789765625 0.4933203125 0.9789765625 0.4933203125 0.4835234375 0.3598671875 0.4835234375 0.3598671875 0.9789765625
9 0.540203125 0.5617109375 0.668046875 0.5617109375 0.668046875 0.4569453125 0.540203125 0.4569453125 0.540203125 0.5617109375
9 0.5031171875 0.4652265625 0.6886640625 0.4652265625 0.6886640625 0.3281171875 0.5031171875 0.3281171875 0.5031171875 0.4652265625
9 0.48558593749999995 0.919609375 0.5988203125 0.919609375 0.5988203125 0.754765625 0.48558593749999995 0.754765625 0.48558593749999995 0.919609375
9 0.3145234375 0.9591875 0.3581328125 0.9591875 0.3581328125 0.77125 0.3145234375 0.77125 0.3145234375 0.9591875
9 0.596890625 0.8503437500000001 0.667046875 0.8503437500000001 0.667046875 0.68984375 0.596890625 0.68984375 0.596890625 0.8503437500000001
3 0.7720703125 0.5541015625 0.8177109375 0.5541015625 0.8177109375 0.5010546875 0.7720703125 0.5010546875 0.7720703125 0.5541015625
3 0.8359765625 0.2208125 0.8871484374999999 0.2208125 0.8871484374999999 0.15890625 0.8359765625 0.15890625 0.8359765625 0.2208125
3 0.2258828125 0.21091406250000003 0.2689296875 0.21091406250000003 0.2689296875 0.1310859375 0.2258828125 0.1310859375 0.2258828125 0.21091406250000003
5 0.3671875 0.2880859375 0.376953125 0.2783203125 0.376953125 0.2646484375 0.3603515625 0.2578125 0.353515625 0.2646484375 0.353515625 0.2802734375 0.3671875 0.2880859375
3 0.33615625 0.25792187499999997 0.41481250000000003 0.25792187499999997 0.41481250000000003 0.224859375 0.33615625 0.224859375 0.33615625 0.25792187499999997
3 0.44848437499999994 0.4451171875 0.49889062500000003 0.4451171875 0.49889062500000003 0.3341015625 0.44848437499999994 0.3341015625 0.44848437499999994 0.4451171875
3 0.7916640625 0.4500703125 0.9141484375 0.4500703125 0.9141484375 0.40211718750000003 0.7916640625 0.40211718750000003 0.7916640625 0.4500703125
3 0.721578125 0.6850078125 0.793796875 0.6850078125 0.793796875 0.6535546875 0.721578125 0.6535546875 0.721578125 0.6850078125
3 0.7669296875 0.7707734375 0.8894140625 0.7707734375 0.8894140625 0.7370390625 0.7669296875 0.7370390625 0.7669296875 0.7707734375
7 0.7896015625 0.373296875 0.9850234375 0.373296875 0.9850234375 0.240328125 0.7896015625 0.240328125 0.7896015625 0.373296875
7 1 0.41860937500000006 0.9225312499999999 0.41860937500000006 0.9225312499999999 0.606671875 1 0.606671875 1 0.41860937500000006
7 0.7906328125 0.7344921875 0.8993046874999999 0.7344921875 0.8993046874999999 0.5999765625 0.7906328125 0.5999765625 0.7906328125 0.7344921875
7 0.74734375 0.9332265625 0.90425 0.9332265625 0.90425 0.8473046875 0.74734375 0.8473046875 0.74734375 0.9332265625
7 0.085734375 0.61903125 0.21017187499999998 0.61903125 0.21017187499999998 0.47321875 0.085734375 0.47321875 0.085734375 0.61903125
7 0 0.9934218749999999 0.2942265625 0.9934218749999999 0.2942265625 0.638109375 0 0.638109375 0 0.9934218749999999
7 0.218671875 0.5184296875000001 0.292578125 0.5184296875000001 0.292578125 0.3742890625 0.218671875 0.3742890625 0.218671875 0.5184296875000001
5 0.455078125 0.3095703125 0.46875 0.3193359375 0.478515625 0.3134765625 0.478515625 0.2978515625 0.4716796875 0.2890625 0.4638671875 0.2890625 0.455078125 0.2978515625 0.455078125 0.3095703125
5 0.365234375 0.3583984375 0.380859375 0.3642578125 0.390625 0.3583984375 0.390625 0.3486328125 0.3818359375 0.337890625 0.3720703125 0.337890625 0.365234375 0.3447265625 0.365234375 0.3583984375
5 0.4033203125 0.3671875 0.4140625 0.3662109375 0.421875 0.3583984375 0.419921875 0.3466796875 0.4033203125 0.337890625 0.39453125 0.3447265625 0.39453125 0.3583984375 0.4033203125 0.3671875
5 0.34765625 0.4345703125 0.365234375 0.4443359375 0.375 0.4365234375 0.375 0.4248046875 0.3642578125 0.4140625 0.3564453125 0.4140625 0.34765625 0.4208984375 0.34765625 0.4345703125
5 0.318359375 0.5146484375 0.32421875 0.5087890625 0.322265625 0.4970703125 0.3056640625 0.4921875 0.30078125 0.4990234375 0.3046875 0.5126953125 0.318359375 0.5146484375
5 0.51171875 0.4814453125 0.5009765625 0.478515625 0.494140625 0.4853515625 0.494140625 0.4970703125 0.505859375 0.5029296875 0.515625 0.4951171875 0.515625 0.4814453125 0.53515625 0.4736328125 0.5244140625 0.453125 0.51171875 0.4580078125 0.51171875 0.4814453125
5 0.578125 0.5888671875 0.587890625 0.5830078125 0.587890625 0.5732421875 0.5712890625 0.5625 0.560546875 0.5751953125 0.5693359375 0.587890625 0.578125 0.5888671875
5 0.763671875 0.5048828125 0.7490234375 0.494140625 0.73828125 0.5009765625 0.736328125 0.5166015625 0.75390625 0.5224609375 0.763671875 0.5048828125
5 0.8359375 0.4658203125 0.8447265625 0.474609375 0.85546875 0.4736328125 0.865234375 0.4677734375 0.8671875 0.4541015625 0.8583984375 0.4453125 0.8466796875 0.4453125 0.837890625 0.4521484375 0.8359375 0.4658203125
5 0.75390625 0.6181640625 0.75390625 0.6083984375 0.7392578125 0.603515625 0.73046875 0.6201171875 0.74609375 0.6259765625 0.75390625 0.6181640625
5 0.642578125 0.9208984375 0.6572265625 0.931640625 0.6748046875 0.92578125 0.6845703125 0.93359375 0.69921875 0.9326171875 0.705078125 0.9150390625 0.6806640625 0.87890625 0.6650390625 0.8828125 0.66015625 0.8994140625 0.642578125 0.9052734375 0.642578125 0.9208984375