3 0.057602940625 0.953485928125 0.2027677765625 0.9517967828125 0.1967038203125 0.4306616484375 0.051538984375 0.43235079374999996 0.057602940625 0.953485928125
3 0.3466828875 0.6097247453125 0.433166403125 0.6087184171875 0.4307624578125 0.40212382343749997 0.3442789421875 0.4031301515625 0.3466828875 0.6097247453125
3 0.29604038125 0.7739037390625 0.7509854359375 0.7686099734375 0.7489475546875 0.5934748375 0.2940025 0.598768603125 0.29604038125 0.7739037390625
3 0.547094246875 0.5829299765625 0.63416384375 0.5819168296874999 0.6319077078124999 0.3880249390625 0.5448381109375 0.3890380859375 0.547094246875 0.5829299765625
3 0.9219779671874999 0.633115734375 0.9978387734374999 0.6322330140625 0.9952756968750001 0.41196274375 0.9194148906249999 0.4128454640625 0.9219779671874999 0.633115734375
3 0.867142325 0.7895586828125001 0.965164303125 0.78841809375 0.963701934375 0.66274241875 0.8656799562499999 0.6638830078125 0.867142325 0.7895586828125001
3 0.31093953124999996 0 0.31460210312500003 0.31476075937500003 0.37244093125 0.31408774375 0.368786190625 0 0.31093953124999996 0
5 0.596552021875 0.9053916703124999 0.6006259578125 0.9197571140624999 0.620459040625 0.9454694578125 0.6265196375000001 0.9626943546875 0.63539254375 0.9697975265625001 0.648071090625 0.9682087171875 0.6684615218750001 0.9578824609375 0.6858048875 0.9375026656250001 0.732277440625 0.9023710812499999 0.7409155859375 0.889299 0.7423656515625 0.8460435921875 0.7383252546875 0.8345603265625 0.7095857234375 0.798862625 0.6958132375 0.7903751765625 0.6821749031250001 0.7934164406249999 0.6667175890625 0.808009146875 0.6359706468749999 0.8516054593750001 0.6204462578125 0.8604338140625 0.5983374609375 0.890958046875 0.596552021875 0.9053916703124999
5 0.83771265 0.8982616562500001 0.8523778578125001 0.8995322984375 0.8650564015625 0.8979434828124999 0.884352890625 0.8775409625 0.8947764781249999 0.8500352687499999 0.892487978125 0.82123620625 0.88440718125 0.7982696796875 0.8735140765624999 0.785424865625 0.861728253125 0.77979686875 0.844150128125 0.780001409375 0.8248201015625 0.7975217515625 0.81816861875 0.813453278125 0.8107920999999999 0.851012515625 0.81496665 0.87402449375 0.8258932921875 0.8897514828125 0.83771265 0.8982616562500001
5 0.742969321875 0.8979228140625001 0.747935978125 0.9050714453125 0.76455430625 0.9063193546875 0.7810720265625 0.8989207296874999 0.7946097546875001 0.8872329296875 0.8032479 0.8741608546874999 0.8069864625 0.8597045046874999 0.80436259375 0.8020836515624999 0.7874424265625 0.7748961265625 0.7775761937500001 0.7663632234375 0.7501989046875 0.76379921875 0.7249424265625 0.7756233796875 0.71630428125 0.7886954546875 0.7144517687499999 0.7973647171875 0.72249903125 0.8174490640625001 0.7442517015625 0.8402565031250001 0.742969321875 0.8979228140625001
5 0.7238516390624999 0.3461332453125 0.71209935 0.3433874265625 0.6965414234375 0.34933360156250004 0.6868428734375 0.3552115921875 0.67539241875 0.3784053859375 0.6493102984375 0.40321071406250003 0.6379269203125 0.4321688671875 0.6381281421875 0.4494619375 0.67104221875 0.5081716187499999 0.6857409640625 0.5123244390624999 0.69838596875 0.5078534453125 0.719635584375 0.487428203125 0.729401209375 0.48731457031250003 0.737046021875 0.47281276562499996 0.74770436875 0.465482321875 0.7504831375000001 0.45247842499999996 0.7563425140625 0.45241024531249996 0.76306106875 0.44224307500000004 0.7627927703124999 0.41918564218750004 0.7934391015625 0.36694279375 0.7902914234375 0.348242721875 0.7666862359375 0.33410454375 0.7471549875 0.33433181093750003 0.7238516390624999 0.3461332453125
5 0.397445003125 0.32975334375 0.41320415156249996 0.3411002484375 0.4219764453125 0.3395568890625 0.4385277 0.335040446875 0.4529246109375 0.3132536515625 0.4565960984375 0.2930329421875 0.4543746765625 0.26999823749999996 0.44838115156249997 0.25853770468750004 0.44626034062500003 0.2441495328125 0.43728682343749997 0.2283998203125 0.41563476406250005 0.2142389203125 0.40196288906250005 0.21439800781249999 0.3903112125 0.2202987234375 0.3797534796875 0.2362757046875 0.3741624046875 0.2594013171875 0.37456485 0.29398746249999996 0.397445003125 0.32975334375
5 0.503316196875 0.36311225468749997 0.512088490625 0.36156889375 0.5266530859375 0.3541930015625 0.54296958125 0.3295013 0.548627734375 0.31214004375000004 0.5482923625 0.2833182546875 0.5400774140625 0.24882301562500003 0.5291507734375 0.233096021875 0.5153782859375 0.22460857500000003 0.49780016250000003 0.224813115625 0.48035618593749996 0.23654636718750002 0.4678788671875 0.2554282578125 0.4646433609375 0.31311729062500004 0.46669709687500005 0.3217411046875 0.4895437125 0.3546248078125 0.503316196875 0.36311225468749997
5 0.5931599484375 0.362066828125 0.619510365625 0.36031892656250003 0.6340414234375 0.35006085468750003 0.64264603125 0.33410659531250003 0.6481364968750001 0.3023344484375 0.647801125 0.273512659375 0.6457473890625 0.2648888453125 0.6248874343749999 0.23486459375000002 0.6033024499999999 0.22646805312499999 0.581952225 0.23824676562499997 0.5636490656250001 0.260079009375 0.559910503125 0.274535359375 0.5584268984375 0.31490858906249997 0.5625679078125 0.3350383890625 0.5774007984375 0.350719928125 0.5931599484375 0.362066828125
5 0.16910502968750002 0.1796341515625 0.173971075 0.1781362421875 0.19830129375 0.170646715625 0.21461779218750002 0.145955015625 0.21792037031249997 0.094030340625 0.2008660546875 0.0553140953125 0.19302001875000002 0.0525228234375 0.16180355625 0.055768628125 0.15015188125 0.06166935 0.1377080984375 0.0834334140625 0.1342378296875 0.120947196875 0.1363921796875 0.1382175453125 0.142352165625 0.1467959015625 0.1424527765625 0.1554424359375 0.15337941875 0.171169428125 0.16910502968750002 0.1796341515625