2 0.559566125 0.263692428125 0.34754231562500004 0.264925946875 0.3460577625 0.349975946875 0.5580815718750001 0.348742428125 0.559566125 0.263692428125
2 0.45523524843749996 0.5885414765625 0.3602352484375 0.5890941703125 0.3575855703125 0.7408941703124999 0.4525855703125 0.7403414765624999 0.45523524843749996 0.5885414765625
2 0.3783888453125 0.3446883671875 0.3221983703125 0.345015275 0.3208377484375 0.422965275 0.37702822343750003 0.42263836718750003 0.3783888453125 0.3446883671875
2 0.270769653125 0.2498491734375 0.204023621875 0.250237490625 0.2022990625 0.349037490625 0.26904509375 0.3486491734375 0.270769653125 0.2498491734375
2 0.171133059375 0.50580290625 0.057125121875 0.506466184375 0.054522571875 0.655566184375 0.168530509375 0.65490290625 0.171133059375 0.50580290625
2 0.8603713718750001 0.097609084375 0.7881888328125 0.0980290296875 0.7868753390625 0.1732790296875 0.859057878125 0.172859084375 0.8603713718750001 0.097609084375
2 0.677239509375 0.4917595921875 0.5980728421875 0.49222017031250004 0.5964861765625 0.5831201703125 0.67565284375 0.5826595921875 0.677239509375 0.4917595921875
2 0.886390765625 0.0197406 0.8177399718749999 0.020139999999999998 0.816217890625 0.10733999999999999 0.884868684375 0.10694060000000001 0.886390765625 0.0197406
5 0.5059110234374999 0.1619227609375 0.46724518281250005 0.195367 0.4702493578125 0.24702395781250003 0.49347207812500005 0.25919229375 0.528886065625 0.2442221359375 0.5279638796875 0.1851709984375 0.5059110234374999 0.1619227609375
5 0.9027591578124999 0.2506594109375 0.8682143437500001 0.2717762328125 0.86757000625 0.3086902921875 0.8906638593749999 0.3282414359375 0.9301129609375 0.3058657421875 0.9268510515624999 0.268974403125 0.9027591578124999 0.2506594109375
5 0.2078533703125 0.3432870078125 0.1711836109375 0.3742589421875 0.1725353546875 0.40870070468749997 0.19376199375 0.42334133593749995 0.23329700781249998 0.3960437625 0.23190230937499998 0.364062940625 0.2078533703125 0.3432870078125