5 0.4257812515625 0.795567884375 0.3974609359375 0.8031249828125 0.3720703109375 0.8230301953125 0.3632812515625 0.8411694125 0.3574218765625 0.8771750828125 0.359375 0.8992030359375001 0.3681640640625 0.9169331187499999 0.3818359359375 0.9331699609375 0.3916015625 0.9357018375000001 0.4150390640625 0.9544705609375 0.4306640640625 0.9541068859375 0.4619140640625 0.9257877671875001 0.4765625015625 0.904753 0.478515625 0.8798749484374999 0.474609375 0.8303006875 0.4521484375 0.8073704718749999 0.4257812515625 0.795567884375
5 0.5517578125 0.7802194499999999 0.525390625 0.782212740625 0.4912109359375 0.8174979921875 0.484375 0.8328325703124999 0.484375 0.885256925 0.4882812515625 0.8934435359374999 0.4882812515625 0.90723941875 0.5380859359375 0.948847440625 0.5615234375 0.9510611000000001 0.5654296890625 0.9454518265624999 0.5810546890625 0.9423289765625 0.5917968765625 0.926903478125 0.5976562515625 0.9046936875 0.5976562515625 0.8246775656249999 0.5859374984375 0.8111544390625 0.5830078125 0.8015655109375001 0.5673828125 0.7881333046875 0.5517578125 0.7802194499999999
5 0.712890625 0.81923628125 0.6943359359375 0.793455965625 0.6748046890625 0.780114678125 0.662109375 0.7790305765625 0.6513671875 0.7806601921875 0.6181640640625 0.8062655953125001 0.609375 0.8299231624999999 0.6113281234375 0.8960979421875 0.619140625 0.9097119875 0.6210937484375 0.9207032312500001 0.6298828125 0.9329149593749999 0.6416015625 0.9409197328125 0.6591796890625 0.9460289515625 0.6650390640625 0.9458925734375001 0.6845703109375 0.9316420937500001 0.7060546890625 0.9090686281249999 0.7148437484375 0.8936885890624999 0.71875 0.87428343125 0.71875 0.841173315625 0.712890625 0.81923628125
5 0.7509765625 0.6486604609375 0.7392578125 0.6406556890624999 0.728515625 0.6422853046875 0.7216796890625 0.6465831734374999 0.7099609359375 0.64409675625 0.7001953109375 0.6498424078125 0.6865234375 0.6639565015625 0.6748046890625 0.6697476140624999 0.6679687484375 0.68508219375 0.666015625 0.71547859375 0.671875 0.7567298671875 0.6884765625 0.7797964609375 0.7158203109375 0.7957150859375 0.7353515625 0.7925013171875 0.7587890640625 0.7726415703125 0.771484375 0.7544114328125 0.7792968765625 0.7321561828125 0.7773437484375 0.6770181125 0.7509765625 0.6486604609375
5 0.7890625015625 0.6739861765625 0.787109375 0.6961050484375 0.7890625015625 0.7346880609374999 0.791015625 0.7484384828125 0.7958984375 0.75798195625 0.8232421875 0.77665975625 0.8564453109375 0.7786461250000001 0.884765625 0.7490156078125 0.896484375 0.7073552015625 0.896484375 0.6687267296875 0.8798828125 0.645660134375 0.8544921875 0.6296960453125 0.8417968765625 0.631371125 0.8134765625 0.644446578125 0.7890625015625 0.6739861765625
5 0.515625 0.5313549703125 0.505859375 0.559174034375 0.5195312515625 0.5892067609375 0.5283203109375 0.5986593078125 0.5380859359375 0.601191190625 0.5458984375 0.6148052328125 0.5595703109375 0.6255237234375 0.5732421875 0.6252055078125001 0.5966796890625 0.6136232859375 0.6015625015625 0.6010933453125 0.6015625015625 0.5817791078125001 0.5957031234375 0.5460461890625 0.5771484375 0.523025053125 0.5654296890625 0.5150202828125 0.53125 0.5144362359375 0.515625 0.5313549703125
5 0.599609375 0.6452856312499999 0.5771484375 0.6554655296874999 0.556640625 0.6793958546875001 0.5449218765625 0.7072603796875 0.5449218765625 0.7431296765625001 0.5488281234375 0.759593815625 0.5654296890625 0.779901234375 0.5947265625 0.8012927546874999 0.6103515625 0.803688253125 0.6435546890625 0.7753236796875 0.6523437484375 0.7627028171875 0.6582031234375 0.7460113796875001 0.6601562515625 0.6907823859375 0.65625 0.6743182453125 0.6513671875 0.6675339546875 0.6201171875 0.6461878921875 0.599609375 0.6452856312499999
5 0.2060546890625 0.6916946 0.1855468765625 0.7183841 0.181640625 0.7708993734375 0.1875 0.7873180578125 0.2099609359375 0.8130074484375 0.2275390640625 0.8236350218749999 0.2470703109375 0.8231804281249999 0.2607421875 0.81458468125 0.2832031234375 0.7878497171875 0.2890625015625 0.7463256890625 0.287109375 0.727056915625 0.2792968765625 0.6996469875 0.2646484375 0.6848124609374999 0.2431640640625 0.6770349875 0.2265625015625 0.6788009796875001 0.2060546890625 0.6916946
5 0.4257812515625 0.726588465625 0.427734375 0.759653128125 0.4335937484375 0.7760718078125 0.4560546890625 0.8017611984374999 0.4755859359375 0.8095841374999999 0.4873046890625 0.80931138125 0.5068359359375 0.795060903125 0.53125 0.76000295 0.537109375 0.737793159375 0.5351562515625 0.6964509671875 0.5244140640625 0.6760071734374999 0.4990234375 0.6517655546875 0.4667968765625 0.6538952250000001 0.431640625 0.693341971875 0.4257812515625 0.726588465625
5 0.0419921875 0.574109425 0.035156251562500004 0.5811664750000001 0.0273437484375 0.60618090625 0.0273437484375 0.6254951390625 0.042968748437499996 0.6499640546875 0.044921876562500004 0.658196125 0.0576171875 0.673076109375 0.0673828125 0.678367159375 0.0888671875 0.6751079328125 0.09667968906249999 0.6694077390625 0.109375 0.6484184328125 0.11132812343750001 0.5931894390625 0.09667968906249999 0.5755957390625001 0.08496093593750001 0.5675909671875 0.0625 0.5694933390625 0.0419921875 0.574109425
5 0.12109374843750001 0.3611913109375 0.12109374843750001 0.33635871875 0.11718749843750001 0.3309312828125 0.119140625 0.3281266484375 0.11718749843750001 0.3171354046875 0.0986328125 0.29411426406249996 0.0888671875 0.2915823875 0.08496093593750001 0.28063659687500003 0.0625 0.2825389734375 0.0595703109375 0.286745925 0.0517578125 0.2841685875 0.0419921875 0.28991423906249997 0.038085935937499996 0.3010418640625 0.0302734375 0.30398288125 0.025390625 0.310994465625 0.023437498437500003 0.3165582796875 0.025390625 0.322031175 0.017578123437500003 0.3387680703125 0.017578123437500003 0.3663598375 0.023437498437500003 0.385537696875 0.040039064062500004 0.40584511093750003 0.08105468906249999 0.41592717187500006 0.10644531093750001 0.401540315625 0.11328125156249999 0.391724090625 0.12109374843750001 0.3611913109375
5 0.5810546890625 0.2663307109375 0.5751953109375 0.2554303875 0.5634765625 0.2501847890625 0.5537109359375 0.23937537656250002 0.5439453109375 0.23408432656249997 0.537109375 0.235623021875 0.5263671875 0.24001180937500002 0.5205078125 0.24842572343749997 0.5107421875 0.25141219531250003 0.5029296890625 0.2653899171875 0.4921874984375 0.2752970609375 0.490234375 0.28913840468749996 0.4921874984375 0.3442764734375 0.5107421875 0.3700567875 0.5185546890625 0.372634125 0.5263671875 0.38348899531249997 0.5361328125 0.3832616984375 0.5615234375 0.371634015625 0.583984375 0.34489905625 0.59375 0.3198391671875 0.5917968765625 0.2757378015625 0.5810546890625 0.2663307109375
5 0.240234375 0.30599392187499996 0.2265625015625 0.275961196875 0.2080078125 0.258458415625 0.1943359359375 0.253258278125 0.1855468765625 0.25484243281249996 0.1708984375 0.262081321875 0.1630859359375 0.2760590421875 0.1513671875 0.281850153125 0.146484375 0.28886174531250003 0.1445312515625 0.2999439078125 0.1386718765625 0.30559864062500003 0.134765625 0.32776297187500003 0.1367187484375 0.3359950421875 0.134765625 0.3470772109375 0.140625 0.366255065625 0.1669921875 0.4028902453125 0.1748046890625 0.4054675859375 0.2158203109375 0.398994584375 0.2324218765625 0.3779143515625 0.2421874984375 0.358372821875 0.240234375 0.30599392187499996
5 0.4199218765625 0.24662811874999999 0.3857421875 0.2708766609375 0.369140625 0.30023442031249997 0.3671874984375 0.3113165890625 0.3671874984375 0.3471858796875 0.3769531234375 0.3717911765625 0.3974609359375 0.3920076765625 0.4150390640625 0.39987606875 0.4306640640625 0.39675321406249997 0.4501953109375 0.385261915625 0.4638671875 0.371147815625 0.474609375 0.3502039625 0.4707031234375 0.3144255859375 0.4726562515625 0.29506589375000003 0.46875 0.27584257343749996 0.4423828125 0.2502441015625 0.4199218765625 0.24662811874999999
5 0.3330078125 0.252789834375 0.3193359359375 0.24207134218749998 0.3085937484375 0.24094178125000001 0.2890487984375 0.2522925359375 0.2763671875 0.2651448640625 0.2724609359375 0.2735133109375 0.2626953109375 0.27925896250000004 0.2578125015625 0.286270553125 0.25 0.3250808625 0.2578125015625 0.3828417328125 0.2685546890625 0.397767178125 0.2939453109375 0.41097208749999997 0.3095703109375 0.40509005625 0.3349609359375 0.3851848515625 0.3466796890625 0.373875384375 0.359375 0.3501268984375 0.359375 0.30322089375 0.3515625015625 0.27581096875 0.3330078125 0.252789834375
5 0.2275390640625 0.12280417031249999 0.1992187484375 0.1551938625 0.197265625 0.2104228515625 0.2011718765625 0.22964616875 0.2177734375 0.2527127640625 0.2294921875 0.25244000624999996 0.2451171875 0.265872215625 0.2568359359375 0.2655994578125 0.2919921875 0.24270777500000001 0.3046874984375 0.22447764375 0.3085937484375 0.20507248437499997 0.306640625 0.155452765625 0.2841796890625 0.1214858453125 0.2763671875 0.1161493296875 0.2382812515625 0.1156562015625 0.2275390640625 0.12280417031249999
5 0.7276046828125 0 0.724609375 0.005006429687499999 0.7265625015625 0.062903678125 0.7480468765625 0.0982729203125 0.7158203109375 0.094884234375 0.7109374984375 0.10189582500000001 0.7167968765625 0.101759446875 0.7138671875 0.10872557812500001 0.7021484375 0.1089983359375 0.6757812515625 0.1413425671875 0.6640625015625 0.169207090625 0.6738281234375 0.2158858 0.6845703109375 0.22805206249999999 0.7392578125 0.226779196875 0.7724609359375 0.20669215312500003 0.7841796890625 0.1788276296875 0.787109375 0.19945326562500001 0.8173828125 0.2222016421875 0.8232421875 0.2358611484375 0.8388671875 0.23825664687499998 0.8681640640625 0.221019696875 0.8925781234375 0.1832025703125 0.8886718765625 0.12259160468750001 0.8759765625 0.10771162031249999 0.8544921875 0.1026933203125 0.8466796890625 0.08632009375000001 0.8388671875 0.0837427578125 0.8125 0.1022911125 0.833984375 0.057644232812499994 0.833984375 0 0.7276046828125 0