3 0.519384615625 0.662 0.9072615390625 0.662 0.9072615390625 0.17722580625 0.519384615625 0.17722580625 0.519384615625 0.662
3 0.09066153906249999 0.76177419375 0.2298923078125 0.76177419375 0.2298923078125 0.49977419375 0.09066153906249999 0.49977419375 0.09066153906249999 0.76177419375
3 0.2281076921875 0.6688709671875 0.389 0.6688709671875 0.389 0.4094516125 0.2281076921875 0.4094516125 0.2281076921875 0.6688709671875
19 0 0.35567741875 0.126584615625 0.35567741875 0.126584615625 0.035290321875 0 0.035290321875 0 0.35567741875
19 0.000015384375 0.703290321875 0.0757384609375 0.703290321875 0.0757384609375 0.4998064515625 0.000015384375 0.4998064515625 0.000015384375 0.703290321875
19 0.2588769234375 0.2145483875 0.40703076875 0.2145483875 0.40703076875 0.0223548390625 0.2588769234375 0.0223548390625 0.2588769234375 0.2145483875
19 0.5173230765625 0 0.5173230765625 0.07341935468750001 0.8334461531249999 0.07341935468750001 0.8334461531249999 0 0.5173230765625 0
19 0.8927076921875001 0.4107419359375 0.9892615390625 0.4107419359375 0.9892615390625 0.155709678125 0.8927076921875001 0.155709678125 0.8927076921875001 0.4107419359375
15 0.0584615390625 0.8709677421875 0.055384615625 0.8709677421875 0.055384615625 0.9483870968750001 0.0584615390625 0.9483870968750001 0.0584615390625 0.9612903218750001 0.0615384609375 0.9612903218750001 0.0615384609375 0.9677419359374999 0.06769230781249999 0.9677419359374999 0.06769230781249999 0.9741935484375001 0.0923076921875 0.9741935484375001 0.0923076921875 0.9677419359374999 0.0984615390625 0.9677419359374999 0.0984615390625 0.9612903218750001 0.1015384609375 0.9612903218750001 0.1015384609375 0.9483870968750001 0.10769230781250001 0.941935484375 0.10769230781250001 0.9354838703125001 0.11076923125 0.9354838703125001 0.11076923125 0.9225806453125 0.11384615312499999 0.9225806453125 0.11384615312499999 0.89677419375 0.1169230765625 0.89677419375 0.1169230765625 0.8774193546875001 0.11076923125 0.8709677421875 0.11076923125 0.8645161296874999 0.1015384609375 0.8645161296874999 0.1015384609375 0.858064515625 0.095384615625 0.858064515625 0.095384615625 0.8516129031249999 0.08923076875 0.8516129031249999 0.08923076875 0.845161290625 0.08 0.845161290625 0.08 0.8322580640625 0.07384615312500001 0.8322580640625 0.07076923125 0.845161290625 0.064615384375 0.845161290625 0.0615384609375 0.858064515625 0.0584615390625 0.858064515625 0.0584615390625 0.8709677421875
15 0.11384615312499999 0.9225806453125 0.1169230765625 0.9225806453125 0.1169230765625 0.9290322578125 0.12307692343750001 0.9290322578125 0.126153846875 0.941935484375 0.1415384609375 0.941935484375 0.1415384609375 0.9290322578125 0.1476923078125 0.9225806453125 0.1476923078125 0.90967741875 0.15076923125 0.90967741875 0.15076923125 0.8903225812500001 0.15692307656249999 0.8838709671875 0.15692307656249999 0.8774193546875001 0.16 0.8774193546875001 0.16 0.8645161296874999 0.1630769234375 0.8645161296874999 0.1630769234375 0.8258064515625 0.153846153125 0.8258064515625 0.153846153125 0.8193548390625001 0.12 0.8193548390625001 0.12 0.8258064515625 0.1169230765625 0.8258064515625 0.1169230765625 0.8516129031249999 0.11384615312499999 0.8516129031249999 0.11384615312499999 0.9225806453125
15 0.2523076921875 0.6838709671875 0.2430769234375 0.7870967734375001 0.24923076875 0.8129032265625 0.26769230781250003 0.8129032265625 0.286153846875 0.70967741875 0.2523076921875 0.6838709671875
15 0.286153846875 0.7741935484375 0.31076923125 0.7870967734375001 0.319259 0.7176948125 0.28923076875 0.69032258125 0.286153846875 0.7741935484375
15 0.326153846875 0.6774193546875 0.31384615312499997 0.7290322578125 0.3323076921875 0.761290321875 0.353846153125 0.7290322578125 0.353846153125 0.6967741937499999 0.326153846875 0.6774193546875
15 0.43076923125000005 0.6258064515624999 0.40307692343749996 0.6064516125 0.39908163124999996 0.6618765609375 0.39908163124999996 0.7026669812499999 0.40923076875 0.7290322578125 0.4215956671875 0.6962262703125 0.43076923125000005 0.6258064515624999
15 0.446153846875 0.6258064515624999 0.43692307656249996 0.70967741875 0.45846153906250003 0.7483870968749999 0.4769230765625 0.6709677421875 0.47076923125 0.638709678125 0.446153846875 0.6258064515624999
15 0.5476923078125 0.6774193546875 0.5076923078125 0.658064515625 0.495384615625 0.6774193546875 0.495384615625 0.741935484375 0.5353846156250001 0.7741935484375 0.5476923078125 0.7483870968749999 0.5476923078125 0.6774193546875
15 0.55076923125 0.7806451609375 0.5784615390625001 0.8064516125000001 0.5815384609375001 0.7290322578125 0.5538461531250001 0.7225806453125 0.55076923125 0.7806451609375
15 0.5969230765625 0.8193548390625001 0.6215384609375 0.838709678125 0.6307692312500001 0.7483870968749999 0.6030769234375 0.7225806453125 0.5969230765625 0.8193548390625001
15 0.735384615625 0.7870967734375001 0.76 0.8193548390625001 0.7784615390625 0.7161290328125001 0.7446153843750001 0.70967741875 0.735384615625 0.7870967734375001
15 0.695384615625 0.7870967734375001 0.68923076875 0.7354838703125 0.67076923125 0.7290322578125 0.6307692312500001 0.754838709375 0.6276923078125 0.8129032265625 0.646153846875 0.8516129031249999 0.686153846875 0.8645161296874999 0.695384615625 0.7870967734375001
15 0.8276923078125 0.6967741937499999 0.8184615390625 0.7677419359375001 0.8276923078125 0.7870967734375001 0.8584615390625 0.7806451609375 0.8615384609375001 0.70967741875 0.8276923078125 0.6967741937499999
15 0.926153846875 0.6645161296875 0.9076923078125001 0.645161290625 0.855384615625 0.6709677421875 0.8523076921875001 0.70967741875 0.8830769234375 0.754838709375 0.9292307687499999 0.741935484375 0.926153846875 0.6645161296875