3 0.801657446875 0.8976876953125 0.8106853828125 0.509810771875 0.3259111890625 0.5154516296875 0.316883253125 0.9033285531249999 0.801657446875 0.8976876953125
3 0.49487500312500005 0.224071653125 0.4981156359375 0.08484088437500001 0.23611563593749998 0.08788953125 0.23287500312499998 0.2271203 0.49487500312500005 0.224071653125
3 0.5814943125 0.38212834687499997 0.585239121875 0.22123603906249997 0.3258197671875 0.22425465781249998 0.3220749578125 0.385146965625 0.5814943125 0.38212834687499997
19 0.644148078125 0 0.6413762921874999 0.11908724374999999 0.9617633890624999 0.11535920156249999 0.964448403125 0 0.644148078125 0
19 0.2966293203125 0 0.29494684531250004 0.07228593125 0.49843071562499996 0.0699181828125 0.5000580796875 0 0.2966293203125 0
19 0.9681714140625 0.3956548375 0.971619734375 0.2475009921875 0.7794261859375 0.2497373671875 0.775977865625 0.3978912125 0.9681714140625 0.3956548375
19 0.9071819703124999 0.8226644109375 0.980601325 0.8218101000000001 0.9879591718749999 0.5056870234375 0.9145398171875 0.506541334375 0.9071819703124999 0.8226644109375
19 0.8212650046875 0.97943733125 0.8235123203124999 0.882883484375 0.5684800625 0.8858510531249999 0.566232746875 0.9824049 0.8212650046875 0.97943733125
15 0.030109578125 0.0919323359375 0.029966346875 0.0980861828125 0.0364179609375 0.0980111109375 0.036346343749999996 0.1010880328125 0.04924956875 0.100937890625 0.05555795 0.10701666562500001 0.0620095640625 0.1069415953125 0.061937946875000004 0.11001851874999999 0.074841171875 0.10986837499999999 0.07476955625000001 0.11294529687499999 0.1005760078125 0.1126450125 0.1005043921875 0.11572193593749999 0.11985923125 0.115496721875 0.126454075 0.1092678046875 0.1329056875 0.10919273437499999 0.1331205359375 0.09996196406249999 0.13957215 0.09988689218749999 0.1397153828125 0.093733046875 0.1461669953125 0.093657975 0.146310228125 0.087504128125 0.152761840625 0.0874290578125 0.1529766890625 0.07819828906250001 0.16587991562499999 0.0780481453125 0.166023146875 0.0718942984375 0.1531915375 0.0689675203125 0.1533347703125 0.0628136734375 0.14050316093749998 0.0598868921875 0.1405747765625 0.0568099703125 0.12767155 0.05696011250000001 0.1277431671875 0.0538831890625 0.050323812499999995 0.054784045312499995 0.050252195312500005 0.05786096875 0.0373489703125 0.0580111109375 0.0372773546875 0.061088032812500005 0.030825740624999997 0.061163104687500004 0.0306825078125 0.0673169515625 0.0242308953125 0.067392021875 0.023657965625 0.09200740625 0.030109578125 0.0919323359375
15 0.1061682265625 0.14949301875 0.11247660781249999 0.1555717921875 0.11892822031250001 0.15549672187500002 0.11885660468749999 0.1585736453125 0.1317598296875 0.158423503125 0.1316882125 0.16150042656250002 0.170397890625 0.1610499984375 0.17061273906250002 0.15181922812499998 0.1770643515625 0.15174415624999998 0.1778521296875 0.11789800312500001 0.1714005171875 0.11797307500000001 0.171472134375 0.11489615156249999 0.1456656828125 0.1151964359375 0.1457372984375 0.1121195125 0.07476955625000001 0.11294529687499999 0.074697940625 0.11602222031250001 0.068246328125 0.1160972921875 0.0681030953125 0.1222511390625 0.055128251562499994 0.12547820468749998 0.054770171874999996 0.14086281875 0.0676733984375 0.1407126765625 0.073981778125 0.1467914515625 0.0868850046875 0.146641309375 0.0868133890625 0.14971823281250002 0.1061682265625 0.14949301875
15 0.31025650625 0.24862919843750003 0.20724554843749998 0.24059957031249998 0.18129586250000002 0.24705370000000001 0.180866165625 0.2655152390625 0.2836622765625 0.2827756375 0.31025650625 0.24862919843750003
15 0.2748743515625 0.31597408125 0.3029454984375 0.2856273453125 0.219146146875 0.2835263515625 0.20566999218749998 0.30829187812500003 0.2748743515625 0.31597408125
15 0.31498932968750004 0.32240028125000003 0.2636628921875 0.3106931578125 0.23097513125 0.329530053125 0.26273188125 0.3506931578125 0.2949899453125 0.35031780156250003 0.31498932968750004 0.32240028125000003
15 0.261442790625 0.40607777343749996 0.29396098125000003 0.4180609390625 0.3641672828125 0.4264150953125 0.38416666875 0.3984975734375 0.3288347109375 0.39514720937500003 0.288044290625 0.3956218484375 0.261442790625 0.40607777343749996
15 0.363809203125 0.44179971093750003 0.280153084375 0.43354486718749996 0.24094209218749998 0.4555337578125 0.31793174999999996 0.4730944390625 0.350333046875 0.46656523749999995 0.363809203125 0.44179971093750003
15 0.21334523593750002 0.5327571203125 0.2388652234375 0.5447645265625 0.30983296562499996 0.5439387421874999 0.3301188140625 0.503713528125 0.311050440625 0.49163104999999996 0.2465343109375 0.4923817625 0.21334523593750002 0.5327571203125
15 0.257432284375 0.578385465625 0.2645284421875 0.5506180859375001 0.2065355421875 0.54821680625 0.1800845453125 0.5762094 0.257432284375 0.578385465625
15 0.2369315859375 0.62784145 0.2633825828125 0.5998488562500001 0.16675162187499998 0.5948210796875 0.146823853125 0.6196616781250001 0.2369315859375 0.62784145
15 0.26575207343749996 0.7751584015625 0.272991465625 0.741237175 0.19578695937499999 0.7329072625 0.16295596406249999 0.757898003125 0.26575207343749996 0.7751584015625
15 0.23047997343749999 0.627916521875 0.1724870734375 0.6255152390625 0.1333476984375 0.6444272062499999 0.11951346249999999 0.68457735 0.1967179703125 0.6929072625 0.24847410625 0.6861528453125 0.255355415625 0.6676162359375 0.23047997343749999 0.627916521875
15 0.2839610546875 0.8241639562499999 0.2132081609375 0.815758971875 0.193638475 0.8252149546875 0.199373925 0.8559091140625 0.2702700515625 0.8581602515625001 0.2839610546875 0.8241639562499999
15 0.22460744687499998 0.8802242140625 0.23643642968749998 0.9262279156250001 0.31392739999999997 0.9222501390625 0.3337119359375 0.9035633859375001 0.309122959375 0.851555978125 0.2704849 0.8489294828125 0.22460744687499998 0.8802242140625