5 0.16380275312499998 0.45704901875 0.1552488265625 0.4975678875 0.1827594484375 0.5259324609375 0.20793769218749997 0.4891317 0.1872402546875 0.4567762984375 0.16380275312499998 0.45704901875
5 0.1850008078125 0.5754526671875 0.15022381093749998 0.641049809375 0.1679232984375 0.6617054484375 0.2146617640625 0.637692309375 0.22114120312500002 0.57633598125 0.1850008078125 0.5754526671875
5 0.147967284375 0.5889220828124999 0.1349913234375 0.5408306406250001 0.0932342703125 0.5817358625 0.0975046046875 0.64427095 0.058533125 0.6603706218750001 0.0792609046875 0.6979410640625 0.1174606203125 0.7170543171875 0.142729884375 0.6958986890625 0.1248635234375 0.646560303125 0.147967284375 0.5889220828124999
5 0.3953030734375 0.6316788078125 0.35834540000000004 0.6581858359375 0.361555734375 0.7063909171875 0.41123147656250003 0.68364744375 0.4158488109375 0.6379589828125 0.3953030734375 0.6316788078125
5 0.0636169125 0.3591222234375 0.0177412328125 0.3635675828125 0.0223908203125 0.49129073281249996 0.04875041875 0.4896801609375 0.070976221875 0.44900220625 0.0636169125 0.3591222234375
5 0.099089828125 0.2452745484375 0.11875760625000001 0.2685149828125 0.1438599984375 0.21867660781249998 0.1153955703125 0.19423468125 0.099089828125 0.2452745484375
5 0.291978928125 0.16219140625 0.29032920624999997 0.21436458749999998 0.3233957984375 0.190510528125 0.331919384375 0.1447766125 0.291978928125 0.16219140625
5 0.3452726890625 0.0898595578125 0.325000009375 0.13051478593750002 0.3623217671875 0.16658829375 0.38563790781249996 0.14545539375 0.3834420609375 0.10375775937500001 0.3452726890625 0.0898595578125
5 0.2911028828125 0.3473482359375 0.260761178125 0.33596665 0.21711168125000002 0.38732469062499997 0.21727855312500002 0.4160074390625 0.259217646875 0.406392484375 0.2893014578125 0.373446190625 0.2911028828125 0.3473482359375
5 0.373693515625 0.2746754828125 0.37844738125 0.252454721875 0.33821869375 0.2203265875 0.283591875 0.231393028125 0.27120755 0.2849949625 0.2909663515625 0.3238805359375 0.322155671875 0.313086815625 0.3248805625 0.27785116875 0.373693515625 0.2746754828125
5 0.37837344375000004 0.40761367968749995 0.3344205453125 0.406821271875 0.36336850468750004 0.34650735 0.334919246875 0.32467294375 0.2951153203125 0.36555544375000004 0.31099821250000004 0.40970151093749996 0.2975842328125 0.45418847968750004 0.311377465625 0.474889571875 0.365035309375 0.465138265625 0.387321790625 0.4348903984375 0.37837344375000004 0.40761367968749995
5 0.3892142328125 0.42443757968750007 0.4032805328125 0.4920740796875 0.4459307109375 0.43681611875000004 0.4290029890625 0.3809475640625 0.3892142328125 0.42443757968750007
5 0.5548202671875 0.352102703125 0.538044246875 0.3223093703125 0.50082868125 0.30448852187500003 0.489337484375 0.3437377171875 0.4774518625 0.3151913296875 0.44721635156249995 0.322062403125 0.452501171875 0.39110493125 0.4837360015625 0.388133784375 0.49330441406250003 0.3541223578125 0.5432683875000001 0.3809218109375 0.5199674171875001 0.4046622375 0.5211184375 0.43463737968749994 0.5651016765625 0.4406448390625 0.605935259375 0.40887730468749994 0.5500967421875 0.3795385109375 0.5548202671875 0.352102703125
5 0.5545187734375 0.46814882031250005 0.4782710484375 0.45599754531250003 0.45500041874999997 0.4849530140625 0.4286408203125 0.4865635859375 0.4230241671875 0.528352128125 0.4358332546875 0.5477608265625 0.465190809375 0.5578500156249999 0.5099003015625 0.5208219859375001 0.5287508078125 0.5714527734375 0.5637250171875 0.539753421875 0.5693265000000001 0.495357359375 0.5545187734375 0.46814882031250005
5 0.6241201875 0.5129736671875 0.639502465625 0.4710714921875 0.6285403140625 0.4333874125 0.60516349375 0.44409022499999995 0.5810452484375 0.4952209984375 0.5772906984375 0.5213416734375 0.6027268359375 0.5288687984375 0.5756409765625 0.5735148546875 0.5914328484375 0.6020157890625 0.6537356375 0.5673907421875 0.655400528125 0.5178250875 0.6241201875 0.5129736671875
5 0.8436722953125001 0.4804304078125 0.8195237125 0.5263461390625 0.8176919453125 0.547229046875 0.8432342703125 0.573008821875 0.8741808687500001 0.5204947468750001 0.865171840625 0.4827879390625 0.8436722953125001 0.4804304078125
5 0.7916205765625 0.59838254375 0.771393409375 0.64686034375 0.7657919265625 0.6912564046874999 0.78542936875 0.709281796875 0.8166186874999999 0.698488078125 0.8150580749999999 0.5981098234375 0.7916205765625 0.59838254375
5 0.81988588125 0.4207301125 0.7827613359375001 0.41855439843750003 0.7507395734375 0.4541309390625 0.781187465625 0.48376518593749995 0.8192961593750001 0.48723330000000004 0.838781896875 0.47918346562499997 0.838584684375 0.44528567187499996 0.81988588125 0.4207301125
5 0.6110493890625001 0.112843953125 0.580813875 0.119715025 0.55771011875 0.177353240625 0.565719828125 0.211160128125 0.614305234375 0.1688716 0.6238433078125001 0.1296451265625 0.6110493890625001 0.112843953125
5 1 0.16576828593749998 0.9787526718749999 0.1972271078125 0.9465488671875001 0.20151338124999998 0.9255499328125 0.2852040953125 0.965535903125 0.2756118703125 1 0.231361475 1 0.16576828593749998
5 0.9474723328125 0.1923756875 0.97567886875 0.17248973437499998 0.9022167156249999 0.13553290625 0.9048809265625 0.089867171875 0.880353084375 0.0705948375 0.8452878578125 0.0866490515625 0.8347656359375 0.12458312499999999 0.8495581890624999 0.1491841390625 0.885668246875 0.1448524125 0.884790290625 0.16181267187499998 0.8662431875 0.16333233281249998 0.8606113656250001 0.20251335468749998 0.890166134375 0.24650033593749998 0.91352778125 0.2331900078125 0.894631765625 0.174736653125 0.9474723328125 0.1923756875
5 0.8060300546875 0.221402359375 0.7854236375 0.20469209375 0.7710103390625 0.24527914218750002 0.788967715625 0.3102626640625 0.81532731875 0.308652096875 0.8199901625000001 0.2707862015625 0.8060300546875 0.221402359375
5 0.764982178125 0.048468004687499996 0.7662242203125 0.0940882859375 0.7945521171875 0.0950625109375 0.8108882046874999 0.049237690625000004 0.764982178125 0.048468004687499996
5 0.745784675 0.106060765625 0.7371548953125 0.1335420265625 0.75099364375 0.16206568593749998 0.79880728125 0.1549900796875 0.7994880234374999 0.104132025 0.745784675 0.106060765625
5 0.7989419 0.0102612109375 0.7217555375 0.0046401109375 0.7151547359375 0.0451362515625 0.7571545093750001 0.0459513921875 0.7941728640625 0.029874450000000004 0.7989419 0.0102612109375
5 0.63197246875 0.016115625 0.621359225 0.0384045640625 0.6410725187499999 0.0694675703125 0.6869633687500001 0.06762973125 0.7052829203125001 0.026997229687500002 0.63197246875 0.016115625
5 0.883112278125 0 0.8851979734375 0.0640192125 0.9261225796874999 0.0478968171875 0.9267188281250001 0 0.883112278125 0