19 0.0047471531249999996 0.987450878125 0.2652198796875 0.991997446875 0.2661679 0.829046628125 0.0056951734375 0.8245000593749999 0.0047471531249999996 0.987450878125
13 0.15761564374999998 0.41262887656249997 0.1499932109375 0.47261121875 0.20434791562500002 0.5063502 0.23710698125000002 0.501456975 0.23745668593749997 0.44134768593749996 0.2012837984375 0.40792607031249994 0.15761564374999998 0.41262887656249997
13 0.119948559375 0.6360378625 0.116026071875 0.6851547171875 0.1558353234375 0.71863980625 0.184958025 0.7136831078125 0.1997578109375 0.670221153125 0.156375778125 0.62574363125 0.119948559375 0.6360378625
13 0.1774945484375 0.7463430468750001 0.224576528125 0.77995508125 0.25739917343749996 0.7641328953125 0.2540171421875 0.7203535750000001 0.20326700781249998 0.69214255 0.1774945484375 0.7463430468750001
13 0.3852759390625 0.6625293125 0.3703489875 0.727849190625 0.44529248906249996 0.7406346859374999 0.42888051093749996 0.6687554687499999 0.41443043125 0.6521081343749999 0.3852759390625 0.6625293125
13 0.2585118734375 0.5728760640624999 0.2544940140625 0.6383863609375 0.2761850296875 0.6606251234375 0.3162168203125 0.65585884375 0.327253078125 0.6341913390625 0.3058799765625 0.5573077703125 0.2585118734375 0.5728760640624999
13 0.6840635140625 0.5274156375 0.7374651562500001 0.574025153125 0.7353523828124999 0.499223809375 0.6812825625000001 0.48321214843750004 0.6840635140625 0.5274156375
13 0.7397835296874999 0.3626752609375 0.747559046875 0.40218545624999996 0.7768424453125 0.42532581093750005 0.7867701359375 0.41268073593750004 0.7942336109375 0.38002079843750003 0.756114934375 0.34267599375 0.7397835296874999 0.3626752609375
7 0.856710496875 0.283505796875 0.8582727265625 0.01498120625 0.42558181875 0.0074285578125 0.42401958906250004 0.2759531484375 0.856710496875 0.283505796875
7 0.20766862812500003 0.3825158015625 0.4755595375 0.3871918546875 0.47728135937499994 0.0912355703125 0.20939044999999998 0.0865595171875 0.20766862812500003 0.3825158015625
7 0.4805286765625 0.555109840625 0.6789286765625 0.558572925 0.68033195 0.3173707390625 0.48193195 0.31390765468750004 0.4805286765625 0.555109840625