3 0.977233278125 0.3534545453125 0.9791647984375 0.0214545453125 0.5865964921875 0.0214545453125 0.584664971875 0.3534545453125 0.977233278125 0.3534545453125
15 0.33178896406249997 0.2654545453125 0.4354237 0.29818181875 0.47913954687500004 0.29818181875 0.501441740625 0.22181818125000002 0.4851752328125 0.2 0.33752846875000003 0.21818181874999998 0.33178896406249997 0.2654545453125
15 0.46793555937500003 0.3454545453125 0.37506053906250003 0.34181818124999996 0.32577443437500003 0.36 0.32560518906249997 0.389090909375 0.39638956875 0.43272727343749995 0.4895184578125 0.39272727343749997 0.495152184375 0.3636363640625 0.46793555937500003 0.3454545453125
15 0.341427425 0.4872727265625 0.40683195000000005 0.5163636359375 0.4287110296875 0.5127272734375 0.42913414375 0.44000000000000006 0.40736084375 0.4254545453125 0.33615334531249996 0.45454545468749996 0.341427425 0.4872727265625
15 0.45039970625 0.54181818125 0.4286898734375 0.5163636359375 0.38503749374999996 0.5054545453125 0.330096503125 0.5563636359374999 0.411873315625 0.5890909093750001 0.45039970625 0.54181818125
15 0.4608420875 0.6254545453125 0.40619727812499995 0.6254545453125 0.367797821875 0.650909090625 0.37305074375 0.6872727265624999 0.4548910234375 0.709090909375 0.4823403625 0.6872727265624999 0.4880587109375 0.6436363640625 0.4608420875 0.6254545453125
15 0.4866412765625 0.8872727265625 0.5195974078125001 0.85818181875 0.5798124765625 0.8400000000000001 0.590910684375 0.8109090906249999 0.399675009375 0.8072727265624999 0.38292191875000003 0.8690909093749999 0.4866412765625 0.8872727265625
7 0.7375741875 0.6235999999999999 0.7380556921875 0.5408363640625 0.4630830140625 0.5408363640625 0.46260150937500005 0.6235999999999999 0.7375741875 0.6235999999999999
7 0.606842425 0.4676 0.6080897671875001 0.2532 0.48065807187500004 0.2532 0.4794107296875 0.4676 0.606842425 0.4676
7 0.4741530046875 0 0.4735090234375 0.110690909375 0.641159296875 0.110690909375 0.641803278125 0 0.4741530046875 0
7 0.9970262046875 0.42661818125 0.9979773671875 0.2631272734375 0.8979773671875 0.2631272734375 0.8970262046874999 0.42661818125 0.9970262046875 0.42661818125