2 0.4920634921875 0.27999999999999997 0.4484126984375 0.255 0.428571428125 0.275 0.428571428125 0.32 0.46825396875 0.33999999999999997 0.4920634921875 0.32 0.4920634921875 0.27999999999999997
5 0.5198412703125 0.265 0.49603174531249994 0.325 0.5357142859375 0.375 0.5793650796875001 0.32 0.559523809375 0.275 0.5198412703125 0.265
2 0.6428571421875 0.27999999999999997 0.5992063484375 0.26 0.5714285718750001 0.28500000000000003 0.5674603171875 0.325 0.6111111109375 0.36 0.6428571421875 0.32999999999999996 0.6428571421875 0.27999999999999997
2 0.61656105625 0.41986047031249996 0.674603175 0.42000000000000004 0.6785714281249999 0.355 0.6269841265625 0.335 0.61656105625 0.41986047031249996
2 0.321386028125 0.5069883046875 0.309523809375 0.5700000000000001 0.3492063484375 0.6 0.3888888890625 0.5599999999999999 0.384920634375 0.505 0.321386028125 0.5069883046875
2 0.570484896875 0.49972762499999995 0.56040579375 0.457979015625 0.525848703125 0.432566559375 0.5042505359375 0.45434853437499995 0.49603174531249994 0.49000000000000005 0.5186493140625 0.516064125 0.54365079375 0.515 0.570484896875 0.49972762499999995
2 0.5714285718750001 0.76 0.5198412703125 0.73 0.4920634921875 0.805 0.5119047625 0.8300000000000001 0.54365079375 0.8300000000000001 0.5714285718750001 0.8099999999999999 0.5714285718750001 0.76
2 0.603174603125 0.725 0.603174603125 0.675 0.5515873015625 0.655 0.527777778125 0.6799999999999999 0.527777778125 0.725 0.5555555562500001 0.755 0.5833333328125 0.755 0.603174603125 0.725
2 0.591269840625 0.5900000000000001 0.5714285718750001 0.65 0.6111111109375 0.675 0.6388888890625 0.645 0.634920634375 0.615 0.591269840625 0.5900000000000001
2 0.8746418765625 0.589570109375 0.8611111109375 0.64 0.9007936515624999 0.6799999999999999 0.9325396828124999 0.65 0.9325396828124999 0.6 0.8746418765625 0.589570109375
5 0.134920634375 0.27999999999999997 0.11507936562500001 0.255 0.0873015875 0.255 0.059523809375 0.27999999999999997 0.04365079375 0.32999999999999996 0.103174603125 0.36 0.134920634375 0.315 0.134920634375 0.27999999999999997
5 0.515873015625 0.175 0.4761904765625 0.175 0.46031746093750003 0.255 0.5 0.3 0.5357142859375 0.27 0.5357142859375 0.195 0.515873015625 0.175
5 0.7738095234375 0.35 0.7587432578125 0.40442327968749997 0.78174603125 0.43499999999999994 0.8174603171875001 0.425 0.825396825 0.37 0.7738095234375 0.35
5 0.15873015937499999 0.005 0.11904761875 0 0.0952380953125 0.08499999999999999 0.134920634375 0.13 0.1706349203125 0.095 0.174603175 0.03 0.15873015937499999 0.005
5 0.1666666671875 0.725 0.1666666671875 0.6799999999999999 0.13888888906250002 0.65 0.11507936562500001 0.65 0.09920634843750001 0.665 0.0873015875 0.735 0.134920634375 0.76 0.1481802296875 0.742034225 0.1666666671875 0.725
5 0.20238095312499998 0.755 0.1507936515625 0.725 0.13095238125 0.76 0.13095238125 0.805 0.1706349203125 0.835 0.20238095312499998 0.805 0.20238095312499998 0.755
5 0.2460317453125 0.39 0.2420634921875 0.34500000000000003 0.20238095312499998 0.325 0.1706349203125 0.34500000000000003 0.1666666671875 0.4 0.21031746093749998 0.43499999999999994 0.2420634921875 0.42000000000000004 0.2460317453125 0.39
5 0.79365079375 0.28500000000000003 0.7698412703125 0.255 0.7420634921875 0.255 0.71825396875 0.27999999999999997 0.70634920625 0.32999999999999996 0.765873015625 0.355 0.79365079375 0.325 0.79365079375 0.28500000000000003
5 0.8293650796875 0.25 0.8293650796875 0.195 0.8055555562500001 0.16999999999999998 0.777777778125 0.16999999999999998 0.7539682546875001 0.19 0.7420634921875 0.26 0.797619046875 0.315 0.8015873015625001 0.27999999999999997 0.8293650796875 0.25
5 0.8769841265625 0.32999999999999996 0.8611111109375 0.275 0.825396825 0.25 0.8055555562500001 0.265 0.7896825390625 0.32 0.7896825390625 0.34500000000000003 0.8174603171875001 0.37 0.8769841265625 0.32999999999999996
5 0.21031746093749998 0.125 0.1626984125 0.095 0.13888888906250002 0.11000000000000001 0.134920634375 0.135 0.1666666671875 0.205 0.21031746093749998 0.16999999999999998 0.21031746093749998 0.125
5 0.27777777812500004 0.12 0.2301587296875 0.09 0.20238095312499998 0.125 0.1984126984375 0.16499999999999998 0.2460317453125 0.2 0.27777777812500004 0.16 0.27777777812500004 0.12