5 0.11328125 0.177393715625 0.09375 0.16744640156249999 0.11328125 0.1342886984375 0.12304687656249999 0.041447128124999996 0.09667968906249999 0.0099473140625 0.0605468765625 0.028184046875 0.04296875 0.11439407500000001 0.048828123437499996 0.18402525625 0.06640625 0.19065679687499998 0.00390625 0.31997183749999997 0.0078125 0.353129540625 0.034179689062500004 0.3846293609375 0.06640625 0.37965570312499997 0.0527343765625 0.4923918953125 0.08007812343750001 0.52223383125 0.1171875 0.4791288140625 0.16015625 0.3630768546875 0.1376953109375 0.305050871875 0.1015625 0.300077215625 0.12304687656249999 0.2271302671875 0.11328125 0.177393715625
5 0.1777343765625 0.760969296875 0.2363281234375 0.6581804124999999 0.2255859390625 0.6067859765625 0.1669921890625 0.6399436749999999 0.12890625 0.7079169703125 0.1435546890625 0.7559956390625 0.1777343765625 0.760969296875
5 0.2753906234375 0.8471793249999999 0.3496093765625 0.75433775625 0.3251953109375 0.6963117734375001 0.2822265609375 0.7029433140625 0.2363281234375 0.7676008375000001 0.24609375 0.827284703125 0.2753906234375 0.8471793249999999
5 0.17578125 0.37302416250000003 0.171875 0.42607648906250006 0.2011718765625 0.44265534375 0.2207031234375 0.4194449484375 0.22265625 0.37965570312499997 0.25 0.35976108125 0.2392578109375 0.2884720234375 0.2158203109375 0.2884720234375 0.17578125 0.37302416250000003
5 0.26171875 0.29676144843749996 0.3125 0.2271302671875 0.2744140609375 0.15584120937499998 0.2490234390625 0.1525254359375 0.22265625 0.19397256406250002 0.22265625 0.25034066250000003 0.26171875 0.29676144843749996
5 0.6455078109375 0.7593114062499999 0.5839843765625 0.7377589015625 0.6396484390625 0.7029433140625 0.67578125 0.585233465625 0.6572265609375 0.550417878125 0.6318359390625 0.5471021046875 0.58984375 0.59186500625 0.59765625 0.57528615625 0.5839843765625 0.5354969125 0.5908203109375 0.517260175 0.6035156234375 0.528865371875 0.6152343765625 0.46254996562499995 0.5917968765625 0.35976108125 0.5712890609375 0.331577034375 0.5458984390625 0.331577034375 0.5292968765625 0.3962345578125 0.5546875 0.69796965625 0.58203125 0.7377589015625 0.5244140609375 0.7460483250000001 0.5205078109375 0.8223110468750001 0.4443359390625 0.7195221625 0.4208984390625 0.7294694765624999 0.41015625 0.7642850640625001 0.4140625 0.8040743078125001 0.4482421890625 0.8654160578125 0.53125 0.9234420406250001 0.5410156234375 0.90354741875 0.5244140609375 0.835574128125 0.5791015609375 0.8919422203125 0.6416015609375 0.915152615625 0.66796875 0.827284703125 0.6455078109375 0.7593114062499999
5 0.4667968765625 0.29012990625 0.46875 0.2536564296875 0.4189453109375 0.1989462203125 0.4082031234375 0.270235284375 0.44921875 0.3100245296875 0.4667968765625 0.29012990625
5 0.5722656234375 0.2403933484375 0.5634765609375 0.1657885171875 0.4785156234375 0.2072356453125 0.4824218765625 0.270235284375 0.5097656234375 0.3033929890625 0.5722656234375 0.2403933484375
5 0.4775390609375 0.563680959375 0.5078125 0.57528615625 0.52734375 0.555391534375 0.5332031234375 0.502339209375 0.5205078109375 0.47415516249999995 0.4873046890625 0.46752361562500006 0.4589843765625 0.52223383125 0.4775390609375 0.563680959375
5 0.7763671890625 0.3647347390625 0.72265625 0.4791288140625 0.7285156234375 0.5885492390625 0.765625 0.63165425 0.8144531234375 0.555391534375 0.828125 0.48907612812499995 0.8261718765625 0.4526026515625 0.7949218765625 0.4393395703125 0.79296875 0.37633993593750004 0.7763671890625 0.3647347390625
5 0.8291015609375 0.7593114062499999 0.85546875 0.774232378125 0.8828125 0.747706215625 0.87109375 0.6614961859374999 0.8447265609375 0.616733284375 0.7998046890625 0.6399436749999999 0.8027343765625 0.7046011984375 0.8291015609375 0.7593114062499999
5 0.8105468765625 0.86044240625 0.80859375 0.8902843375 0.8359375 0.9068631921874999 0.9189453109375 0.862100290625 0.9277343765625 0.7808639187499999 0.8974609390625 0.7593114062499999 0.8837890609375 0.78915334375 0.8525390609375 0.78915334375 0.8105468765625 0.86044240625
5 0.75390625 0.18070948281250002 0.7792968765625 0.11770984843750001 0.7763671890625 0.0232103953125 0.7285156234375 0.07792060468749999 0.7167968765625 0.13097292968750002 0.7216796890625 0.1591569765625 0.75390625 0.18070948281250002
5 0.8955078109375 0.0862100296875 0.9052734390625 0.12268349999999999 0.9433593765625 0.12765715625000001 0.9599609390625 0.10942041875 1 0.1243413890625 0.9990234390625 0 0.859375 0.001657884375 0.85546875 0.041447128124999996 0.8955078109375 0.0862100296875
5 0.6972656234375 0.5454442203125 0.71875 0.52223383125 0.71875 0.46918150625 0.6943359390625 0.4310501453125 0.6689453109375 0.43436591875 0.6484375 0.49570766875 0.6972656234375 0.5454442203125
5 1 0.2138671859375 0.9990234390625 0.1856831390625 0.984375 0.19065679687499998 1 0.2138671859375