2 0.355307571875 0.5560327171874999 0.354074053125 0.34400890781250004 0.269024053125 0.34598846875 0.270257571875 0.558012278125 0.355307571875 0.5560327171874999
2 0.7457585234375 0.448260875 0.7452058296875 0.35326087500000003 0.5934058296875 0.356794059375 0.5939585234375 0.45179405937499995 0.7457585234375 0.448260875
2 0.42711163281250003 0.37455536875 0.426784725 0.31836489375 0.348834725 0.3201792 0.3491616328125 0.37636967499999996 0.42711163281250003 0.37455536875
2 0.3518508265625 0.2670065703125 0.351462509375 0.2002605390625 0.252662509375 0.202560134375 0.2530508265625 0.269306165625 0.3518508265625 0.2670065703125
2 0.65699709375 0.164712753125 0.656333815625 0.050704815624999997 0.507233815625 0.0541751578125 0.50789709375 0.1681830953125 0.65699709375 0.164712753125
2 0.18289091562499998 0.8580226124999999 0.18247097031249998 0.7858400734375001 0.1072209703125 0.7875915359375 0.107640915625 0.859774075 0.18289091562499998 0.8580226124999999
2 0.5906404078125 0.672238428125 0.5901798296874999 0.5930717609375 0.49927982968749995 0.59518748125 0.4997404078125 0.6743541484375 0.5906404078125 0.672238428125
2 0.11725939999999999 0.884216240625 0.11686 0.8155654468750001 0.02966 0.8175950484375001 0.030059399999999997 0.8862458421875001 0.11725939999999999 0.884216240625
5 0.200843940625 0.4660921703125 0.1678428578125 0.5049513734375 0.1913524421875 0.526868159375 0.2504263046875 0.5274465921875 0.264987396875 0.4919466640625 0.2525463515625 0.468795559375 0.200843940625 0.4660921703125
5 0.28193470781249996 0.8666029906249999 0.2612155890625 0.9012695531249999 0.27981465625 0.9252540234375 0.31675144843749997 0.9283010859375 0.33867262343750004 0.888723075 0.3188487671875 0.86574380625 0.28193470781249996 0.8666029906249999
5 0.3763269984375 0.16899933281249999 0.3457754921875 0.2058481328125 0.3668355 0.229775325 0.398839046875 0.230983821875 0.4256821046875 0.191291253125 0.4107914859375 0.170150553125 0.3763269984375 0.16899933281249999