15 0.5965882484375 0.6608760671875 0.4679244515625 0.6507925484375 0.441949071875 0.6626754578125 0.436322675 0.689762465625 0.4613545375 0.731933609375 0.5025242546875 0.735314775 0.549118190625 0.723191946875 0.565053865625 0.69598498125 0.5908270609375 0.6956850828125 0.5965882484375 0.6608760671875
15 0.3969052015625 0.5859951984375 0.3965008375 0.609161221875 0.4217348796875 0.6397493546875 0.44744068124999997 0.6433104593750001 0.4529996859375 0.6200844562500001 0.51512493125 0.603920684375 0.5206165406250001 0.5845556859375 0.4333246453125 0.566270321875 0.3969052015625 0.5859951984375
15 0.43895104375000005 0.5391833140625 0.3565442109375 0.536281984375 0.3253468 0.552085878125 0.309276334375 0.5870148515625 0.4326507046875 0.604880359375 0.46411769375 0.5736324515625 0.43895104375000005 0.5391833140625
15 0.3891568984375 0.43939700937500004 0.4972021390625 0.44972044999999994 0.5183598468749999 0.41859250000000003 0.4980108671875 0.403388403125 0.42082606718750004 0.39656609062500003 0.3891568984375 0.43939700937500004
15 0.53705868125 0.233084375 0.5054569046874999 0.2720542921875 0.6135021453125 0.28237772968749997 0.6449017390625 0.25499082500000003 0.53705868125 0.233084375
15 0.6822647015625 0.18121189531249998 0.6413645578125 0.1623867125 0.5641123640625 0.159425403125 0.5530617515625 0.2020164046875 0.6455756796875 0.2163807859375 0.6818603375000001 0.20437791875000003 0.6822647015625 0.18121189531249998
15 0.31399190625 0.9073582124999999 0.2877469515625 0.9346851375 0.3443805890625 0.9378863656249999 0.37571278750000003 0.9143604640625 0.31399190625 0.9073582124999999
4 0.31247427656250004 0.8215824906250001 0.31150986718749996 0.87683345625 0.43197378437499995 0.87543173125 0.43293819375 0.8201807656250001 0.31247427656250004 0.8215824906250001
4 0.311705221875 0.7431131734374999 0.3106626359375 0.8028429031250001 0.414373975 0.8016361125 0.4154165609375 0.7419063828125 0.311705221875 0.7431131734374999
4 0.1837237890625 0.44740406093749996 0.181957390625 0.548600971875 0.25386460624999996 0.5477642546875 0.2556310046875 0.44656734374999996 0.1837237890625 0.44740406093749996
4 0.233545978125 0.1779986296875 0.2319440203125 0.2697746921875 0.3515316484375 0.26838316406249996 0.35313360625 0.17660710156249998 0.233545978125 0.1779986296875
4 0.461672375 0.1483226015625 0.45962696562499994 0.26550406875 0.56297748125 0.26430147656249997 0.565022890625 0.147120009375 0.461672375 0.1483226015625
4 0.35507964375 0.3515103125 0.353246525 0.45652961718749996 0.4238650828125 0.4557078953125 0.4256982015625 0.350688590625 0.35507964375 0.3515103125
4 0.1990364875 0.678800459375 0.19805590312500002 0.734978065625 0.2918703375 0.7338864359375 0.292850921875 0.6777088296875 0.1990364875 0.678800459375
4 0.0807434671875 0.8126982640625 0.079436696875 0.8875631281249999 0.21531298593749998 0.8859820640624999 0.21661975625 0.8111172 0.0807434671875 0.8126982640625
4 0.2671806203125 0.5879679062500001 0.266284278125 0.6393192578125 0.3897378859375 0.6378827453125 0.39063422812500004 0.58653139375 0.2671806203125 0.5879679062500001