5 0 0.9041574484374999 0.0172525203125 0.9386330515625 0.10325800781250001 0.9537027218749999 0.17295736875 0.9458172890625001 0.17979345 0.928046203125 0.3083812375 0.9867835203125 0.34158439375 0.9819124796875001 0.3733910234375 0.9546287390625 0.36879235625 0.922546896875 0.4813694625 0.9329384828125 0.5115295718749999 0.9047264234375 0.46885636093749994 0.868871275 0.35330438750000004 0.8292792921875 0.2950170484375 0.8534286156249999 0.2896229484375 0.8897061453124999 0.21692599375000002 0.8703443078124999 0.167075809375 0.8815571203125 0.15690122812500001 0.9013778078125 0.1239707921875 0.8828113484375001 0.0312428546875 0.8757471359375 0 0.9025472718750001 0 0.9041574484374999
5 0.597774853125 0.7567583921875001 0.6302507515625 0.8143873515625 0.6977808765625 0.8504954703125 0.7460299953125 0.8344480843750001 0.7514013703125 0.8001236781250001 0.6492942859374999 0.7445207828125 0.597774853125 0.7567583921875001
5 0.688459709375 0.6545440859375 0.6945912640625 0.697319878125 0.7587147109375 0.7413369734375 0.8185122093749999 0.7298347234375 0.83874773125 0.6999589765625001 0.7467697765625 0.6284416359375 0.688459709375 0.6545440859375
5 0.36343350937499996 0.8133648546875 0.41644038281249995 0.815727440625 0.43336013749999996 0.78594816875 0.41037700781249997 0.767092275 0.3706104890625 0.766296896875 0.351034040625 0.739532021875 0.27961998593750004 0.7523485109375 0.2793472671875 0.7757860109375 0.36343350937499996 0.8133648546875
5 0.147398253125 0.7210514234375001 0.1437870328125 0.7465385234374999 0.18492735 0.7716997250000001 0.2412954484375 0.77005958125 0.28817076875000003 0.7296463734375 0.2191304796875 0.680891184375 0.147398253125 0.7210514234375001
5 0.5306561328125 0.4004342546875 0.5124989375 0.39412895468750003 0.5242518578124999 0.38109596562500003 0.45807281250000004 0.37130679375 0.3550112078125 0.3977351453125 0.32658853125 0.41906303281249996 0.326293084375 0.4444536546875 0.39075743125 0.459173875 0.6927879765625 0.4250036578125 0.7328953953124999 0.3965021578125 0.74051438125 0.45387815 0.81673165 0.45556538125 0.713056425 0.5347281046875 0.7227310203124999 0.5578761671875 0.7574216109374999 0.5676053265625 0.7972563078125 0.5625413265625 0.858995775 0.526576775 0.9179876406249999 0.44188058124999996 0.8982066515625 0.43269383125000005 0.830040184375 0.451273215625 0.8870446234375 0.3949455703125 0.9109822718749999 0.3317702171875 0.8234211703125001 0.3079597234375 0.7551865156249999 0.33239848437499997 0.7329181218749999 0.39454903125 0.6987502437499999 0.339898 0.5814608390625 0.30719019531249997 0.5464293484375 0.3267579140625 0.542818128125 0.352245015625 0.58709240625 0.39293473749999996 0.5706044625 0.3856046328125 0.5306561328125 0.4004342546875
5 0.2633491046875 0.5839338328125 0.303615609375 0.5417604578125 0.2839255265625 0.5247612046875 0.2474747765625 0.5238693515625 0.1921850375 0.5752659453125 0.2633491046875 0.5839338328125
5 0.2642127171875 0.5097150796875 0.2976885953125 0.4814065421875 0.2354162078125 0.42073964375 0.1607091078125 0.43169948593749996 0.201167625 0.5154544343749999 0.2642127171875 0.5097150796875
5 0.5695590359375 0.4754483828125 0.54989168125 0.45649600625 0.49690753593750003 0.4521802984375 0.468575765625 0.46569568281249996 0.461557865625 0.4990917625 0.51593854375 0.5258201703125 0.5576015765625 0.5060594984375 0.5695590359375 0.4754483828125
5 0.373930909375 0.1960808765625 0.3621325359375 0.21302011406250002 0.47590162812500003 0.263402525 0.5853902328125 0.2543593421875 0.6289270499999999 0.21599573906249997 0.5532325015625 0.1693866328125 0.48707618124999996 0.1576443375 0.45057997812500006 0.16065873125000002 0.43695327031250003 0.192294646875 0.373930909375 0.1960808765625
5 0.7725506046875 0.1220033890625 0.7463426156249999 0.09543147187499999 0.6599962265625 0.10965867656249999 0.6149265140625 0.1373283328125 0.6376141921875 0.1815748515625 0.7023058046874999 0.176763821875 0.7573228234375 0.148804734375 0.7725506046875 0.1220033890625
5 0.8582379203125001 0.16441680625 0.8880571234374999 0.165501621875 0.9049541515625 0.1376754765625 0.8611571343750001 0.0559701328125 0.7800230328125 0.0495448046875 0.7581182562500001 0.08044535625 0.7878011078125 0.093248921875 0.7874374796875 0.124498921875 0.8582379203125001 0.16441680625
5 0.0206081921875 0.22295745781249998 0.0747615984375 0.26921711875 0.1276775625 0.2793922 0.1559184265625 0.273689315625 0.1778459234375 0.24083564062499999 0.115141734375 0.2172781171875 0.0206081921875 0.22295745781249998
5 0.026419659374999998 0 0 0.000976140625 0 0.0491549921875 0.0000215640625 0.1405767609375 0.0397653546875 0.1433252625 0.084994153125 0.10198373281249999 0.12158125625 0.0911568359375 0.1269980828125 0.0529261796875 0.10895452187500002 0.036855251562500004 0.12296593281249998 0 0.026419659374999998 0
5 0.465908865625 0.2675982125 0.42749342187500006 0.2931217828125 0.4305137484375 0.31841593125 0.49161686875 0.3371388796875 0.5419215875 0.2868635703125 0.518961190625 0.266054546875 0.465908865625 0.2675982125
5 0.187137625 0 0.1904749828125 0.010077453125 0.20493686718749998 0 0.187137625 0