5 0.5708233546875 0.197862653125 0.599264075 0.19112948125 0.62499183125 0.171962959375 0.634093940625 0.15407944375 0.6405794171875 0.1182442421875 0.6390115859375001 0.096159465625 0.630535571875 0.07817368125 0.6171526703125 0.0615390828125 0.6074352046875 0.058723092187500006 0.584334834375 0.0392725 0.568709834375 0.039181596875 0.5369782187500001 0.06659155624999999 0.52196856875 0.0872001546875 0.5195819921875 0.112021384375 0.5226213328125 0.16170928906249998 0.544672896875 0.1852929640625 0.5708233546875 0.197862653125
5 0.4446300671875 0.20954604062499999 0.47102133593750006 0.20831985312499998 0.5058030437500001 0.1740289953125 0.5129038687499999 0.15889329531250002 0.5138189390625 0.10646894062500001 0.5100571734375 0.09816868437500001 0.51029798125 0.0843728015625 0.4612398015625 0.0413158078125 0.43785046093749996 0.038420278125 0.4338478875 0.0439159078125 0.41817472499999997 0.046584178125 0.4071676484375 0.061697153125 0.40092298125000003 0.0837364765625 0.39952629375000004 0.1637525984375 0.4110042390625 0.17761665937499999 0.413765359375 0.1872908203125 0.4291495515625 0.2011776078125 0.4446300671875 0.20954604062499999
5 0.284243759375 0.1658413578125 0.3023409125 0.1921614875 0.3216313515625 0.20607099999999998 0.3343025859375 0.207524446875 0.345068853125 0.2062073546875 0.37870543125 0.1815679328125 0.38790386875 0.158166065625 0.38710662500000004 0.0919344640625 0.37953493125 0.0780931296875 0.377774453125 0.0670450640625 0.3692021171875 0.0545776328125 0.3576278515625 0.0462319265625 0.34014604843749996 0.0406113046875 0.33428667343749996 0.040577215625 0.31451461875 0.0542594703125 0.292644946875 0.076207890625 0.28359100000000004 0.091332228125 0.2793476171875 0.110623740625 0.27876967656249996 0.14373385624999999 0.284243759375 0.1658413578125
5 0.24319588281249999 0.33530914218749996 0.2547701484375 0.343654846875 0.2655364171875 0.34233775624999996 0.2724445953125 0.338238765625 0.2841151859375 0.34106611875000004 0.293977134375 0.335604578125 0.307889815625 0.321888240625 0.31970488750000003 0.3164380640625 0.3268057171875 0.30130236250000003 0.32928861875000004 0.270962784375 0.3241516671875 0.22954104375 0.307959478125 0.205991459375 0.2809047 0.1892773203125 0.26132528593750004 0.191922865625 0.237550653125 0.21110074218750002 0.2245422921875 0.228961534375 0.21634449843749998 0.25098949375 0.21733439375 0.3061843875 0.24319588281249999 0.33530914218749996
5 0.2055674796875 0.3088753890625 0.20790589843750001 0.2868133390625 0.206627034375 0.2481735046875 0.20491471875 0.234366259375 0.20020047187499998 0.22468072968750002 0.173193853125 0.20520741562499997 0.1400388921875 0.202255065625 0.11121288124999999 0.2310616578125 0.09877170625000001 0.2723811296875 0.09809744375 0.3110096015625 0.1142896328125 0.3345591875 0.1393912890625 0.3512619671875 0.1521106796875 0.349956234375 0.180647721875 0.33770470625 0.2055674796875 0.3088753890625
5 0.47640425468750003 0.45946173593750006 0.48665149531249996 0.431926784375 0.47350939687500004 0.4014963015625 0.46488890312500003 0.39178805156249996 0.4551714390625 0.3889720578125 0.4475997453125 0.3751307265625 0.43412051875 0.364014478125 0.4204486421875 0.3639349375 0.39681849375 0.3748352890625 0.3917189546875 0.38722317500000003 0.3913818234375 0.4065374125 0.3966151 0.442440796875 0.4147604125 0.46600174531249994 0.4263346765625 0.4743474515625 0.46049028437499995 0.475925890625 0.47640425468750003 0.45946173593750006
5 0.3944426671875 0.3430877109375 0.41707217031250005 0.33356126875 0.43798935625 0.3102275796875 0.4501897203125 0.282703990625 0.450815821875 0.24683469374999997 0.44719854375 0.23025690937499999 0.430958190625 0.2094665 0.402046609375 0.18722264375 0.386469771875 0.1843725640625 0.352785028125 0.21177115624999998 0.3437792421875 0.22413631875 0.33763089687500003 0.2406572875 0.3347145375 0.295829459375 0.33833181875 0.3124072453125 0.343094228125 0.3193335921875 0.373958934375 0.34158881406249997 0.3944426671875 0.3430877109375
5 0.788647534375 0.3081284625 0.80961288125 0.2820355984375 0.8144342046874999 0.22963396875000003 0.8088637984375 0.21304481874999998 0.7868603984375 0.18670196875 0.769474915625 0.17556299375 0.7499436687500001 0.1754493640625 0.7361273078125 0.183647353125 0.7132088375000001 0.2097288578125 0.7066270343750001 0.2510824203125 0.7082430296875 0.270408015625 0.7155739125 0.298045234375 0.7299574625 0.313305928125 0.7512973515625 0.3217084484375 0.76792299375 0.3204254484375 0.788647534375 0.3081284625
5 0.569619315625 0.26684207187500003 0.56824413125 0.2337205875 0.5626737265624999 0.217131440625 0.540670321875 0.1907885921875 0.521283559375 0.18239742812499998 0.50956480625 0.18232925 0.48979275156249996 0.1960115046875 0.4647766671875 0.2303591765625 0.45853200000000005 0.2523985 0.4597626984375 0.2937975140625 0.470143675 0.31455383124999997 0.49510084687499994 0.3395341421875 0.5273514875 0.33834204218749997 0.5631820015625 0.2999181 0.569619315625 0.26684207187500003
5 0.950590925 0.43048672187500003 0.9575472656249999 0.4236285515625 0.9657932234375 0.398841409375 0.9661303531250001 0.3795271765625 0.9509388078125 0.35460368125 0.949130165625 0.3463147875 0.9366997421875001 0.331065459375 0.9270304406250001 0.3254902953125 0.9054979046874999 0.3281244765625 0.8975890796874999 0.3335973796875 0.8845325562499999 0.354217340625 0.8816162015625 0.40938951250000005 0.8959515859374999 0.42740937968750004 0.907525853125 0.4357550875 0.9300108703125 0.43450617343750003 0.950590925 0.43048672187500003
5 0.8678050015625001 0.641103528125 0.8673715468750001 0.6659361203125 0.8711814734375001 0.6714772015625 0.8691801859374999 0.6742250140625 0.8709406656249999 0.6852730796875 0.889085978125 0.7088340328125 0.898803440625 0.7116500218749999 0.902517046875 0.7227094578125 0.9250020624999999 0.7214605390625 0.9280039953125 0.7173388203125 0.93576833125 0.720143446875 0.9456302796875 0.7146819078125 0.949729178125 0.703667928125 0.9575898374999999 0.7009542015625 0.9625930546875001 0.694084671875 0.9646425046875 0.68857768125 0.9627857000000001 0.6830479625 0.9708871718750001 0.66653835625 0.9713687875 0.6389465890625 0.96584654375 0.6195982640625 0.9496061906250001 0.5988078578125 0.9087832125 0.5875325265625 0.8831517828125 0.601180690625 0.8761472765624999 0.6107980375000001 0.8678050015625001 0.641103528125
5 0.40637513125 0.72258244375 0.4120418640625 0.733653234375 0.42366428906250003 0.7392397671875 0.43323726875 0.7503332921875 0.44290657031249997 0.7559084546875 0.4497665875 0.7545686375 0.46058101718750005 0.7504923734375 0.46658487656250003 0.742248928125 0.47639866406250003 0.7395465671875 0.4844519703125 0.725796134375 0.4953627265625 0.716201515625 0.4975566578125 0.70241699375 0.496566765625 0.6472221031250001 0.4784696125 0.620901975 0.470705271875 0.6180973484375001 0.4630854203125 0.6070151874999999 0.4533197953125 0.606958371875 0.4277365234375 0.6178473624999999 0.4048180515625 0.6439288640624999 0.394618971875 0.6687046421875 0.39580150937499997 0.7128628296875 0.40637513125 0.72258244375
5 0.7477493046875 0.6928347484375 0.7608914 0.72326523125 0.7791330390625 0.7413078234375 0.7927085921875 0.7469057203125 0.8015217328125 0.7455772656249999 0.816290575 0.7387645453125 0.8243438843750001 0.7250141140624999 0.83615895625 0.7195639375 0.8411621734375 0.712694403125 0.8433079421875 0.7016690624999999 0.849263640625 0.696184796875 0.8535551859374999 0.674134109375 0.8517465468750001 0.6658452171875 0.8538923171875 0.6548198703125 0.8483700734375 0.6354715484375 0.8226530671875001 0.5980692671875001 0.8148887265625 0.595264634375 0.7737767828125001 0.600544365625 0.7568140046875 0.6211416078124999 0.7467112515625 0.640399025 0.7477493046875 0.6928347484375
5 0.5670985703125 0.7469728859375 0.6016876328125 0.7237187375 0.6187948921875 0.69484396875 0.6209406656249999 0.683818621875 0.621566765625 0.64794933125 0.6122345953125 0.6230599234375 0.5920879953125 0.6022467875 0.5746543515625 0.5938669921875 0.558981190625 0.5965352687500001 0.539257296875 0.6074583421875 0.5253446125 0.6211746859375 0.5142412125 0.6418060140625 0.5175213640624999 0.6776980359375 0.5152311046875 0.69700090625 0.518800225 0.7163378703125 0.5447098765625 0.7427034453125 0.5670985703125 0.7469728859375
5 0.6540848765625 0.7433397703125 0.6675641078125001 0.75445601875 0.6782822140625 0.755898103125 0.6980173515625 0.745115971875 0.7109181484375 0.732632590625 0.714968884375 0.7243777890625 0.7248308328124999 0.7189162484375 0.729834046875 0.7120467140625 0.7383208109375 0.6734636953125 0.731519703125 0.615475534375 0.7210424046874999 0.6002375671875 0.695892590625 0.586293965625 0.6801712671875 0.5917214171875 0.6544435109375 0.61088793125 0.6425321109375 0.6218564625 0.6294274265625 0.645235603125 0.6286086796875 0.6921416078125 0.6359395609375 0.7197788218750001 0.6540848765625 0.7433397703125
5 0.75724186875 0.8763938453125 0.7861160421875 0.8448280796875001 0.7890323984375 0.7896559125 0.785463278125 0.7703189484374999 0.769271090625 0.7467693640624999 0.757552340625 0.7467011859375 0.7421681484375 0.7328143984375 0.7304494 0.7327462203125 0.69490785625 0.7546151 0.68189949375 0.7724758859375 0.6776561125 0.7917674 0.678742328125 0.8414439421875001 0.70060124375 0.8760643187499999 0.708317421875 0.881628125 0.7463792765624999 0.883229290625 0.75724186875 0.8763938453125
5 0.199236809375 0.7834651218750001 0.1693727453125 0.7598359968749999 0.16375417812499998 0.7460060234375 0.14817734062500001 0.743155946875 0.11859149375 0.759540559375 0.093527253125 0.79664740625 0.0963739453125 0.857372015625 0.10880437031250001 0.8726213453125 0.130192421875 0.8782646921874999 0.13771595 0.894865209375 0.145480290625 0.8976698359374999 0.172160528125 0.879888584375 0.1499055671875 0.9239104156250001 0.14870152812499998 0.9928898343749999 0.167135809375 0.999895725 0.24626145625 0.9989763375 0.2583173359375 0.9797302765625 0.25737560312499996 0.9217762046875 0.236517328125 0.8857819156250001 0.2686716515625 0.8901081718749999 0.27367486875 0.8832386375000001 0.267815490625 0.8832045484375 0.2708655828125 0.87632365 0.2825843328125 0.8763918281249999 0.309505378125 0.8448147 0.32170574375 0.817291109375 0.31275886875 0.7703282890625001 0.302233409375 0.7578495015625 0.24754590781250002 0.7575313390625 0.214005653125 0.7766524015625 0.20180528281250001 0.8041759921875 0.199236809375 0.7834651218750001