19 0.2709636359375 0.0206164765625 0.010490909375 0.0130374953125 0.010490909375 0.17598831406249998 0.2709636359375 0.1835672953125 0.2709636359375 0.0206164765625
13 0.2036363640625 0.601553628125 0.24 0.5698248171875 0.24 0.509715528125 0.2072727265625 0.5032987796875 0.1527272734375 0.5344985546875 0.16 0.594819459375 0.2036363640625 0.601553628125
13 0.16 0.3817047046875 0.2036363640625 0.3392585453125 0.189090909375 0.29511946875 0.16 0.2888085296875 0.12 0.320431534375 0.1236363640625 0.36971766875 0.16 0.3817047046875
13 0.22909090937499998 0.2307095796875 0.18181818125 0.2621209703125 0.2072727265625 0.3175064296875 0.25818181875 0.291665328125 0.26181818125 0.2480552890625 0.22909090937499998 0.2307095796875
13 0.3745454546875 0.289586684375 0.389090909375 0.355583684375 0.41818181875000004 0.3673591046875 0.43272727343749995 0.3513888921875 0.4495557234375 0.280293075 0.3745454546875 0.289586684375
13 0.309090909375 0.4570810578125 0.33090909062499996 0.381213171875 0.32 0.35903782500000003 0.27999999999999997 0.3524094625 0.25818181875 0.3736325421875 0.26181818125 0.4393121203125 0.309090909375 0.4570810578125
13 0.740729515625 0.46045735624999995 0.68706215625 0.50456854375 0.6840243453125 0.548630615625 0.73818181875 0.5351400984375 0.740729515625 0.46045735624999995
13 0.7580315859375 0.6926119640625 0.7963636359375 0.6570515968749999 0.789090909375 0.624053096875 0.7792377859374999 0.6109493390625 0.7498227484375 0.6327203625 0.74181818125 0.671857928125 0.7580315859375 0.6926119640625
7 0.8582727265625 1 0.8582727265625 0.7564485953125 0.42558181875 0.743858575 0.42558181875 1 0.8582727265625 1
7 0.47776363593750004 0.6350490421874999 0.2098727265625 0.6272542125 0.2098727265625 0.9232104968750001 0.47776363593750004 0.9310053265624999 0.47776363593750004 0.6350490421874999
7 0.682109090625 0.47318067968750005 0.483709090625 0.4674078296875 0.483709090625 0.7086100156249999 0.682109090625 0.714382865625 0.682109090625 0.47318067968750005