5 0.8476562515625 0.49934056718750003 0.8388671890625 0.45892396875 0.8154296875 0.45892396875 0.7949218765625 0.491518 0.8203125015625 0.5280233140624999 0.8476562515625 0.49934056718750003
5 0.853515625 0.642754309375 0.818359375 0.577566246875 0.7822265640625 0.5788700046875 0.7890625015625 0.6401467890625 0.8359374984375 0.6636144890625 0.853515625 0.642754309375
5 0.8554687484375 0.59060385625 0.8789062515625 0.64796935625 0.8613281234375 0.6975122828125 0.8867187484375 0.7183724640625 0.9248046875 0.6988160406249999 0.9453125015625 0.66100696875 0.90625 0.6453618296875 0.9101562515625 0.5827812890625 0.8681640625 0.542364690625 0.8554687484375 0.59060385625
5 0.6455078109375 0.6623107265625 0.6083984359375 0.6362355046875 0.587890625 0.642754309375 0.5927734359375 0.688385953125 0.6425781234375 0.710549896875 0.6455078109375 0.6623107265625
5 0.984375 0.36374939687499996 0.9384765640625 0.3598381140625 0.931640625 0.44979763906250003 0.9541015640625 0.49021423750000004 0.9804687484375 0.491518 0.984375 0.36374939687499996
5 0.8857421890625 0.195564190625 0.8574218765625 0.2203356546875 0.8828125015625 0.2698785828125 0.9023437484375 0.24641088125000002 0.8857421890625 0.195564190625
5 0.6689453125 0.1486287828125 0.677734375 0.194260428125 0.7109374984375 0.217728134375 0.708984375 0.16557767968749998 0.6689453125 0.1486287828125
5 0.6757812515625 0.1342874125 0.6552734359375 0.0938708140625 0.6171874984375 0.1082121859375 0.615234375 0.149932546875 0.6386718765625 0.1707927265625 0.6757812515625 0.1342874125
5 0.7851562515625 0.418507371875 0.7851562515625 0.3898246234375 0.7412109375 0.3389779328125 0.7109374984375 0.35071178281250004 0.712890625 0.3767870109375 0.7431640625 0.409381040625 0.7851562515625 0.418507371875
5 0.6767578109375 0.2816124328125 0.6796874984375 0.3168139890625 0.7109374984375 0.3272440828125 0.7304687484375 0.2881312421875 0.7177734359375 0.23467703125 0.6630859375 0.22424693750000002 0.6230468765625 0.25684096875 0.6279296875 0.2790049125 0.6767578109375 0.2816124328125
5 0.6679687484375 0.4106848046875 0.6240234359375 0.41198856250000004 0.615234375 0.43936755156249996 0.6376953125 0.4693540625 0.6914062515625 0.4784803859375 0.7050781234375 0.45762020625 0.6914062515625 0.413292325 0.7070312515625 0.36896444375000004 0.6669921890625 0.32854784062500003 0.6386718765625 0.35071178281250004 0.6679687484375 0.4106848046875
5 0.5732421890625 0.385913340625 0.556640625 0.44197507187499996 0.599609375 0.49673304687500003 0.6132812515625 0.428937459375 0.5732421890625 0.385913340625
5 0.5498046875 0.396343428125 0.5546874984375 0.3272440828125 0.5244140625 0.3207252734375 0.5126953125 0.34940802031249996 0.5009765640625 0.3102951859375 0.4638671890625 0.32854784062500003 0.447265625 0.35853435 0.4521484359375 0.385913340625 0.396484375 0.4158998453125 0.4375 0.44719011875000003 0.4814453125 0.440671309375 0.4824218765625 0.4106848046875 0.458984375 0.38721709843749996 0.5087890625 0.3598381140625 0.5185546875 0.3937359078125 0.5498046875 0.396343428125
5 0.5478515640625 0.49021423750000004 0.5244140625 0.4615314890625 0.4482421890625 0.474569103125 0.4335937484375 0.5019480921875 0.4394531234375 0.546275975 0.474609375 0.577566246875 0.4931640625 0.52671955625 0.5380859375 0.5632248718749999 0.5673828109375 0.5527947828124999 0.5800781234375 0.5332383609375 0.5742187484375 0.491518 0.5478515640625 0.49021423750000004
5 0.3740234359375 0.440671309375 0.3632812515625 0.4784803859375 0.3789062515625 0.520200746875 0.3476562515625 0.5254157937499999 0.349609375 0.5749587218750001 0.412109375 0.608856515625 0.427734375 0.58017376875 0.400390625 0.5358458859375 0.4257812515625 0.5280233140624999 0.421875 0.5019480921875 0.3974609375 0.4511014015625 0.3740234359375 0.440671309375
5 0.1601562515625 0.5827812890625 0.1855468765625 0.5567060671874999 0.1835937484375 0.5358458859375 0.1591796875 0.49021423750000004 0.1376953125 0.49282176250000004 0.1289062515625 0.530630840625 0.1601562515625 0.5827812890625
5 0.21875 0.7183724640625 0.2382812515625 0.7001198046875 0.2324218765625 0.6557919234375 0.2119140625 0.607552753125 0.1884765640625 0.607552753125 0.1875 0.707942371875 0.21875 0.7183724640625
5 0.1640625015625 0.4889104796875 0.1835937484375 0.49673304687500003 0.2216796875 0.49282176250000004 0.2519531234375 0.462835253125 0.2197265640625 0.42763370156249997 0.1826171890625 0.43024122187499997 0.1640625015625 0.4550126859375 0.1640625015625 0.4889104796875
5 0.4355468765625 0.217728134375 0.443359375 0.183830340625 0.4199218765625 0.1264648453125 0.3896484359375 0.1199460359375 0.3769531234375 0.1368949328125 0.3867187484375 0.17600777343750001 0.4355468765625 0.217728134375
5 0.07617187656249999 0.295953809375 0.0546874984375 0.2125130875 0.0224609375 0.2086018046875 0.0009765640625 0.1773115359375 0 0.24119583437499997 0.036132810937499996 0.2868274796875 0.07617187656249999 0.295953809375
5 0.166015625 0.1342874125 0.1552734359375 0.096478334375 0.12011718906249999 0.0808332015625 0.09570312343750001 0.10038961875 0.09863281093750001 0.1460212625 0.025390625 0.183830340625 0.0537109375 0.2033867578125 0.1064453125 0.185134103125 0.087890625 0.24380336093750002 0.11132812343750001 0.25684096875 0.140625 0.2125130875 0.134765625 0.173400246875 0.1162109375 0.1720964890625 0.115234375 0.15514759218750002 0.1513671890625 0.1590588765625 0.166015625 0.1342874125
5 0.212890625 0.3194215109375 0.2304687484375 0.2542334484375 0.2158203125 0.21381685 0.1953125015625 0.230765746875 0.181640625 0.280308675 0.1865234359375 0.318117753125 0.212890625 0.3194215109375
5 0.1894531234375 0.0586692578125 0.2060546875 0.1043009015625 0.234375 0.1029971390625 0.2353515640625 0.0573654953125 0.1894531234375 0.0586692578125
5 0.2636718765625 0.1421099796875 0.2548828109375 0.11473098906250001 0.2011718765625 0.11342723125000001 0.2021484359375 0.1642739234375 0.25 0.1707927265625 0.2636718765625 0.1421099796875
5 0.2783203125 0.0130376140625 0.2011718765625 0.0195564171875 0.2060546875 0.039112840625 0.2431640625 0.054757975 0.2851562515625 0.0534542109375 0.2783203125 0.0130376140625
5 0.3789062515625 0.04563164375 0.3681640625 0.023467701562500002 0.2949218765625 0.03520155625 0.3134765640625 0.07561815468750001 0.359375 0.0769219171875 0.3789062515625 0.04563164375
5 0.07324218906249999 0.005215046875 0.07421874843750001 0.0586692578125 0.115234375 0.0743143921875 0.11718749843750001 0.0013037625000000001 0.07324218906249999 0.005215046875