5 0.6318359359375 0.0744977671875 0.6181640640625 0.057942709375 0.6083984375 0.055183534374999996 0.5849609359375 0.035869296875 0.5693359359375 0.035869296875 0.5380859359375 0.0634610640625 0.5234374984375 0.084154884375 0.521484375 0.1089874765625 0.525390625 0.15865265625 0.5478515625 0.18210565625 0.5742187484375 0.194521946875 0.6025390640625 0.1876240109375 0.6279296890625 0.168309771875 0.6367187484375 0.150375121875 0.6425781234375 0.11450583125 0.640625 0.09243241875 0.6318359359375 0.0744977671875
5 0.4619140640625 0.0386284703125 0.4384765625 0.035869296875 0.4345703109375 0.0413876515625 0.4189453109375 0.044146825 0.4082031234375 0.059322296875 0.4023437484375 0.081395709375 0.4023437484375 0.16141183125 0.4140625015625 0.1752077140625 0.4169921875 0.18486483125 0.4326171875 0.19866071406250002 0.4482421875 0.20693824374999997 0.474609375 0.20555865624999997 0.5087890640625 0.17106894687500002 0.515625 0.15589347656250002 0.515625 0.10346912187499999 0.5117187484375 0.0951915921875 0.5117187484375 0.081395709375 0.4619140640625 0.0386284703125
5 0.3789062515625 0.06484065156249999 0.3701171875 0.052424354687499994 0.3583984375 0.044146825 0.3408203109375 0.0386284703125 0.3349609359375 0.0386284703125 0.3154296890625 0.052424354687499994 0.2939453109375 0.0744977671875 0.2851562515625 0.0896732375 0.28125 0.1089874765625 0.28125 0.1420975921875 0.287109375 0.1641710046875 0.3056640640625 0.1903831859375 0.3251953109375 0.20417906874999997 0.337890625 0.20555865624999997 0.3486328125 0.20417906874999997 0.3818359359375 0.1793464765625 0.390625 0.15589347656250002 0.3886718765625 0.0896732375 0.380859375 0.0758773546875 0.3789062515625 0.06484065156249999
5 0.3320312515625 0.29937066093750003 0.333984375 0.2690197203125 0.328125 0.22763206875000003 0.3115234375 0.20417906874999997 0.2841796890625 0.1876240109375 0.2646484375 0.1903831859375 0.2412109359375 0.20969741874999998 0.228515625 0.22763206875000003 0.2207031234375 0.24970548125 0.2226562515625 0.3048890109375 0.2490234375 0.333860365625 0.2607421875 0.34213789375000003 0.271484375 0.34075830625000003 0.2783203109375 0.3366195453125 0.2900390640625 0.3393787203125 0.2998046890625 0.333860365625 0.3134765625 0.3200644875 0.3251953109375 0.3145461328125 0.3320312515625 0.29937066093750003
5 0.2041015625 0.22349330156249997 0.1767578125 0.20417906874999997 0.1435546890625 0.2014198890625 0.115234375 0.23039124375000003 0.103515625 0.27177889375 0.103515625 0.31040736562500004 0.1201171875 0.333860365625 0.1455078125 0.350415428125 0.1582031234375 0.3490358359375 0.1865234375 0.3366195453125 0.2109374984375 0.30764819062500004 0.212890625 0.285574778125 0.2109374984375 0.24694630625 0.208984375 0.2331504234375 0.2041015625 0.22349330156249997
5 0.4541015625 0.372488840625 0.4404296890625 0.3614521328125 0.4267578125 0.3614521328125 0.4033203109375 0.372488840625 0.3984374984375 0.3849051328125 0.3984374984375 0.4042193703125 0.4042968765625 0.4400886671875 0.4228515625 0.4635416671875 0.4345703109375 0.47181919531250005 0.46875 0.4731987828125 0.484375 0.456643725 0.494140625 0.4290519578125 0.4804687484375 0.39870101562500004 0.4716796890625 0.3890439 0.4619140640625 0.3862847203125 0.4541015625 0.372488840625
5 0.4345703109375 0.20693824374999997 0.4052734375 0.18486483125 0.3896484375 0.18210565625 0.3564453109375 0.20969741874999998 0.3476562515625 0.22211371406249997 0.3417968765625 0.23866877187500002 0.3398437484375 0.29385230625 0.34375 0.31040736562500004 0.3486328125 0.31730530625000003 0.3798828125 0.3393787203125 0.400390625 0.34075830625000003 0.4228515625 0.331101190625 0.443359375 0.30764819062500004 0.4550781234375 0.2800564234375 0.4550781234375 0.24418712656250002 0.4511718765625 0.22763206875000003 0.4345703109375 0.20693824374999997
5 0.7724609359375 0.17106894687500002 0.7529296890625 0.17106894687500002 0.7392578125 0.1793464765625 0.7167968765625 0.20555865624999997 0.7109374984375 0.24694630625 0.712890625 0.2662605390625 0.7207031234375 0.29385230625 0.7353515625 0.30902777812500004 0.7568359359375 0.31730530625000003 0.7734374984375 0.3159257203125 0.7939453109375 0.3035094234375 0.8144531234375 0.2772972484375 0.818359375 0.22487289375000002 0.8125 0.20831783124999997 0.7900390640625 0.18210565625 0.7724609359375 0.17106894687500002
5 0.5244140640625 0.1793464765625 0.5126953109375 0.1793464765625 0.4931640640625 0.193142359375 0.46875 0.22763206875000003 0.462890625 0.24970548125 0.4648437484375 0.29109313281250004 0.4755859359375 0.31178695312500004 0.5009765625 0.3366195453125 0.5332031234375 0.3352399578125 0.568359375 0.29661148125 0.5742187484375 0.263501365625 0.572265625 0.23039124375000003 0.5664062515625 0.21383618593749998 0.5439453109375 0.1876240109375 0.5244140640625 0.1793464765625
5 0.9550781234375 0.34075830625000003 0.9423828125 0.32558283593750004 0.9326171875 0.3200644875 0.9111328125 0.32282366093750003 0.9033203109375 0.328342015625 0.890625 0.3490358359375 0.8886718765625 0.4042193703125 0.9033203109375 0.422154015625 0.9150390640625 0.43043154531249994 0.9375 0.4290519578125 0.9580078125 0.42491319531249994 0.9648437484375 0.4180152546875 0.9726562515625 0.3931826609375 0.9726562515625 0.373868428125 0.9570312515625 0.3490358359375 0.9550781234375 0.34075830625000003
5 0.974609375 0.6884145609375001 0.9765625015625 0.6828962062499999 0.974609375 0.6773778515625 0.9824218765625 0.66082279375 0.9824218765625 0.6332310265625 0.9765625015625 0.6139167890625 0.9599609359375 0.5932229687499999 0.9189453109375 0.582186259375 0.8935546890625 0.5959821421875 0.8867187484375 0.605639259375 0.8789062515625 0.6359902015625 0.8789062515625 0.66082279375 0.8828125015625 0.6663411484374999 0.880859375 0.6691003234374999 0.8828125015625 0.6801370265625 0.9013671875 0.70359003125 0.9111328125 0.70634920625 0.9150390640625 0.717385915625 0.9375 0.7160063234375 0.9404296890625 0.7118675609375 0.9482421875 0.7146267359375 0.9580078125 0.70910838125 0.9619140640625 0.6980716765625 0.9697265625 0.695312496875 0.974609375 0.6884145609375001
5 0.509765625 0.6994512640625 0.5078125015625 0.6442677359375 0.4892578125 0.6180555562500001 0.4814453109375 0.6152963812500001 0.4736328125 0.604259671875 0.4638671875 0.604259671875 0.4384765625 0.6152963812500001 0.416015625 0.64150855625 0.40625 0.6663411484374999 0.4082031234375 0.7104879734375 0.4189453109375 0.720145090625 0.4248046890625 0.73118179375 0.4365234375 0.7367001484375 0.4462890640625 0.7477368578125 0.4560546890625 0.75325520625 0.462890625 0.75187561875 0.4736328125 0.7477368578125 0.4794921875 0.7394593234375 0.4892578125 0.7367001484375 0.4970703109375 0.7229042640625 0.5078125015625 0.7132471484375 0.509765625 0.6994512640625
5 0.8613281234375 0.6911737359375 0.865234375 0.6691003234374999 0.8632812515625 0.66082279375 0.865234375 0.649786084375 0.859375 0.6304718515625 0.8330078125 0.5932229687499999 0.8251953109375 0.5904637890625 0.7841796890625 0.5959821421875 0.7675781234375 0.61667596875 0.7578125015625 0.6359902015625 0.759765625 0.6884145609375001 0.7734374984375 0.718765503125 0.7919921875 0.7367001484375 0.8056640640625 0.7422185031249999 0.8144531234375 0.740838915625 0.8291015625 0.7339409734375 0.8369140640625 0.720145090625 0.8486328125 0.7146267359375 0.853515625 0.7077287937500001 0.8554687484375 0.696692090625 0.8613281234375 0.6911737359375
5 0.6025390640625 0.5987413171875 0.5849609359375 0.5904637890625 0.5693359359375 0.5932229687499999 0.5498046890625 0.604259671875 0.5361328125 0.6180555562500001 0.525390625 0.63874938125 0.5292968765625 0.6746186765625 0.5273437484375 0.693932909375 0.53125 0.7132471484375 0.5576171875 0.7394593234375 0.5800781234375 0.743598090625 0.6142578125 0.720145090625 0.630859375 0.6911737359375 0.6328125015625 0.6801370265625 0.6328125015625 0.6442677359375 0.6230468765625 0.6194351421875 0.6025390640625 0.5987413171875
5 0.75 0.6691003234374999 0.7421874984375 0.6111576140625 0.7314453109375 0.5959821421875 0.7060546890625 0.582186259375 0.6904296890625 0.5877046140625 0.6650390640625 0.607018846875 0.6533203109375 0.6180555562500001 0.640625 0.64150855625 0.640625 0.6884145609375001 0.6484374984375 0.7160063234375 0.6669921875 0.7394593234375 0.6806640640625 0.75049603125 0.6914062515625 0.75187561875 0.7109512015624999 0.740979778125 0.7236328125 0.72842261875 0.7275390640625 0.720145090625 0.7373046890625 0.7146267359375 0.7421874984375 0.7077287937500001 0.75 0.6691003234374999
5 0.7705078125 0.7422185031249999 0.7548828125 0.72842261875 0.7431640640625 0.72842261875 0.7080078125 0.75049603125 0.6953125015625 0.7684306765625 0.6914062515625 0.787744915625 0.693359375 0.8374100953125 0.7158203109375 0.8718997984374999 0.7236328125 0.877418153125 0.7617187484375 0.878797740625 0.7724609359375 0.8718997984374999 0.8007812515625 0.8401692703125001 0.802734375 0.784985740625 0.7988281234375 0.765671503125 0.7822265625 0.7422185031249999 0.7705078125 0.7422185031249999
5 0.2832031234375 0.8815569203125 0.2861328125 0.874658978125 0.2978515625 0.874658978125 0.3242187484375 0.8429284499999999 0.3359374984375 0.8153366828124999 0.3261718765625 0.7684306765625 0.3154296890625 0.7560143859374999 0.2607421875 0.7560143859374999 0.2275390640625 0.7753286187499999 0.2158203109375 0.8029203859375 0.212890625 0.7822265609375 0.1826171875 0.7587735609374999 0.1767578125 0.7449776765625 0.1611328125 0.7422185031249999 0.1318359359375 0.7587735609374999 0.10742187656249999 0.79602244375 0.11132812343750001 0.8567243281250001 0.1240234375 0.8718997984374999 0.1455078125 0.877418153125 0.1533203109375 0.8939732171875001 0.1611328125 0.8967323921875 0.1875 0.878797740625 0.166015625 0.922944565625 0.166015625 0.9919239843750001 0.1845703109375 0.9988219265625 0.2636718765625 0.9974423390625 0.275390625 0.9781281 0.2734374984375 0.9201853921875 0.2519531234375 0.8843160953125 0.2841796890625 0.8884548625 0.2890625015625 0.8815569203125 0.2832031234375 0.8815569203125