3 0.04650183125 0.9540270265625 0.1916666671875 0.9540270265625 0.1916666671875 0.4328918921875 0.04650183125 0.4328918921875 0.04650183125 0.9540270265625
3 0.33954212500000003 0.613675675 0.426025640625 0.613675675 0.426025640625 0.40708108125000003 0.33954212500000003 0.40708108125000003 0.33954212500000003 0.613675675
3 0.28699633750000003 0.77724324375 0.7419413921875 0.77724324375 0.7419413921875 0.6021081078125 0.28699633750000003 0.6021081078125 0.28699633750000003 0.77724324375
3 0.5402380953125 0.589216215625 0.6273076921875 0.589216215625 0.6273076921875 0.395324325 0.5402380953125 0.395324325 0.5402380953125 0.589216215625
3 0.9144871796875 0.64375675625 0.9903479859375001 0.64375675625 0.9903479859375001 0.42348648593749993 0.9144871796875 0.42348648593749993 0.9144871796875 0.64375675625
3 0.857838828125 0.799540540625 0.9558608062499999 0.799540540625 0.9558608062499999 0.6738648656249999 0.857838828125 0.6738648656249999 0.857838828125 0.799540540625
3 0.31089743593749997 0 0.31089743593749997 0.318378378125 0.3687362640625 0.318378378125 0.3687362640625 0 0.31089743593749997 0
5 0.7285156265625 0.8430373734375 0.7001953109375 0.807010134375 0.6865234359375 0.7983636 0.6728515640625 0.801245778125 0.6572265640625 0.8156566703125 0.6259765640625 0.85888935625 0.6103515640625 0.867535896875 0.5878906265625 0.8977987734375 0.5859375015625 0.9122096703125001 0.5898437515625 0.9266205671875 0.609375 0.9525601781249999 0.6152343734375 0.9698532546875 0.6240234359375 0.9770586968750001 0.6367187515625 0.9756176109375 0.6572265640625 0.965529984375 0.6748046890625 0.9453547296875 0.7216796890625 0.910768584375 0.7304687515625 0.8977987734375 0.732421875 0.8545660921874999 0.7285156265625 0.8430373734375
5 0.8642578125 0.7954814156250001 0.8525390625 0.789717059375 0.8349609375 0.789717059375 0.8154296890625 0.807010134375 0.8085937515625 0.82286211875 0.8007812484375 0.8603304484375001 0.8046875015625 0.88338788125 0.8154296890625 0.899239865625 0.8271484359375 0.9078864 0.841796875 0.9093274921875001 0.8544921875 0.9078864 0.8740234359375 0.8877111453125 0.8847656265625 0.8603304484375001 0.8828124984375 0.831508659375 0.875 0.8084512265624999 0.8642578125 0.7954814156250001
5 0.7783203109375 0.783952703125 0.7685546890625 0.7753061671875 0.7412109375 0.7724239890625 0.7158203109375 0.783952703125 0.7070312484375 0.7969225078125 0.705078125 0.8055690437499999 0.7128906265625 0.8257442968750001 0.734375 0.8488017296875 0.732421875 0.9064453140625 0.7373046890625 0.9136507625 0.7539062484375 0.9150918484374999 0.7705078125 0.9078864 0.7841796890625 0.8963576859375 0.7929687515625 0.88338788125 0.796875 0.8689769843749999 0.794921875 0.8113334046875 0.7783203109375 0.783952703125
5 0.7451171875 0.4611486484375 0.7509765640625 0.4611486484375 0.7578124984375 0.451061021875 0.7578124984375 0.4280035890625 0.7890624984375 0.3761243671875 0.7861328125 0.3573902046875 0.7626953109375 0.34297930781249997 0.7431640625 0.34297930781249997 0.7197265640625 0.35450802187499997 0.7080078125 0.35162584375 0.6923828125 0.3573902046875 0.6826171875 0.3631545625 0.6708984359375 0.3862119953125 0.6445312484375 0.41071051406250003 0.6328124984375 0.4395323078125 0.6328124984375 0.456825378125 0.6650390625 0.5159100484375 0.6796875015625 0.52023331875 0.6923828125 0.5159100484375 0.7138671875 0.4957348 0.7236328125 0.4957348 0.7314453109375 0.481323903125 0.7421875015625 0.4741184546875 0.7451171875 0.4611486484375
5 0.4433593734375 0.24930848593750002 0.4345703109375 0.233456503125 0.4130859375 0.2190456109375 0.3994140625 0.2190456109375 0.3876953109375 0.2248099671875 0.376953125 0.2406619515625 0.3710937515625 0.263719384375 0.3710937515625 0.2983055296875 0.3935546890625 0.3343327671875 0.4091796890625 0.3458614859375 0.4179687515625 0.3444203953125 0.4345703109375 0.3400971296875 0.4492187515625 0.318480784375 0.453125 0.2983055296875 0.451171875 0.275248096875 0.4453124984375 0.263719384375 0.4433593734375 0.24930848593750002
5 0.5263671875 0.23922085937499998 0.5126953109375 0.230574325 0.4951171875 0.230574325 0.4775390625 0.2421030375 0.4648437515625 0.2608372046875 0.4609375015625 0.318480784375 0.4628906265625 0.327127325 0.4853515640625 0.36027238437500003 0.4990234359375 0.36891891875 0.5078124984375 0.3674778265625 0.5224609375 0.36027238437500003 0.5390624984375 0.33577385937500004 0.544921875 0.318480784375 0.544921875 0.2896589953125 0.5371093734375 0.2550728484375 0.5263671875 0.23922085937499998
5 0.6220703109375 0.2421030375 0.6005859375 0.233456503125 0.5791015640625 0.244985221875 0.560546875 0.2666015625 0.5566406265625 0.28101245937499997 0.5546875015625 0.32136296249999996 0.5585937515625 0.34153821562500003 0.5732421875 0.3573902046875 0.5888671875 0.36891891875 0.6152343734375 0.3674778265625 0.6298828125 0.3573902046875 0.638671875 0.34153821562500003 0.6445312484375 0.30983424843749996 0.6445312484375 0.28101245937499997 0.642578125 0.27236591875 0.6220703109375 0.2421030375
5 0.1611328125 0.057643578125 0.1494140625 0.063407940625 0.1367187515625 0.08502428125 0.1328124984375 0.1224926109375 0.1347656265625 0.13978568593750001 0.140625 0.148432221875 0.140625 0.15707875625 0.1513671875 0.1729307453125 0.1669921875 0.18157728125 0.171875 0.1801361890625 0.1962890625 0.1729307453125 0.2128906265625 0.148432221875 0.216796875 0.096553 0.2001953109375 0.057643578125 0.1923828125 0.0547614 0.1611328125 0.057643578125