15 0.297297296875 0.6030927828125 0.33204633281249996 0.6082474234374999 0.34362934375 0.47938144375 0.33204633281249996 0.453608246875 0.3050193046875 0.4484536078125 0.2625482625 0.4742268046875 0.258687259375 0.5154639171875 0.2702702703125 0.5618556703124999 0.297297296875 0.5773195875 0.297297296875 0.6030927828125
15 0.409266409375 0.530927834375 0.428571428125 0.44329896875 0.409266409375 0.40721649531250004 0.38610038593749996 0.40721649531250004 0.3552123546875 0.43298969062500003 0.3513513515625 0.45876288593750003 0.37451737500000004 0.463917525 0.389961390625 0.5257731953125 0.409266409375 0.530927834375
15 0.44401544375 0.335051546875 0.409266409375 0.31958762812499997 0.389961390625 0.44329896875 0.42084942031250006 0.4742268046875 0.45559845625 0.4484536078125 0.459459459375 0.36597938124999996 0.44401544375 0.335051546875
15 0.55598455625 0.3969072171875 0.54440154375 0.5051546390625 0.575289575 0.5257731953125 0.590733590625 0.5051546390625 0.5984555984375 0.4278350515625 0.55598455625 0.3969072171875
15 0.7104247109374999 0.6185567015625 0.7374517375 0.6494845359375 0.7606177609375 0.5412371140625 0.7220077218750001 0.510309278125 0.7104247109374999 0.6185567015625
15 0.833976834375 0.567010309375 0.7915057921875001 0.55670103125 0.7760617765625 0.6494845359375 0.7876447875 0.6855670109374999 0.8108108109375 0.6855670109374999 0.8301158296875 0.644329896875 0.833976834375 0.567010309375
15 0.057915057812500004 0.3608247421875 0.08108108124999999 0.3917525765625 0.08880308906249999 0.3298969078125 0.06177606249999999 0.3041237109375 0.057915057812500004 0.3608247421875
4 0.11936293437500001 0.44734536093750005 0.17461390000000002 0.44734536093750005 0.17461390000000002 0.32688144375 0.11936293437500001 0.32688144375 0.11936293437500001 0.44734536093750005
4 0.193378378125 0.42845360781249997 0.25310810781250004 0.42845360781249997 0.25310810781250004 0.32474226875 0.193378378125 0.32474226875 0.193378378125 0.42845360781249997
4 0.449169884375 0.26347938125 0.5503667953125 0.26347938125 0.5503667953125 0.19157216562499998 0.449169884375 0.19157216562499998 0.449169884375 0.26347938125
4 0.7274710421874999 0.356288659375 0.8192471046875 0.356288659375 0.8192471046875 0.23670103125000003 0.7274710421874999 0.23670103125000003 0.7274710421874999 0.356288659375
4 0.7290926640625 0.5677061859375 0.8462741312500001 0.5677061859375 0.8462741312500001 0.4643556703125 0.7290926640625 0.4643556703125 0.7290926640625 0.5677061859375
4 0.5392664093749999 0.43190721718749997 0.6442857140625 0.43190721718749997 0.6442857140625 0.361288659375 0.5392664093749999 0.361288659375 0.5392664093749999 0.43190721718749997
4 0.26256756718749996 0.30474226875 0.31874517343750003 0.30474226875 0.31874517343750003 0.21092783437499998 0.26256756718749996 0.21092783437499998 0.26256756718749996 0.30474226875
4 0.11133204687500001 0.2308247421875 0.1861969109375 0.2308247421875 0.1861969109375 0.094948453125 0.11133204687500001 0.094948453125 0.11133204687500001 0.2308247421875
4 0.35745173750000003 0.40095360781249995 0.4088030890625 0.40095360781249995 0.4088030890625 0.27749999999999997 0.35745173750000003 0.27749999999999997 0.35745173750000003 0.40095360781249995