19 0.010490909375 0.175683059375 0.2709636359375 0.175683059375 0.2709636359375 0.012732240624999999 0.010490909375 0.012732240624999999 0.010490909375 0.175683059375
13 0.24 0.502732240625 0.2072727265625 0.497267759375 0.1527272734375 0.5300546453125 0.16 0.590163934375 0.2036363640625 0.595628415625 0.24 0.5628415296875 0.24 0.502732240625
13 0.189090909375 0.2896174859375 0.16 0.2841530046875 0.12 0.316939890625 0.1236363640625 0.36612021875 0.16 0.3770491796875 0.2036363640625 0.3333333328125 0.189090909375 0.2896174859375
13 0.22909090937499998 0.224043715625 0.18181818125 0.25683060156250004 0.2072727265625 0.31147540937499996 0.25818181875 0.2841530046875 0.26181818125 0.24043715781250002 0.22909090937499998 0.224043715625
13 0.3745454546875 0.278688525 0.389090909375 0.34426229531249997 0.41818181875000004 0.35519125625000003 0.43272727343749995 0.3387978140625 0.4495557234375 0.26721233906249997 0.3745454546875 0.278688525
13 0.32 0.3497267765625 0.27999999999999997 0.34426229531249997 0.25818181875 0.36612021875 0.26181818125 0.4316939890625 0.309090909375 0.44808743125 0.33090909062499996 0.3715847 0.32 0.3497267765625
13 0.6840243453125 0.528727540625 0.73818181875 0.5136612015625001 0.740729515625 0.438904328125 0.68706215625 0.4845770765625 0.6840243453125 0.528727540625
13 0.789090909375 0.601092896875 0.7792377859374999 0.5882758359375 0.7498227484375 0.6109027484375 0.74181818125 0.6502732234375 0.7580315859375 0.6705554968749999 0.7963636359375 0.63387978125 0.789090909375 0.601092896875
7 0.8582727265625 1 0.8582727265625 0.731475409375 0.42558181875 0.731475409375 0.42558181875 1 0.8582727265625 1
7 0.2098727265625 0.9171038250000001 0.47776363593750004 0.9171038250000001 0.47776363593750004 0.621147540625 0.2098727265625 0.621147540625 0.2098727265625 0.9171038250000001
7 0.483709090625 0.69453551875 0.682109090625 0.69453551875 0.682109090625 0.4533333328125 0.483709090625 0.4533333328125 0.483709090625 0.69453551875