3 0.0208352015625 0.021575034375 0.022766721875 0.35357503437500004 0.415335028125 0.3558589296875 0.41340350781249996 0.0238589296875 0.0208352015625 0.021575034375
15 0.66247153125 0.22202858124999997 0.5148247671874999 0.20298839375000002 0.49855825937500003 0.2247112 0.520860453125 0.301202003125 0.5645762999999999 0.30145633437499997 0.6682110359375 0.26933309843750003 0.66247153125 0.22202858124999997
15 0.674225565625 0.3639103453125 0.6249394609375 0.34544240312499996 0.5320644406249999 0.3485383125 0.504847815625 0.366561175 0.5104815421875 0.395683875 0.60361043125 0.43622432968749997 0.6743948109375 0.3930012546875 0.674225565625 0.3639103453125
15 0.6638466546874999 0.4583922171875 0.59263915625 0.42888801875000004 0.57086585625 0.44330630781249997 0.5712889703124999 0.51603358125 0.59316805 0.519797109375 0.658572575 0.49108769687500003 0.6638466546874999 0.4583922171875
15 0.5713101265625 0.5196699437500001 0.54960029375 0.5449973234375001 0.5881266843749999 0.592492590625 0.6699034968750001 0.5602421890625 0.61496250625 0.509015184375 0.5713101265625 0.5196699437500001
15 0.632202178125 0.654565103125 0.593802721875 0.62888801875 0.5391579125 0.6285701046875001 0.5119412890625 0.646592965625 0.5176596375 0.6902611203125 0.5451089765625 0.7122382593750001 0.62694925625 0.6908969484374999 0.632202178125 0.654565103125
15 0.6170780812500001 0.8726515484374999 0.600324990625 0.810737990625 0.409089315625 0.8132616562500001 0.4201875234375 0.8424161484375 0.4804025921875 0.8609476718750001 0.5133587234375 0.890229328125 0.6170780812500001 0.8726515484374999
7 0.2619443078125 0.54234200625 0.26242581249999997 0.6251056421875 0.537398490625 0.6267053859375 0.5369169859375 0.54394175 0.2619443078125 0.54234200625
7 0.39191023281250004 0.255471496875 0.393157575 0.469871496875 0.5205892703125 0.47061287343749997 0.519341928125 0.2562128734375 0.39191023281250004 0.255471496875
7 0.5264909765625 0.1137501984375 0.5258469953125 0.0030592890625 0.358196721875 0.002083928125 0.358840703125 0.11277483749999999 0.5264909765625 0.1137501984375
7 0.0020226328125000003 0.263130134375 0.0029737953125000003 0.42662104218749997 0.10297379531249999 0.427202825 0.10202263281249999 0.2637119171875 0.0020226328125000003 0.263130134375