5 0.034179689062500004 0.6151717875 0.0078125 0.6468250078125 0.00390625 0.6800054359375001 0.06640625 0.8089568625 0.048828123437499996 0.8156906703125 0.04296875 0.885355940625 0.0605468765625 0.9714637015625 0.09667968906249999 0.9894902203125 0.12304687656249999 0.9578370062499999 0.11328125 0.86505225 0.09375 0.8320081765625 0.11328125 0.8219472328125 0.12304687656249999 0.7721538671875 0.1015625 0.6993319109375 0.1376953109375 0.694148040625 0.16015625 0.6359913828125 0.1171875 0.520189409375 0.08007812343750001 0.47730028750000003 0.0527343765625 0.5073013046875 0.06640625 0.61995795625 0.034179689062500004 0.6151717875
5 0.1669921890625 0.3590847921875 0.2255859390625 0.391901603125 0.2363281234375 0.34044467031250003 0.1777343765625 0.237996675 0.1435546890625 0.24316918437499999 0.12890625 0.291333075 0.1669921890625 0.3590847921875
5 0.2822265609375 0.29541473906250004 0.3251953109375 0.3017962953125 0.3496093765625 0.24362827656250002 0.2753906234375 0.15121849999999998 0.24609375 0.171283565625 0.2363281234375 0.2310242453125 0.2822265609375 0.29541473906250004
5 0.2158203109375 0.7102723703125 0.2392578109375 0.7101360156250001 0.25 0.6387844609375 0.22265625 0.6190489203125 0.2207031234375 0.5792710390625 0.2011718765625 0.556174271875 0.171875 0.572923571875 0.17578125 0.625953171875 0.2158203109375 0.7102723703125
5 0.2490234390625 0.8460257875 0.2744140609375 0.842562296875 0.3125 0.7710516609375 0.26171875 0.7017159171875 0.22265625 0.7483639609375 0.22265625 0.8047320593749999 0.2490234390625 0.8460257875
5 0.41015625 0.23332871718749998 0.4208984390625 0.2680818078125 0.4443359390625 0.2778927671875 0.5205078109375 0.1746607265625 0.5244140609375 0.2509007234375 0.58203125 0.2588549390625 0.5546875 0.29880326562500004 0.5292968765625 0.6006860828125 0.5458984390625 0.6652470218750001 0.5712890609375 0.665099303125 0.5917968765625 0.6367959453125 0.6152343765625 0.53387070625 0.6035156234375 0.4676234765625 0.5908203109375 0.4793025328125 0.5839843765625 0.46110556562499994 0.59765625 0.42123678125 0.58984375 0.40470338281249996 0.6318359390625 0.44922198125 0.6572265609375 0.44575848906250004 0.67578125 0.4108349546875 0.6396484390625 0.2933353203125 0.5839843765625 0.2588435765625 0.6455078109375 0.23693313906250002 0.66796875 0.16882916875 0.6416015609375 0.08111465625 0.5791015609375 0.10468866562500001 0.5244140609375 0.1613749203125 0.5410156234375 0.09330504375000001 0.53125 0.0734672375 0.4482421890625 0.1319761453125 0.4140625 0.193516746875 0.41015625 0.23332871718749998
5 0.46875 0.7436164625 0.4667968765625 0.7071543484375 0.44921875 0.6873619921875 0.4082031234375 0.727389859375 0.4189453109375 0.7986164265625 0.46875 0.7436164625
5 0.5634765609375 0.830933271875 0.5722656234375 0.7562773078125 0.5097656234375 0.69364128125 0.4824218765625 0.7269580671875 0.4785156234375 0.7899804328125 0.5634765609375 0.830933271875
5 0.4873046890625 0.5296413281250001 0.5205078109375 0.5228166109375 0.5332031234375 0.49455870625 0.52734375 0.44154046874999997 0.5078125 0.4217594765625 0.4775390609375 0.4335408 0.4589843765625 0.47509587499999995 0.4873046890625 0.5296413281250001
5 0.7763671890625 0.6307484890625 0.79296875 0.61904670625 0.7949218765625 0.556035709375 0.8261718765625 0.5425908203125 0.828125 0.50610598125 0.8144531234375 0.43987011562499995 0.765625 0.3638914734375 0.7285156234375 0.40721238125000003 0.72265625 0.5166668953125 0.7763671890625 0.6307484890625
5 0.7998046890625 0.355403196875 0.8447265609375 0.378352240625 0.87109375 0.3334359390625 0.8828125 0.24715773125 0.85546875 0.22079065 0.8291015609375 0.23586502187499997 0.8027343765625 0.2907286296875 0.7998046890625 0.355403196875
5 0.8525390609375 0.2058867296875 0.8837890609375 0.205704921875 0.8974609390625 0.23546731875 0.9277343765625 0.21373868125 0.9189453109375 0.1325534421875 0.8359375 0.088273465625 0.80859375 0.1050114015625 0.8105468765625 0.1348419703125 0.8525390609375 0.2058867296875
5 0.7285156234375 0.9178410156249999 0.7763671890625 0.9722728328124999 0.7792968765625 0.877756334375 0.75390625 0.81490441875 0.7216796890625 0.8366444140624999 0.7167968765625 0.8648568687499999 0.7285156234375 0.9178410156249999
5 0.85546875 0.9535759 0.859375 0.99334241875 0.9990234390625 0.9941878515625 1 0.86984078125 0.9599609390625 0.8849946921875 0.9433593765625 0.8668545390625001 0.9052734390625 0.8720497734375 0.8955078109375 0.9085800578125 0.85546875 0.9535759
5 0.6943359390625 0.5649103265625001 0.71875 0.5266369281250001 0.71875 0.47358460312500006 0.6972656234375 0.45049920625000006 0.6484375 0.5005198328125 0.6689453109375 0.561742271875 0.6943359390625 0.5649103265625001
5 1 0.780314984375 0.984375 0.8036162765625001 0.9990234390625 0.8085047124999999 1 0.780314984375