3 0.0214545453125 0.4132786890625 0.3534545453125 0.4132786890625 0.3534545453125 0.0207103828125 0.0214545453125 0.0207103828125 0.0214545453125 0.4132786890625
15 0.29818181875 0.5191256828124999 0.22181818125000002 0.497267759375 0.2 0.5136612015625001 0.21818181874999998 0.6612021859375 0.2654545453125 0.6666666671875 0.29818181875 0.5628415296875 0.29818181875 0.5191256828124999
15 0.43272727343749995 0.601092896875 0.39272727343749997 0.508196721875 0.3636363640625 0.502732240625 0.3454545453125 0.5300546453125 0.34181818124999996 0.6229508203125 0.36 0.672131146875 0.389090909375 0.672131146875 0.43272727343749995 0.601092896875
15 0.5127272734375 0.5683060109375 0.44000000000000006 0.5683060109375 0.4254545453125 0.590163934375 0.45454545468749996 0.6612021859375 0.4872727265625 0.6557377046874999 0.5163636359375 0.590163934375 0.5127272734375 0.5683060109375
15 0.54181818125 0.5464480875 0.5163636359375 0.5683060109375 0.5054545453125 0.6120218578125 0.5563636359374999 0.6666666671875 0.5890909093750001 0.584699453125 0.54181818125 0.5464480875
15 0.709090909375 0.54098360625 0.6872727265624999 0.5136612015625001 0.6436363640625 0.508196721875 0.6254545453125 0.535519125 0.6254545453125 0.590163934375 0.650909090625 0.6284153 0.6872727265624999 0.6229508203125 0.709090909375 0.54098360625
15 0.8400000000000001 0.415300546875 0.8109090906249999 0.40437158437500004 0.8072727265624999 0.595628415625 0.8690909093749999 0.6120218578125 0.8872727265625 0.508196721875 0.85818181875 0.47540983593749997 0.8400000000000001 0.415300546875
7 0.5408363640625 0.5337704921875 0.6235999999999999 0.5337704921875 0.6235999999999999 0.2587978140625 0.5408363640625 0.2587978140625 0.5408363640625 0.5337704921875
7 0.2532 0.517868853125 0.4676 0.517868853125 0.4676 0.3904371578125 0.2532 0.3904371578125 0.2532 0.517868853125
7 0 0.5258469953125 0.110690909375 0.5258469953125 0.110690909375 0.358196721875 0 0.358196721875 0 0.5258469953125
7 0.2631272734375 0.10049180312499999 0.42661818125 0.10049180312499999 0.42661818125 0.000491803125 0.2631272734375 0.000491803125 0.2631272734375 0.10049180312499999