3 0.5050230390625 0.8167306062499999 0.8928999624999999 0.81221725 0.9013617265624999 0.32744305625000003 0.513484803125 0.33195641249999996 0.5050230390625 0.8167306062499999
3 0.081930065625 0.4991708640625 0.221160834375 0.4975507671875 0.22573406093749998 0.23555076718749998 0.0865032921875 0.23717086406250001 0.081930065625 0.4991708640625
3 0.21779963125 0.5878941140625 0.3786919390625 0.5860219625 0.383220121875 0.3266026078125 0.22232781406250002 0.32847475937500004 0.21779963125 0.5878941140625
19 0 0.9645137374999999 0.1097455453125 0.9632367328125 0.1153379234375 0.6428496359375 0 0.6441917140625 0 0.9645137374999999
19 0 0.5000919546875 0.06700755 0.49931225156250003 0.07055937500000001 0.29582838125 0 0.2966494140625 0 0.5000919546875
19 0.24181206406250003 0.9746328546875 0.389965909375 0.9729089296875 0.393320659375 0.7807153812500001 0.2451668140625 0.78243930625 0.24181206406250003 0.9746328546875
19 0.5011495515625 0.9205610468750001 0.4998680109375 0.9939804015625 0.8159910874999999 0.9903019765625001 0.817272628125 0.916882621875 0.5011495515625 0.9205610468750001
19 0.87797055 0.8339027281250001 0.9745243968749999 0.832779221875 0.9789760015625 0.5777469640625 0.8824221546875 0.5788704703125 0.87797055 0.8339027281250001
15 0.08664066249999999 0.147348803125 0.092794509375 0.14727719687500002 0.092907121875 0.14082558437499998 0.0990609671875 0.14075397812499998 0.09917358125 0.1343023640625 0.10840435156249999 0.13419495312500002 0.1085169640625 0.12774334062499998 0.1147834234375 0.121220121875 0.1151212640625 0.1018652828125 0.11204434062499999 0.1019010859375 0.11249479375 0.076094634375 0.109417871875 0.07613043750000001 0.1096430984375 0.06322721249999999 0.10656617500000001 0.063263015625 0.1066787875 0.056811401562499995 0.10063755468749999 0.050431396875 0.10086278125 0.037528171875 0.09778585937499999 0.037563975 0.097898471875 0.0311123609375 0.091744625 0.0311839671875 0.0918572390625 0.0247323546875 0.0672418546875 0.0250187796875 0.067129240625 0.0314703921875 0.060975393749999995 0.031542 0.06086278125 0.0379936140625 0.057785859375000005 0.0380294171875 0.0575606328125 0.0509326421875 0.054483709375 0.0509684453125 0.0531323484375 0.1283878 0.056209271875 0.128351996875 0.055984045312499994 0.14125522343750002 0.0590609671875 0.1412194203125 0.0619126640625 0.154086840625 0.0680665109375 0.154015234375 0.07091820625 0.1668826578125 0.077072053125 0.1668110515625 0.0772972796875 0.153907825 0.0865280484375 0.153800415625 0.08664066249999999 0.147348803125
15 0.16071204375 0.1335862984375 0.1576351203125 0.1336221015625 0.157860346875 0.1207188765625 0.1547834234375 0.1207546796875 0.1548960375 0.11430306718750001 0.1488548046875 0.10792305937499999 0.1491926453125 0.08856822187499999 0.146115721875 0.088604025 0.1463409484375 0.07570079843750001 0.1402997140625 0.06932079375 0.140524940625 0.056417567187499996 0.12514032656250001 0.0565965828125 0.1218381765625 0.0695356125 0.1156843296875 0.06960721875 0.11557171718749999 0.07605883125 0.11249479375 0.076094634375 0.11125604687499999 0.1470623765625 0.1143329703125 0.1470265734375 0.1138825171875 0.172833025 0.11695944062500001 0.172797221875 0.1168468265625 0.179248834375 0.1506929796875 0.1788549984375 0.15080559375 0.1724033859375 0.1600363640625 0.1722959765625 0.16071204375 0.1335862984375
15 0.23936068437500002 0.21007477031250002 0.2467896390625 0.3131931671875 0.281086246875 0.2869928796875 0.26442652187500004 0.1839818921875 0.24596498281249998 0.1841967109375 0.23936068437500002 0.21007477031250002
15 0.2838253296875 0.3063119140625 0.3143313453125 0.2785902734375 0.3070529921875 0.2092870984375 0.28221238125000003 0.22247675 0.2838253296875 0.3063119140625
15 0.30911639375 0.2673158109375 0.32052318125 0.31878550156249996 0.3485533265625 0.2991084328125 0.34911639375000003 0.26685036875 0.328141 0.23484292812500002 0.30911639375 0.2673158109375
15 0.3938916640625 0.2926892828125 0.3931796640625 0.33347970312499997 0.3962075109375 0.3888581625 0.42423765781249995 0.3691810953125 0.41629327656250004 0.2988680203125 0.404501009375 0.2662059109375 0.3938916640625 0.2926892828125
15 0.43185547656249995 0.28523852031249997 0.4396222734375 0.36900207812499997 0.46446288593749996 0.3558124265625 0.471179796875 0.3234827546875 0.45406961875 0.24627822031250002 0.43185547656249995 0.28523852031249997
15 0.4908800828125 0.25230019375 0.48975395 0.3168163234375 0.5017238015625 0.33602794999999996 0.5420616421875 0.31620766875 0.5433003875 0.2452399265625 0.5314431500000001 0.21957668749999998 0.4908800828125 0.25230019375
15 0.5490037796875 0.270974771875 0.5768087015625001 0.2642009296875 0.5750831390625 0.18681737812500002 0.546940378125 0.21294605937500002 0.5490037796875 0.270974771875
15 0.59823455 0.27040191875 0.6263773109375 0.24427323906249998 0.618723128125 0.15405806718749998 0.593769903125 0.1736993328125 0.59823455 0.27040191875
15 0.739547784375 0.281658196875 0.773506553125 0.274812746875 0.7568468265625 0.1718017609375 0.7316683765625001 0.2043462515625 0.739547784375 0.281658196875
15 0.643563740625 0.14086841562500002 0.624426521875 0.1797929125 0.626489925 0.2378216265625 0.666039471875 0.2631626359375 0.684613621875 0.256496203125 0.6916683765625 0.20481169375000002 0.6837889671874999 0.12749974687500001 0.643563740625 0.14086841562500002
15 0.814407459375 0.2227344015625 0.8223994812500001 0.293594734375 0.8564708609375 0.2802976734375 0.8546326859375 0.209365734375 0.8239760687500001 0.20327215468749998 0.814407459375 0.2227344015625
15 0.8472400921875 0.2804050828125 0.8496413359374999 0.31907895625 0.901498575 0.344276753125 0.9202979546875 0.3247070953125 0.9247262359375 0.2472519359375 0.8787976171875 0.2348857609375 0.8472400921875 0.2804050828125