2 0.435773809375 0.352025 0.6477976187500001 0.352025 0.6477976187500001 0.266975 0.435773809375 0.266975 0.435773809375 0.352025
2 0.53444444375 0.74305 0.62944444375 0.74305 0.62944444375 0.5912499999999999 0.53444444375 0.5912499999999999 0.53444444375 0.74305
2 0.61555555625 0.424875 0.67174603125 0.424875 0.67174603125 0.34692500000000004 0.61555555625 0.34692500000000004 0.61555555625 0.424875
2 0.7248412703125 0.35025 0.7915873015625 0.35025 0.7915873015625 0.25145 0.7248412703125 0.25145 0.7248412703125 0.35025
2 0.8200198406249999 0.65595 0.934027778125 0.65595 0.934027778125 0.50685 0.8200198406249999 0.50685 0.8200198406249999 0.65595
2 0.13783730156250001 0.177875 0.210019840625 0.177875 0.210019840625 0.10262500000000001 0.13783730156250001 0.10262500000000001 0.13783730156250001 0.177875
2 0.3141071421875 0.58665 0.393273809375 0.58665 0.393273809375 0.49574999999999997 0.3141071421875 0.49574999999999997 0.3141071421875 0.58665
2 0.11317460312500001 0.1121 0.181825396875 0.1121 0.181825396875 0.0249 0.11317460312500001 0.0249 0.11317460312500001 0.1121
5 0.5019531265625 0.2620898453125 0.5253906265625 0.2497851546875 0.5292968734375 0.1981054703125 0.4912109359375 0.164882809375 0.46875 0.1882617203125 0.4667968734375 0.24732422031249998 0.5019531265625 0.2620898453125
5 0.10351562656249999 0.3334570296875 0.1269531265625 0.3137695296875 0.1269531265625 0.2768554703125 0.09277343593750001 0.25593750000000004 0.06835937343750001 0.2743945296875 0.06445312656249999 0.3113085953125 0.10351562656249999 0.3334570296875
5 0.7988281265625 0.4245117203125 0.8203125 0.4097460953125 0.8222656265625 0.3752929703125 0.7861328140625 0.34453125 0.76171875 0.3654492203125 0.7597656265625 0.3974414046875 0.7988281265625 0.4245117203125