2 0.58408349375 0.7283244734375 0.5832980156249999 0.6833244734374999 0.5432663734375 0.6630936078125 0.5198059515625 0.6829550875 0.5205041546875 0.7229550875 0.5645913250000001 0.748209040625 0.58408349375 0.7283244734375
5 0.43250436406250004 0.6824471828124999 0.45313111250000004 0.727562615625 0.492988203125 0.73779348125 0.5157504234375 0.6779320015625 0.4751951296875 0.6277011359375 0.43250436406250004 0.6824471828124999
2 0.4410518 0.71749335625 0.44432185156250004 0.6775164421875 0.40006013124999995 0.6422624890625 0.3688377515625 0.672077796875 0.3697105046875 0.7220777968750001 0.4137104 0.74233175 0.4410518 0.71749335625
2 0.3935653171875 0.5823703124999999 0.33552076249999996 0.581893103125 0.3326870890625 0.6468700171874999 0.38462349218749997 0.6671701421875 0.3935653171875 0.5823703124999999
2 0.6187913390625 0.443555340625 0.6237196234375 0.4985784265625 0.6872195234375 0.49695975625 0.69798186875 0.43401707343749996 0.6577756781249999 0.40378620625000006 0.6187913390625 0.443555340625
2 0.44905521718749997 0.5445784687499999 0.484055884375 0.570191971875 0.5052738453125001 0.5485356515625 0.5128703375 0.5129320015625 0.48979781874999995 0.486736290625 0.46481491249999995 0.4876549625 0.43824739062500007 0.5027712203125 0.44905521718749997 0.5445784687499999
2 0.5113402453125 0.1979550875 0.4910625984375 0.1728396546875 0.4593165671875 0.1726549625 0.431887890625 0.19249335625 0.43276064375 0.24249335625000001 0.484871596875 0.27279348125 0.5113402453125 0.1979550875
2 0.40249829375 0.3273086625 0.4544346953125 0.34760878906250003 0.47780784218749994 0.3227473078125 0.4770223640625 0.2777473078125 0.448720934375 0.24758570156249998 0.42094315781249997 0.24742409531249998 0.4016255390625 0.27730866249999997 0.40249829375 0.3273086625
2 0.367307659375 0.3571008828125 0.371799565625 0.3871239703125 0.4158867359375 0.412377921875 0.4346807015625 0.35249335625 0.3945617859375 0.3272624890625 0.367307659375 0.3571008828125
2 0.073569590625 0.350392471875 0.07444234375 0.40039247187499993 0.13252220312500002 0.411159203125 0.1451727125 0.36080803125 0.10479196875 0.320577165625 0.073569590625 0.350392471875
5 0.8979246578125 0.7501483171875 0.9257024359375 0.7503099234375 0.9530438374999999 0.7254715296875001 0.9680441 0.6755638765625 0.9079966390624999 0.645217578125 0.877036084375 0.690032884375 0.8776470125 0.725032884375 0.8979246578125 0.7501483171875
5 0.5526865625 0.74813978125 0.5122185453125 0.702908915625 0.4770279109375 0.7327011359375 0.47833704062500004 0.8077011359374999 0.4985274125 0.82781656875 0.5382099515625 0.8280474343750001 0.5526865625 0.74813978125
5 0.1925763453125 0.576061984375 0.185599865625 0.6310158109375 0.23753626875 0.6513159374999999 0.251652571875 0.5969803109375 0.2281160796875 0.5662697640625 0.1925763453125 0.576061984375
5 0.8997558218749999 1 0.9207332890625001 0.9202637499999999 0.880265271875 0.8750328843749999 0.8451619140625001 0.9098251046874999 0.8423282375 0.9748020187499999 0.8586376296875 0.9998943640625001 0.8594407703125 1 0.8997558218749999 1
5 0.838133475 0.2798481921875 0.8389189531250001 0.3248481921875 0.8672203843749999 0.35500979843749997 0.8910299078125 0.3551483171875 0.9066410984375001 0.34024066406250003 0.9173240046875 0.27030992343750004 0.8692685812500001 0.24503288437499998 0.8563225796875 0.2629215171875 0.838133475 0.2798481921875
5 0.873236834375 0.245055971875 0.87245135625 0.200055971875 0.832245165625 0.1698251046875 0.801022784375 0.1996404125 0.8018955375000001 0.24964041250000002 0.854006490625 0.27994053750000003 0.873236834375 0.245055971875
5 0.769369575 0.6594095453125 0.8094012156250001 0.6796404125 0.840798146875 0.6598251046875 0.843806371875 0.6048481921875 0.79954465 0.5695942390625001 0.7680604453125001 0.5844095453125 0.7646158437499999 0.614386459375 0.769369575 0.6594095453125
5 0.24316275312500002 0.7463390249999999 0.27094053125 0.74650063125 0.294313678125 0.72163915 0.3053456875 0.6717084109375 0.2453855015625 0.6463621109375 0.21813137500000002 0.6762005046875 0.21882957812499998 0.7162005046875 0.24316275312500002 0.7463390249999999
5 0.18372621875 0.7509927249999999 0.184686246875 0.805992725 0.208932146875 0.8311312453124999 0.236709925 0.8312928515625 0.26017034843750003 0.8114313703124999 0.27085325625 0.74150063125 0.214337671875 0.6861774171875 0.2109803453125 0.72115433125 0.18372621875 0.7509927249999999
5 0.1515438109375 0.7258080312499999 0.1876944734375 0.7510158109375 0.2072739171875 0.7361312453125 0.22218690468750002 0.6812235906249999 0.22175052812499998 0.656223590625 0.19353637343750002 0.6310619843749999 0.1347107671875 0.6707156859375 0.1515438109375 0.7258080312499999
5 0.8766461187499999 0.8950097984375001 0.8801779968749999 0.870032884375 0.847210109375 0.7998481921875 0.8041702421875 0.8345942390625 0.8049557203125 0.8795942390624999 0.853098421875 0.909871278125 0.8766461187499999 0.8950097984375001
5 0.8128922281250001 0.8796404125 0.8161622812499999 0.8396634984375 0.76793230625 0.804386459375 0.7368844765625 0.844201765625 0.7375826796875 0.8842017656250001 0.7857253796875 0.91447880625 0.8128922281250001 0.8796404125