5 0.8389402296874999 0.469739759375 0.830856640625 0.42963008125 0.8074191390625 0.4304485359375 0.7863423984375 0.46375871562500004 0.8110958203124999 0.4993773703125 0.8389402296874999 0.469739759375
5 0.84229630625 0.6129488875 0.80827791875 0.5489885078125 0.77212235 0.5515540515625 0.7778886984375 0.6125921187500001 0.8243540640625 0.6344229078125 0.84229630625 0.6129488875
5 0.8675959046875 0.6172772734375 0.8491530015625001 0.6674340421875 0.8741795109374999 0.6874075625 0.9126068078125 0.66652115 0.93377458125 0.627995928125 0.8949851671875001 0.6137148828125001 0.8999837656249999 0.5509979328125 0.8586970515625 0.5120477328125 0.8451597203125001 0.5607302296875 0.8675959046875 0.6172772734375
5 0.6339471343749999 0.639769096875 0.5972929031249999 0.6149897625 0.57667130625 0.622224715625 0.5807576140624999 0.6676858484375 0.630175428125 0.688110575 0.6339471343749999 0.639769096875
5 0.97802573125 0.32937426406250003 0.9321955671875 0.32706579062499996 0.923789378125 0.41726403124999994 0.9455448421874999 0.4568962765625 0.9718892703125 0.45727927656249995 0.97802573125 0.32937426406250003
5 0.878101753125 0.239050090625 0.8980426312500001 0.21490034374999997 0.8823286031249999 0.1646333921875 0.8535759031250001 0.1903938234375 0.878101753125 0.239050090625
5 0.7071370390625 0.19290164999999998 0.70609420625 0.14081939999999998 0.6663509875 0.1252686984375 0.6743435468750001 0.17059342187499998 0.7071370390625 0.19290164999999998
5 0.67343725625 0.1106886109375 0.6536349140625 0.0709881609375 0.6152986484375 0.0866595234375 0.6126172921874999 0.1284480890625 0.635690678125 0.14848981249999998 0.67343725625 0.1106886109375
5 0.7063137828125 0.35189232187499997 0.736018290625 0.3834291796875 0.7778511781249999 0.3910891109375 0.7783518375 0.36240636249999997 0.73529405625 0.3130942765625 0.7048158015625 0.32588529843749997 0.7063137828125 0.35189232187499997
5 0.7052254312499999 0.3024175984375 0.7254393984374999 0.2626227109375 0.7136771328125 0.20961183125 0.6591716921875 0.20109146562500002 0.6185636999999999 0.2350836921875 0.6230596390625001 0.257077125 0.671842246875 0.2579795296875 0.6741574890625001 0.293078778125 0.7052254312499999 0.3024175984375
5 0.6608002187500001 0.38735882187500004 0.6168321484375 0.390197184375 0.6075651859375 0.41788309375 0.62950270625 0.4470852515625 0.6830543453125 0.454335946875 0.6970903328125 0.43299833593750003 0.6841922078125 0.3891478859375 0.7005909531250001 0.34427436875 0.661257365625 0.305255959375 0.6325501796874999 0.32840886875 0.6608002187500001 0.38735882187500004
5 0.5909388671875 0.47579422656250003 0.6057941203125 0.40752120625000005 0.5665060468750001 0.3658952828125 0.548925921875 0.422536753125 0.5909388671875 0.47579422656250003
5 0.47375336562500003 0.42385886875 0.47525334687500004 0.3938382609375 0.452225475 0.3711890109375 0.502508065625 0.3420708078125 0.5116820015625 0.3756275796875 0.5428864875 0.377143825 0.5489754312499999 0.30787396875 0.51881578125 0.30241233125 0.5065963734375 0.33150430625 0.4955603421875 0.2928006984375 0.45813236562500004 0.3123492421875 0.44100738437500003 0.342915490625 0.44541229375 0.37012396875000003 0.389224815625 0.40205430625 0.4296942671875 0.4319122828125 0.47375336562500003 0.42385886875
5 0.5656392703125 0.4714658390625 0.5392948421875 0.47108283906250004 0.516358 0.443218546875 0.43995855468749995 0.45891614062499997 0.4248322125 0.48680666562499997 0.42991784062500005 0.530929934375 0.46452791875 0.560992521875 0.48397013906249997 0.5094978875 0.5282548109375 0.544434496875 0.5577337421874999 0.5329813390625 0.5707704125 0.5129815859375 0.5656392703125 0.4714658390625
5 0.3895869328125 0.437221759375 0.3663314890625 0.4276101234375 0.35492934531250003 0.46579432499999995 0.3698261140625 0.5069690484375 0.33848508437499997 0.5132753703125 0.3395734328125 0.56275009375 0.40148174531249997 0.5944653390625 0.41760740468749996 0.5652369546875 0.3910374 0.5218639375 0.41656457031249994 0.5131547046875 0.41311346406249994 0.4872158921875 0.3895869328125 0.437221759375
5 0.1290930765625 0.48801333593749996 0.11964405625 0.526129334375 0.149983765625 0.577188509375 0.1758295359375 0.550226628125 0.17424052343750002 0.5294346515624999 0.150622965625 0.48465556093749995 0.1290930765625 0.48801333593749996
5 0.177871690625 0.60097100625 0.1751428203125 0.701394728125 0.20621076249999998 0.7107335453125 0.22606061562500002 0.691798840625 0.2209749859375 0.6476755734374999 0.2013091890625 0.6001525515624999 0.177871690625 0.60097100625
5 0.2438743046875 0.45403685625 0.212262190625 0.41996068124999997 0.17510730000000002 0.42386408906249995 0.156120225 0.449283496875 0.1555285375 0.483181290625 0.174923240625 0.49032181250000006 0.21307745156250002 0.4850805375 0.2438743046875 0.45403685625
5 0.3745636140625 0.12373143906249999 0.383646521875 0.1625032578125 0.43174641718749995 0.2025185015625 0.4401506046875 0.168347890625 0.41771442499999994 0.11180085 0.3875547703125 0.1063392125 0.3745636140625 0.12373143906249999
5 0 0.2464822125 0.03112621875 0.28556569375 0.071005984375 0.293293828125 0.05097806875000001 0.2106033578125 0.0188197796875 0.20781745156250003 0 0.180367315625 0 0.2464822125
5 0.13691557031249998 0.20760235468750002 0.1317389125 0.168694128125 0.1132069828125 0.1680383140625 0.11252626406249999 0.15112351875000002 0.14859080625 0.1537730171875 0.1636716296875 0.12849001875 0.15358940000000001 0.0910560671875 0.11870624062499999 0.07663861718750001 0.09395081562499999 0.0970475921875 0.096084 0.142576928125 0.0221818546875 0.1829436796875 0.0501608078125 0.20151113125000003 0.10321378437499999 0.18141695156249998 0.083635021875 0.24073415312500002 0.10684494687499999 0.2529533046875 0.13691557031249998 0.20760235468750002
5 0.17674781875 0.2739656453125 0.1809706703125 0.3116042109375 0.20731510156250002 0.31198720625 0.2260310875 0.246185303125 0.21208812500000002 0.20628023906249998 0.1912844703125 0.223945284375 0.17674781875 0.2739656453125
5 0.23257717812499998 0.094812584375 0.2343502453125 0.0491468375 0.1884290484375 0.052053409375000005 0.2042341078125 0.0971053140625 0.23257717812499998 0.094812584375
5 0.2611913375 0.1329023546875 0.2528801734375 0.10583028593749999 0.199191996875 0.1064021546875 0.1992810234375 0.15721474375 0.24701880156249997 0.162062534375 0.2611913375 0.1329023546875
5 0.278092740625 0.0033184546875 0.20083051875 0.012531340625000002 0.2053719703125 0.031917253125 0.2422082578125 0.0462664984375 0.2842232046875 0.043496335937500005 0.278092740625 0.0033184546875
5 0.3781097484375 0.0323999453125 0.36775443281250003 0.0106111296875 0.29430743125 0.0249026578125 0.31215664374999996 0.0646713125 0.3580323234375 0.06437226562500001 0.3781097484375 0.0323999453125
5 0.09462800625 0 0.073151159375 0.0026573734375 0.0731946734375 0.056077481250000005 0.1139372125 0.07029031875 0.1170415859375 0 0.09462800625 0