2 0.2650256765625 0.5634268890625 0.3100256765625 0.5621175234375 0.33071833906250003 0.5218530421875001 0.3111339359375 0.498625459375 0.2711339359375 0.499789340625 0.2453720078125 0.544167559375 0.2650256765625 0.5634268890625
5 0.312657790625 0.41132387187499997 0.267311459375 0.43247450781249996 0.2566187984375 0.4724480171875 0.3162032015625 0.4945117203125 0.3668958625 0.45337432812499995 0.312657790625 0.41132387187499997
2 0.2775192578125 0.420278775 0.3174499921875 0.4230831484375 0.35321191875 0.378413959375 0.3237660484375 0.3475408390625 0.2737660484375 0.348995690625 0.2530041203125 0.393228425 0.2775192578125 0.420278775
2 0.41316751875 0.3712222515625 0.41432017656250003 0.3131760734375 0.34938944375 0.3110991265625 0.32848898437499996 0.36326836875 0.41316751875 0.3712222515625
2 0.549333015625 0.594816775 0.49426375 0.600385365625 0.49514305312499995 0.66386211875 0.55794769375 0.673890884375 0.5886403546875 0.633335434375 0.549333015625 0.594816775
2 0.4503058703125 0.42626837812499996 0.42429021718750004 0.46156489531249995 0.4456951953125 0.482529271875 0.4812032015625 0.48971071093749996 0.5076621171875 0.46633475312500006 0.5070343953124999 0.4413642359375 0.49223041093750003 0.41497451406249997 0.4503058703125 0.42626837812499996
2 0.7961339359374999 0.4845134 0.8214802656250001 0.46394470468750004 0.8220343953125001 0.43219867343749996 0.8025192578125001 0.4050028359375 0.7525192578125 0.40645768593750004 0.7216187984375 0.45891789843749997 0.7961339359374999 0.4845134
2 0.6680733875 0.37718490312499997 0.6471729265625 0.4293541453125 0.6717573296875 0.4524362421875 0.7167573296875 0.4511268765625 0.74724219375 0.42247618750000004 0.74772705625 0.3946984109375 0.7180733874999999 0.3757300515625 0.6680733875 0.37718490312499997
2 0.6386967828125 0.342343528125 0.6086275156250001 0.34718469375 0.5828655890625 0.3915629125 0.6425192578125001 0.409658359375 0.66821191875 0.3692483953125 0.6386967828125 0.342343528125
2 0.6488224765624999 0.0485472484375 0.5988224765625 0.05000210000000001 0.587381975 0.10820338593750001 0.6375756859374999 0.12026679062500001 0.678268346875 0.07942036875 0.6488224765624999 0.0485472484375
5 0.239553653125 0.8775008921874999 0.23906879062500003 0.9052786703125 0.2635839265625 0.9323290234374999 0.3133068625 0.9467471875 0.3443458546875 0.8863504671875001 0.2998999828125 0.8559138015625001 0.2648999828125 0.8569321984375 0.239553653125 0.8775008921874999
5 0.24557980625 0.532262796875 0.2912724671875 0.4912708921875 0.26189586249999997 0.4564295171875 0.1868958625 0.45861179375 0.1665495328125 0.4790350046875 0.16585687031250002 0.51871754375 0.24557980625 0.532262796875
5 0.42181375781249997 0.1701734453125 0.366952290625 0.163837275 0.34605183125 0.2160065171875 0.400212128125 0.2294892265625 0.43119036250000004 0.2055967609375 0.42181375781249997 0.1701734453125
5 0 0.8848312249999999 0.069207321875 0.9022886578125 0.1148999828125 0.8612967515625 0.080523378125 0.8266008625 0.0155926453125 0.8245239140624999 0 0.8347642171875 0 0.8848312249999999
5 0.7104541125 0.8122379875 0.6654541125 0.8135473531249999 0.6349692499999999 0.8421980421875 0.634553653125 0.8660075656249999 0.6492765890625 0.881444128125 0.719068790625 0.891312096875 0.7448999828125 0.8429656234375 0.72716565625 0.8302287796875 0.7104541125 0.8122379875
5 0.7448307171875 0.8469338765625001 0.7898307171875001 0.8456245109375 0.820523378125 0.8050690609375 0.7910775078125 0.7741959390625001 0.7410775078125 0.7756507906250001 0.7101770484375 0.828111003125 0.7448307171875 0.8469338765625001
5 0.33177016875 0.7478980328125 0.3110775078125 0.7881625125 0.330523378125 0.8193266046875 0.3854541125 0.821694521875 0.42121604062499995 0.7770253312500001 0.40677016874999994 0.74571575625 0.37683943593749997 0.7426204140625 0.33177016875 0.7478980328125
5 0.25098256406249997 0.2227389875 0.2504977015625 0.25051676562499997 0.2750821046875 0.2735988640625 0.32487430625 0.284048775 0.35091329843749997 0.2237975390625 0.3213981609375 0.19689267187499998 0.2813981609375 0.19805655312499998 0.25098256406249997 0.2227389875
5 0.24702155625 0.1633606625 0.19202155625 0.164961 0.166605959375 0.1894979484375 0.166121096875 0.2172757265625 0.1857055 0.24050330937500003 0.2554977015625 0.25037128124999997 0.31146742656250004 0.1932153890625 0.27653669375 0.19026553125 0.24702155625 0.1633606625
5 0.27257568593750003 0.13088720625 0.246952290625 0.1673289171875 0.26160595937500003 0.18673373124999998 0.31632889531249997 0.2010064125 0.3413288953125 0.2002789859375 0.36681375781250003 0.1717737828125 0.32785275 0.11341385468750001 0.27257568593750003 0.13088720625
5 0.09496925 0.8579104375 0.1198999828125 0.8611512671874999 0.1904541125 0.8273684421875 0.156216040625 0.78473604375 0.11121604062499998 0.7860454109375 0.080384846875 0.8345373703125001 0.09496925 0.8579104375
5 0.1110775078125 0.79398191875 0.1510082421875 0.7967862921875 0.18683943593750002 0.7481488484375001 0.14739356406249998 0.717566696875 0.1073935640625 0.718730578125 0.0765623703125 0.7672225375 0.1110775078125 0.79398191875