3 0.8116326718750001 0.543588009375 0.9567975078125001 0.5393641453125 0.9537656312499999 0.0182290109375 0.8086007953125 0.022452875 0.8116326718750001 0.543588009375
3 0.5774238609375 0.5762179703125 0.6639073765625 0.5737015578125 0.66270544375 0.3671069640625 0.5762219281250001 0.3696233765625 0.5774238609375 0.5762179703125
3 0.260373475 0.390383153125 0.7153185296875 0.3771456046875 0.7142996234375001 0.20201046875 0.25935456874999996 0.21524801718750003 0.260373475 0.390383153125
3 0.3762102078125 0.5938314359375 0.4632798046875 0.5912979703125 0.462151775 0.39740607968749997 0.375082178125 0.3999395453125 0.3762102078125 0.5938314359375
3 0.013006071875 0.57623266875 0.088866878125 0.5740253453124999 0.0875853828125 0.353755075 0.0117245765625 0.3559623984375 0.013006071875 0.57623266875
3 0.046036592187499996 0.32485081562499996 0.1440585703125 0.32199866718750003 0.1433274109375 0.1963229921875 0.045305432812500004 0.199175140625 0.046036592187499996 0.32485081562499996
3 0.6352292937499999 0.6632537234375 0.637081565625 0.9816321015625 0.69492039375 0.9799491625 0.693068121875 0.661570784375 0.6352292937499999 0.6632537234375
5 0.390900996875 0.036073795312500004 0.384941015625 0.018951209375 0.3761100328125 0.012001503125 0.3634231015625 0.013811984375 0.3429739765625 0.0244963265625 0.325513228125 0.045183053125 0.27883944375 0.081133121875 0.2701258375 0.09435866875 0.26842423437499996 0.1376481796875 0.27239755468750004 0.1490632375 0.300927471875 0.184266440625 0.31464965 0.1925151640625 0.3283047546875 0.189235175 0.3438459140625 0.174369640625 0.37484439375 0.1302276734375 0.3904190890625 0.1211264921875 0.4127039625 0.09021006875000001 0.414573246875 0.0757423421875 0.4105831578125 0.061445104687499995 0.390900996875 0.036073795312500004
5 0.1460437140625 0.0878797546875 0.1266298421875 0.1086233109375 0.11604694687499999 0.1363165734375 0.11816775625 0.1650815328125 0.1261143984375 0.1879116453125 0.1369320421875 0.200568890625 0.14868432812500001 0.205992265625 0.16626245312500001 0.20548079375 0.18569309375 0.18761941875000002 0.19243680624999998 0.171568528125 0.200031325 0.13387287812499998 0.19599092812500002 0.11092910468749999 0.185156515625 0.0953896875 0.17338746562500001 0.0870841328125 0.1587306421875 0.08606926718749999 0.1460437140625 0.0878797546875
5 0.2465877328125 0.0777475546875 0.2300280890625 0.085436059375 0.21642328437499997 0.097362584375 0.207709678125 0.110588125 0.2038872703125 0.12511268125 0.2061757546875 0.18269943125000002 0.22293661562499997 0.2095970765625 0.2327525421875 0.2179594625 0.26011306093750003 0.22004601875000002 0.285436615625 0.2077785125 0.294150221875 0.194552971875 0.29605304062500004 0.18584960625 0.2881231640625 0.1659016734375 0.2665046453125 0.143469371875 0.2681224109375 0.0857689578125 0.26319767656250004 0.078705584375 0.2465877328125 0.0777475546875
5 0.31135578124999996 0.63365905 0.3210878703125 0.627610540625 0.332672478125 0.6042121265625 0.35889713749999996 0.5789464015625 0.3704482078125 0.5497836265625 0.3703475984375 0.53249055625 0.337777290625 0.474343584375 0.3231037 0.4704465390625 0.310433540625 0.47513920625 0.2890665421875 0.49593958593750004 0.2793009171875 0.4962237359375 0.2715722578125 0.5108619531249999 0.26087198749999996 0.5183799671875 0.25801775781249997 0.53143501875 0.25215838125 0.5316055093750001 0.245381134375 0.5418920421875 0.24551527968750003 0.5649494749999999 0.214567103125 0.617737978125 0.21760578125 0.6363868953125 0.2411271234375 0.65011583125 0.260658371875 0.6495475296875 0.2840287984375 0.6373368546875 0.29576431875 0.6398780515625 0.31135578124999996 0.63365905
5 0.5858452984375 0.638644225 0.5692688921875 0.643450546875 0.5547462109375 0.66549311875 0.5509573390625 0.6857820328125 0.5530446078125 0.7087826359375 0.55897105625 0.7201408578125 0.561008021875 0.7344949265625 0.5698893093749999 0.7500911734375 0.591457521875 0.763876934375 0.605129396875 0.7634791234375 0.6168146125 0.7573737859375 0.6274645750000001 0.7412092359375 0.633189803125 0.7179813125 0.6329885875000001 0.6833951671875 0.61031805 0.6480214765625 0.5946259781250001 0.6369473984375 0.5858452984375 0.638644225
5 0.48126088906250003 0.6258326484375 0.46480185625 0.6508142296874999 0.4590430875 0.6682777953125 0.45921076875000005 0.697099584375 0.4672244859375 0.731458409375 0.4780588953125 0.7469978328125 0.49178107656250003 0.75524655625 0.5093592 0.7547350859375 0.526870253125 0.7426949015625001 0.539456571875 0.7235913390625 0.5430274609375 0.6658340984375 0.5410240328125 0.6572443890625 0.5183702625 0.624752875 0.5046480859375 0.6165041515625 0.4958674078125 0.6182009796875 0.48126088906250003 0.6258326484375
5 0.37385578124999996 0.631840484375 0.36515894375 0.647948209375 0.35948401875 0.6798226671875 0.3596516984375 0.7086444562499999 0.3616551265625 0.7172341671875 0.38233900468750004 0.74690033125 0.40387368281249997 0.754921734375 0.42529098281250005 0.742767884375 0.44371991250000004 0.7206116578125 0.44754232031249996 0.7060871 0.44926069375 0.6656797671875 0.4452370671875 0.645618175 0.43049640624999996 0.6301924109375 0.41480433437500003 0.6191183375 0.3884455328125 0.6213266375 0.37385578124999996 0.631840484375
5 0.8085226859375 0.8036836546874999 0.79206365 0.828665234375 0.7884592265625 0.8806581171874999 0.8052871578125 0.9190844828125 0.8131164249999999 0.9217393406250001 0.84434965625 0.9179478796874999 0.8560348703124999 0.9118425359375 0.868604421875 0.8898567999999999 0.872292690625 0.852274809375 0.8702389546875 0.8350385656249999 0.8643292765625 0.82656251875 0.864278971875 0.817915984375 0.8534445609375 0.8023765624999999 0.83776925625 0.7941846671875 0.8328948281249999 0.795767834375 0.8085226859375 0.8036836546874999