15 0.6679536671874999 0.3917525765625 0.65637065625 0.52061855625 0.6679536671874999 0.546391753125 0.6949806953125 0.5515463921875 0.7374517375 0.5257731953125 0.741312740625 0.4845360828125 0.7297297296874999 0.4381443296875 0.702702703125 0.4226804125 0.702702703125 0.3969072171875 0.6679536671874999 0.3917525765625
15 0.590733590625 0.5927835046875 0.6138996140625 0.5927835046875 0.6447876453125 0.567010309375 0.6486486484375 0.5412371140625 0.625482625 0.536082475 0.610038609375 0.4742268046875 0.590733590625 0.469072165625 0.5714285718750001 0.55670103125 0.590733590625 0.5927835046875
15 0.54440154375 0.5515463921875 0.540540540625 0.6340206187499999 0.55598455625 0.664948453125 0.590733590625 0.6804123718749999 0.610038609375 0.55670103125 0.5791505796875 0.5257731953125 0.54440154375 0.5515463921875
15 0.44401544375 0.6030927828125 0.45559845625 0.4948453609375 0.42471042499999995 0.4742268046875 0.409266409375 0.4948453609375 0.40154440156250004 0.5721649484375 0.44401544375 0.6030927828125
15 0.2393822390625 0.45876288593750003 0.277992278125 0.489690721875 0.28957528906249996 0.38144329843749997 0.2625482625 0.3505154640625 0.2393822390625 0.45876288593750003
15 0.18918918906249999 0.3144329890625 0.1698841703125 0.35567010312499997 0.166023165625 0.43298969062500003 0.2084942078125 0.44329896875 0.22393822343749997 0.3505154640625 0.21235521249999997 0.3144329890625 0.18918918906249999 0.3144329890625
15 0.9111969109375 0.6701030921875 0.9382239374999999 0.6958762890625 0.9420849421874999 0.6391752578125 0.91891891875 0.6082474234374999 0.9111969109375 0.6701030921875
4 0.8253861 0.67311855625 0.880637065625 0.67311855625 0.880637065625 0.5526546390625 0.8253861 0.5526546390625 0.8253861 0.67311855625
4 0.7468918921875 0.67525773125 0.806621621875 0.67525773125 0.806621621875 0.5715463921875 0.7468918921875 0.5715463921875 0.7468918921875 0.67525773125
4 0.44963320468749995 0.808427834375 0.550830115625 0.808427834375 0.550830115625 0.73652061875 0.44963320468749995 0.73652061875 0.44963320468749995 0.808427834375
4 0.1807528953125 0.76329896875 0.2725289578125 0.76329896875 0.2725289578125 0.643711340625 0.1807528953125 0.643711340625 0.1807528953125 0.76329896875
4 0.15372586875 0.5356443296875 0.2709073359375 0.5356443296875 0.2709073359375 0.4322938140625 0.15372586875 0.4322938140625 0.15372586875 0.5356443296875
4 0.3557142859375 0.638711340625 0.460733590625 0.638711340625 0.460733590625 0.5680927828125 0.3557142859375 0.5680927828125 0.3557142859375 0.638711340625
4 0.6812548265625 0.789072165625 0.7374324328124999 0.789072165625 0.7374324328124999 0.69525773125 0.6812548265625 0.69525773125 0.6812548265625 0.789072165625
4 0.8138030890625 0.905051546875 0.8886679531249999 0.905051546875 0.8886679531249999 0.7691752578125 0.8138030890625 0.7691752578125 0.8138030890625 0.905051546875
4 0.5911969109374999 0.7224999999999999 0.6425482625 0.7224999999999999 0.6425482625 0.5990463921875 0.5911969109374999 0.5990463921875 0.5911969109374999 0.7224999999999999