3 0.3256084203125 0 0.1823676609375 0.003333965625 0.165044934375 0.995752265625 0.982544934375 0.9767247421875 0.999593728125 0 0.3256084203125 0
11 0 0.999593728125 0.246376709375 0.993859246875 0.255533203125 0.4692840828125 0 0.475231684375 0 0.999593728125
2 0.2382018 0.60721328125 0.2360729671875 0.729174065625 0.345465490625 0.7266279250000001 0.34759432343749996 0.6046671406249999 0.2382018 0.60721328125
2 0.3621368109375 0.8312299046874999 0.3601243453125 0.9465240218750001 0.44792808281249996 0.9444803671875001 0.4499405484375 0.82918625 0.3621368109375 0.8312299046874999
2 0.1480825890625 0.41677470312500003 0.1458602046875 0.544094965625 0.21688824218749997 0.54244176875 0.21911062656250002 0.41512150625000005 0.1480825890625 0.41677470312500003
3 0.1871902734375 0 0.1703201109375 0.9664910000000001 0.98305375625 0.947574415625 0.999593728125 0 0.1871902734375 0
2 0.1353704625 0.3917540734375 0.133329475 0.508682178125 0.2088902234375 0.5069234812500001 0.21093121093749997 0.3899953765625 0.1353704625 0.3917540734375
2 0.24739930625 0.6141531609374999 0.2457393640625 0.7092512 0.316113196875 0.7076132312500001 0.3177731390625 0.6125151921875001 0.24739930625 0.6141531609374999
2 0.37522217812499997 0.82416338125 0.3729210765625 0.9559934468750001 0.45581827343750003 0.95406399375 0.458119375 0.822233928125 0.37522217812499997 0.82416338125
3 0.012971775 0.07035563593750001 0.0089525453125 0.3006170734375 0.0893263765625 0.2987463515625 0.09334560625 0.0684849140625 0.012971775 0.07035563593750001
3 0.07535960781249999 0.3616603734375 0.0740533296875 0.43649697343750005 0.12709071249999998 0.43526251406250005 0.128396990625 0.3604259140625 0.07535960781249999 0.3616603734375
2 0.8888466421875 0.0426848 0.8868638375 0.156279571875 0.950134865625 0.154806921875 0.9521176703125 0.041212149999999996 0.8888466421875 0.0426848
2 0.9393644218749999 0.22058652968749998 0.9378721859375 0.306076725 0.9862833999999999 0.3049499421875 0.9877756359375001 0.219459746875 0.9393644218749999 0.22058652968749998
2 0.93166995625 0.958439659375 0.982884909375 0.95724761875 0.9842311171875 0.880123434375 0.9330161640625001 0.8813154750000001 0.93166995625 0.958439659375