11 0.2662866453125 0.8211732453125 0.7384364828125001 0.8211732453125 0.7384364828125001 0.336633771875 0.2662866453125 0.336633771875 0.2662866453125 0.8211732453125
11 0.0070684046875 0.939616228125 0.25315960937500004 0.939616228125 0.25315960937500004 0.49012061406249996 0.0070684046875 0.49012061406249996 0.0070684046875 0.939616228125
11 0.3015716609375 0.9235307015625001 0.5397638437500001 0.9235307015625001 0.5397638437500001 0.8044517546875 0.3015716609375 0.8044517546875 0.3015716609375 0.9235307015625001
11 0.7657410421875 0.5067653515625 0.9327605859375 0.5067653515625 0.9327605859375 0.3220065796875 0.7657410421875 0.3220065796875 0.7657410421875 0.5067653515625
11 0.1862052125 0.23768640312499997 0.51262215 0.23768640312499997 0.51262215 0.1575328953125 0.1862052125 0.1575328953125 0.1862052125 0.23768640312499997
11 0 0.1660307015625 0.12179153125 0.1660307015625 0.12179153125 0.1045394734375 0 0.1045394734375 0 0.1660307015625
11 0 0.34298245625 0.07185667812499999 0.34298245625 0.07185667812499999 0.1666666671875 0 0.1666666671875 0 0.34298245625
7 0.15771172656250002 0.1601754390625 0.425773615625 0.1601754390625 0.425773615625 0.0003508765625 0.15771172656250002 0.0003508765625 0.15771172656250002 0.1601754390625
7 1 0.53764254375 0.9299674265625001 0.53764254375 0.9299674265625001 0.999989034375 1 0.999989034375 1 0.53764254375
7 0.8969299671875 1 0.8969299671875 0.857456140625 0.5906596093750001 0.857456140625 0.5906596093750001 1 0.8969299671875 1
7 0.0464169375 0.46436403437499996 0.1782410421875 0.46436403437499996 0.1782410421875 0.1538815796875 0.0464169375 0.1538815796875 0.0464169375 0.46436403437499996