2 0.47536945781249995 0.22872340468750002 0.4876847296875 0.20744680781249997 0.49014778281250004 0.1356382984375 0.450738915625 0.10106382968750001 0.399014778125 0.09574468124999999 0.3522167484375 0.140957446875 0.362068965625 0.22074468125000002 0.399014778125 0.2446808515625 0.4458128078125 0.24734042500000003 0.47536945781249995 0.22872340468750002
2 0.384236453125 0.3643617015625 0.41625615781249997 0.3218085109375 0.4088669953125 0.265957446875 0.3596059109375 0.231382978125 0.33743842343749997 0.22872340468750002 0.295566503125 0.25 0.27832512343750004 0.2765957453125 0.2807881765625 0.3484042546875 0.32758620625 0.3829787234375 0.384236453125 0.3643617015625
2 0.28325123125 0.515957446875 0.3226600984375 0.497340425 0.33743842343749997 0.47872340468749996 0.34236453125 0.40691489374999995 0.31773399062499996 0.3643617015625 0.29064039375 0.3484042546875 0.2635467984375 0.3484042546875 0.197044334375 0.39361702187500003 0.19458128125000002 0.4414893609375 0.2068965515625 0.48138297812499997 0.2266009859375 0.502659575 0.28325123125 0.515957446875
2 0 0.625 0.0369458125 0.6356382984375 0.0837438421875 0.627659575 0.1133004921875 0.5984042546875 0.108374384375 0.5265957453125 0.0665024625 0.484042553125 0.02955665 0.48138297812499997 0 0.4946808515625 0 0.625
2 0.4187192125 0.8085106390625001 0.47044335000000004 0.7606382984375 0.47783251250000003 0.7074468078125 0.450738915625 0.65691489375 0.399014778125 0.643617021875 0.3497536953125 0.6675531921875 0.33743842343749997 0.7234042546875 0.34482758593749996 0.7579787234375 0.3645320203125 0.78457446875 0.4187192125 0.8085106390625001
2 0.6403940890625 0.6648936171875001 0.6921182265625 0.6303191484374999 0.697044334375 0.5824468078125 0.6896551718749999 0.5531914890625 0.6699507390624999 0.52925531875 0.615763546875 0.518617021875 0.5665024625 0.5505319156249999 0.5591133 0.5984042546875 0.5763546796875 0.640957446875 0.6059113296875 0.6622340421875 0.6403940890625 0.6648936171875001
2 0.75369458125 0.7712765953125 0.76108374375 0.71808510625 0.7290640390625 0.6675531921875 0.6748768468749999 0.65425531875 0.6354679796875 0.672872340625 0.6206896546875 0.734042553125 0.645320196875 0.7872340421875 0.70197044375 0.8031914890625 0.75369458125 0.7712765953125
16 0.9802955671875001 0.361702128125 0.9778325125 0.3484042546875 0.9581280781249999 0.3484042546875 0.906403940625 0.35638297812499997 0.884236453125 0.38031914843750003 0.9039408859375 0.39361702187500003 0.9507389156249999 0.390957446875 0.9802955671875001 0.361702128125
2 0.9384236453125 0.4015957453125 0.9827586203124999 0.3670212765625 0.9950738921875001 0.3164893609375 0.9581280781249999 0.263297871875 0.9113300499999999 0.25 0.862068965625 0.28457446875 0.8571428578125 0.359042553125 0.8719211828125 0.388297871875 0.891625615625 0.3989361703125 0.9384236453125 0.4015957453125
2 0.70197044375 0.079787234375 0.7142857140625 0.0372340421875 0.7093596062499999 0.013297871875 0.6133004921875 0.0053191484375 0.5812807875 0.0106382984375 0.5812807875 0.0558510640625 0.6108374390625 0.09308510625000001 0.6477832515624999 0.111702128125 0.70197044375 0.079787234375
16 0.38177339843749997 0.35638297812499997 0.3891625609375 0.3484042546875 0.369458128125 0.3138297875 0.339901478125 0.3058510640625 0.32019704375 0.3164893609375 0.31773399062499996 0.329787234375 0.3522167484375 0.3670212765625 0.3669950734375 0.3510638296875 0.38177339843749997 0.35638297812499997
16 0.3004926109375 0.4388297875 0.24876847343750003 0.449468084375 0.2364532015625 0.46808510625000005 0.2660098515625 0.47606382968750005 0.3078817734375 0.4441489359375 0.3004926109375 0.4388297875