4 0.5409865375 0.8186827062500001 0.5434800156249999 0.6758313828125 0.24566431562500002 0.6688996453125 0.2431708375 0.81175096875 0.5409865375 0.8186827062500001
4 0.412261834375 0.6741321765625 0.41589469218749997 0.466005903125 0.21691858281249998 0.46137468281249994 0.21328572499999998 0.6695009562500001 0.412261834375 0.6741321765625
4 0.6484226828125 0.5681070109374999 0.6501653453125 0.46826994375000003 0.4199605671875 0.46291186875 0.41821790468750003 0.5627489359375 0.6484226828125 0.5681070109374999
4 0.7337745015625 0.8188911734375001 0.736026240625 0.6898891375 0.6083470609375 0.686917371875 0.606095321875 0.8159194078124999 0.7337745015625 0.8188911734375001
4 0.9754869890625001 0.7762490203125 0.9773007515625001 0.6723386328125 0.788358771875 0.667940959375 0.7865450093749999 0.771851346875 0.9754869890625001 0.7762490203125
4 0.402561921875 1 0.40377442500000005 0.93053578125 0.23575394843750003 0.9266250609375 0.23447318281250001 1 0.402561921875 1
4 0 0.5497955765625 0.2135471109375 0.5547659406250001 0.21519165468749998 0.4605500546875 0 0.45554141406250004 0 0.5497955765625
4 0.40854195625 0.3512770421875 0.4097755421875 0.28060494375 0.27045813750000003 0.2773622953125 0.26922455156249997 0.34803439375 0.40854195625 0.3512770421875
4 0.300126434375 0.2726127421875 0.3020240953125 0.1638958375 0.14492511875 0.1602393171875 0.14302745781249998 0.268956221875 0.300126434375 0.2726127421875
4 0.4352214734375 0.2028252546875 0.436404221875 0.13506558125 0.303537328125 0.1319730703125 0.3023545796875 0.19973274375 0.4352214734375 0.2028252546875
4 0.6394205859375 0.3180302296875 0.642446959375 0.1446493734375 0.5298189734375 0.142027928125 0.5267926 0.31540878437500003 0.6394205859375 0.3180302296875
4 0.8889093890625 0.367806121875 0.8903758281249999 0.28379390312499997 0.755597671875 0.28065690625 0.7541312328124999 0.364669125 0.8889093890625 0.367806121875
4 0.8602083578125 0.4658034203125 0.9922220093749999 0.468876071875 0.994601728125 0.3325420609375 0.8625880765625 0.329469409375 0.8602083578125 0.4658034203125
4 0.9815065468749999 0.27881434843749997 0.983222190625 0.18052514375 0.8005600734374999 0.1762736359375 0.7988444296874999 0.27456284062499997 0.9815065468749999 0.27881434843749997
4 0.8737635640624999 0.08435492343749999 0.8748805453124999 0.020363070312500002 0.6883276453125 0.016021003125 0.6872106640625 0.08001285625 0.8737635640624999 0.08435492343749999
2 0 0.9798174609375 0.23546389531249998 0.98529794375 0.24174096406249998 0.625684909375 0 0.6200583265625 0 0.9798174609375
2 0.48148080000000004 0.9288297515625 0.4831751140625 0.8317625421875 0.2321512234375 0.8259198968750001 0.23045690937500002 0.9229871062499999 0.48148080000000004 0.9288297515625
2 0.652936640625 1 0.657336196875 0.7479495453125 0.4977116234375 0.7442342421875 0.493247215625 1 0.652936640625 1
2 0.835007165625 1 0.8375910093750001 0.8519717124999999 0.6594340125 0.8478250624999999 0.6567777890625 1 0.835007165625 1
2 0.6999906109375 0.6818988171875 0.702137121875 0.55892529375 0.40043063749999996 0.5519029984375 0.3982841265625 0.674876521875 0.6999906109375 0.6818988171875
2 0.7921558359375 0.61863045625 0.7960176359375 0.39738809375 0.6530142234375 0.394059653125 0.6491524234375 0.615302015625 0.7921558359375 0.61863045625
2 0 0.36534184999999997 0.164547025 0.369171725 0.16778065625 0.1839171421875 0 0.1800120046875 0 0.36534184999999997
2 0.3490517328125 0.30698290781250004 0.3502056859375 0.240872928125 0.154369509375 0.236314790625 0.15321555625 0.3024247703125 0.3490517328125 0.30698290781250004
2 0.411497521875 0.10468761875000002 0.413156996875 0.0096163359375 0.018310579687500002 0.00042618281250000005 0.0166511046875 0.095497465625 0.411497521875 0.10468761875000002
2 0.584422240625 0.1709271609375 0.5871670578125 0.0136766515625 0.42430016249999997 0.0098858828125 0.42155534531249994 0.1671363921875 0.584422240625 0.1709271609375
2 0.656789634375 0.1758103859375 0.9971991906250001 0.18373350625 0.9993673875000001 0.0595176203125 0.65895783125 0.0515945 0.656789634375 0.1758103859375
2 0.7696655812500001 0.37254901875 0.772670625 0.20039015937500002 0.6079265984375 0.1965557 0.6049215546875 0.368714559375 0.7696655812500001 0.37254901875
2 0.4479311015625 0.4722935234375 0.44944873281250003 0.38534851406250004 0.2812234765625 0.381433028125 0.2797058453125 0.46837803750000007 0.4479311015625 0.4722935234375
2 0.981140353125 0.6841639265625 0.9842851078124999 0.50400099375 0.782339715625 0.49930066249999994 0.7791949609375 0.6794635953125 0.981140353125 0.6841639265625