3 0.29028125 0.9794609375000001 0.40818750000000004 0.9794609375000001 0.40818750000000004 0.6600703125 0.29028125 0.6600703125 0.29028125 0.9794609375000001
3 0.5291796875 0.9989062499999999 0.6303515625 0.9989062499999999 0.6303515625 0.5222187500000001 0.5291796875 0.5222187500000001 0.5291796875 0.9989062499999999
3 0.042015625 0.8766562499999999 0.129078125 0.8766562499999999 0.129078125 0.7190937500000001 0.042015625 0.7190937500000001 0.042015625 0.8766562499999999
3 0.10971875 0.9850234375 0.2165625 0.9850234375 0.2165625 0.8388828125 0.10971875 0.8388828125 0.10971875 0.9850234375
3 0.029859375 0.3723671875 0.151296875 0.3723671875 0.151296875 0.2104140625 0.029859375 0.2104140625 0.029859375 0.3723671875
3 0.1496484375 0.469609375 0.23322656249999998 0.469609375 0.23322656249999998 0.307640625 0.1496484375 0.307640625 0.1496484375 0.469609375
3 0.748609375 0.33346875 0.845578125 0.33346875 0.845578125 0.19653125 0.748609375 0.19653125 0.748609375 0.33346875
3 0.845828125 0.629375 0.948328125 0.629375 0.948328125 0.4881875 0.845828125 0.4881875 0.845828125 0.629375
3 0.33195312499999996 0.1750859375 0.448453125 0.1750859375 0.448453125 0.0107578125 0.33195312499999996 0.0107578125 0.33195312499999996 0.1750859375
2 0.490625 0.4140625 0.51875 0.409375 0.540625 0.36875 0.5296875 0.3296875 0.521875 0.321875 0.503125 0.31875 0.45625 0.325 0.4453125 0.340625 0.45625 0.3921875 0.475 0.409375 0.490625 0.4140625
2 0.50625 0.2359375 0.528125 0.2265625 0.5421875 0.20625 0.55 0.171875 0.5484375 0.128125 0.525 0.084375 0.5078125 0.075 0.478125 0.071875 0.465625 0.0859375 0.4515625 0.1828125 0.4703125 0.225 0.4890625 0.2359375 0.50625 0.2359375
2 0.621875 0.3234375 0.6359375 0.2921875 0.6234375 0.2578125 0.6109375 0.2484375 0.5640625 0.246875 0.55 0.2640625 0.5515625 0.290625 0.5625 0.31875 0.5921875 0.3296875 0.621875 0.3234375
2 0.7203125 0.25 0.7421875 0.2234375 0.7421875 0.18125 0.734375 0.1796875 0.73125 0.165625 0.7140625 0.1546875 0.678125 0.1515625 0.6578125 0.159375 0.65 0.1734375 0.6609375 0.2265625 0.6859375 0.2484375 0.7203125 0.25
2 0.8328125 0.165625 0.8359375 0.13125 0.8203125 0.0828125 0.7703125 0.0828125 0.7578125 0.0765625 0.746875 0.103125 0.7609375 0.1578125 0.784375 0.178125 0.8234375 0.1796875 0.8328125 0.165625
2 0.9140625 0.2953125 0.9265625 0.28125 0.9265625 0.2546875 0.909375 0.203125 0.89375 0.1984375 0.86875 0.203125 0.853125 0.2140625 0.8546875 0.25 0.875 0.290625 0.9140625 0.2953125
2 0.5875 0.50625 0.6015625 0.50625 0.6140625 0.5 0.63125 0.478125 0.634375 0.4140625 0.6109375 0.38125 0.609375 0.3640625 0.590625 0.353125 0.5765625 0.353125 0.5578125 0.3734375 0.54375 0.40625 0.5375 0.459375 0.553125 0.490625 0.5875 0.50625
2 0.50625 0.5765625 0.5265625 0.5578125 0.534375 0.534375 0.5328125 0.50625 0.5078125 0.471875 0.4578125 0.4671875 0.434375 0.490625 0.434375 0.51875 0.4453125 0.55625 0.4703125 0.5796875 0.50625 0.5765625
2 0.43125 0.740625 0.4515625 0.765625 0.490625 0.7703125 0.5078125 0.7609375 0.528125 0.721875 0.53125 0.6640625 0.5125 0.6078125 0.49375 0.59375 0.4671875 0.5921875 0.45 0.6015625 0.440625 0.6203125 0.421875 0.66875 0.4203125 0.7078125 0.43125 0.740625
2 0.4390625 0.925 0.465625 0.9375 0.490625 0.940625 0.509375 0.9265625 0.5234375 0.890625 0.5203125 0.821875 0.5046875 0.8015625 0.453125 0.79375 0.4265625 0.825 0.415625 0.85 0.415625 0.871875 0.428125 0.9109375 0.4390625 0.925
2 0.6421875 0.7578125 0.65625 0.775 0.690625 0.7765625 0.71875 0.75625 0.725 0.725 0.7046875 0.6796875 0.6765625 0.6578125 0.6828125 0.6453125 0.66875 0.640625 0.6578125 0.6421875 0.65625 0.659375 0.6328125 0.678125 0.6265625 0.715625 0.6421875 0.7578125
2 0.81875 0.7078125 0.8328125 0.6734375 0.840625 0.6453125 0.8390625 0.625 0.79375 0.5984375 0.7515625 0.5875 0.71875 0.6203125 0.7421875 0.7140625 0.7453125 0.71875 0.809375 0.715625 0.81875 0.7078125
2 0.6484375 0.590625 0.6640625 0.609375 0.709375 0.615625 0.7234375 0.6046875 0.7328125 0.584375 0.740625 0.5234375 0.709375 0.4515625 0.659375 0.4453125 0.6484375 0.45625 0.6421875 0.475 0.6328125 0.525 0.6359375 0.5609375 0.6484375 0.590625
2 0.84375 0.409375 0.8578125 0.4515625 0.9015625 0.459375 0.9140625 0.453125 0.9203125 0.4375 0.903125 0.359375 0.8869101296874999 0.36824920156249996 0.8814573796875 0.3638847796875 0.8770951640625 0.3638847796875 0.8640085984375 0.3638847796875 0.8531031 0.3562470609375 0.8487408828125 0.3638847796875 0.8484375 0.3546875 0.840625 0.3703125 0.84375 0.409375
2 0.2109375 0.3015625 0.234375 0.2921875 0.24375 0.2796875 0.2546875 0.2421875 0.253125 0.2109375 0.2328125 0.1625 0.2078125 0.1515625 0.175 0.1640625 0.1515625 0.228125 0.1578125 0.2734375 0.1796875 0.3046875 0.2109375 0.3015625
2 0.2640625 0.2140625 0.28125 0.2265625 0.3078125 0.228125 0.328125 0.221875 0.340625 0.203125 0.3515625 0.1703125 0.35 0.1234375 0.3296875 0.0671875 0.290625 0.059375 0.278125 0.0625 0.2703125 0.075 0.2484375 0.115625 0.246875 0.1328125 0.2640625 0.2140625
2 0.2421875 0.1203125 0.2578125 0.084375 0.259375 0.0625 0.240625 0.0390625 0.1875 0.0390625 0.171875 0.0671875 0.165625 0.115625 0.178125 0.1359375 0.203125 0.1375 0.2421875 0.1203125
2 0 0.59375 0.0140625 0.6078125 0.0390625 0.5796875 0.0453125 0.559375 0.04375 0.5359375 0.0390625 0.525 0.0265625 0.5171875 0 0.515625 0 0.59375
2 0.89375 0.8140625 0.909375 0.8015625 0.9203125 0.771875 0.925 0.7203125 0.9 0.6515625 0.8859375 0.640625 0.8609375 0.6390625 0.84375 0.6546875 0.815625 0.703125 0.8171875 0.746875 0.8359375 0.8109375 0.89375 0.8140625
2 0.925 0.11875 0.934375 0.10625 0.9375 0.0875 0.9171875 0.034375 0.9046875 0.0265625 0.8734375 0.021875 0.85625 0.0375 0.8578125 0.065625 0.8703125 0.1 0.8875 0.1125 0.925 0.11875
2 0.459375 0 0.4671875 0.0265625 0.4921875 0.0640625 0.5140625 0.06875 0.5359375 0.05625 0.5484375 0.0265625 0.546875 0 0.459375 0
2 0.6875 0.434375 0.7109375 0.434375 0.728125 0.421875 0.7359375 0.4015625 0.7390625 0.3390625 0.734375 0.3234375 0.7078125 0.2890625 0.6828125 0.2828125 0.6703125 0.290625 0.6453125 0.3265625 0.6421875 0.384375 0.65625 0.421875 0.6875 0.434375