4 0.7132776 0.32024297968750004 0.25093785625 0.32293279375 0.2540815703125 0.5931028609375 0.7164213140625 0.590413046875 0.7132776 0.32024297968750004
4 0.805749253125 0.147856628125 0.6712620734375 0.14863905156249999 0.672921596875 0.2912580984375 0.8074087765625 0.29047567500000004 0.805749253125 0.147856628125
4 0.5962491375 0.1204170609375 0.46586452187500005 0.1211756171875 0.467324175 0.24661779374999998 0.597708790625 0.2458592375 0.5962491375 0.1204170609375
3 1 0.3137235390625 0.999743975 0.29172080624999996 0.717500384375 0.2933628515625 0.7217732703124999 0.6605737359375 1 0.658955059375 1 0.3137235390625
3 0.5004312609375 0.6580857015625 0.5043764375 0.9971333203125001 0.736331565625 0.9957838453125 0.7323863890625 0.6567362265625001 0.5004312609375 0.6580857015625
3 1 0.8968453140625 0.720502725 0.89847138125 0.72163585625 0.9958523343750001 1 0.994232859375 1 0.8968453140625
4 0.358361865625 0.8432954671875 0.2570157125 0.8438850812500001 0.2583316953125 0.95698031875 0.3596778484375 0.9563907046875 0.358361865625 0.8432954671875
19 0 0 0.0030673265625 0.2636054421875 0.3414647625 0.261636703125 0.33842034375 0 0 0
20 0.209944521875 0.269477175 0.0031496499999999995 0.270680271875 0.008134946875 0.6991156468749999 0.21492981875 0.6979125500000001 0.209944521875 0.269477175
20 0.561592503125 0 0.5632049078125 0.13856970625 0.9388779843749999 0.1363841046875 0.9372910109375001 0 0.561592503125 0
20 1 0.1574755375 0.8090313734375 0.158586559375 0.8105824500000001 0.2918858796875 1 0.29078388125 1 0.1574755375
20 1 0.6515906171875 0.7405818140625 0.6530998671875 0.7438513875 0.9340862624999999 1 0.9325960343749999 1 0.6515906171875
20 0.43616641874999995 0.7175112 0.279820265625 0.7184207953125 0.28161079375 0.872298346875 0.437956946875 0.8713887515625001 0.43616641874999995 0.7175112
20 0.4422929953125 0.88041175625 0.443655284375 0.9974865859375001 0.5895527203125 0.9966377796874999 0.5881904312499999 0.8795629500000001 0.4422929953125 0.88041175625
20 0.45871049687500004 0.5503789421875 0.289159215625 0.5513653625 0.2911234921875 0.7201748859375 0.4606747734375 0.719188465625 0.45871049687500004 0.5503789421875
20 0.260284896875 0.8259566859374999 0.1744836140625 0.8264558624999999 0.1764411625 0.9946871546875 0.26224244531249996 0.994187978125 0.260284896875 0.8259566859374999
20 0.297939578125 0.4354731046875 0.217170346875 0.43594300625000004 0.2191183953125 0.6033579734375001 0.2998876265625 0.602888071875 0.297939578125 0.4354731046875
20 0.7148604171875 0.18355785156249999 0.5396360578125 0.184577278125 0.541122228125 0.31229836718750004 0.7163465875 0.311278940625 0.7148604171875 0.18355785156249999
20 0.4912334140625 0.0852432890625 0.3520987984375 0.08605275 0.3534412984375 0.20142690000000002 0.4925759140625 0.2006174390625 0.4912334140625 0.0852432890625
20 0.3276737578125 0.0915353484375 0.22533401406250003 0.09213074375 0.2270643828125 0.24083822812500003 0.3294041265625 0.2402428328125 0.3276737578125 0.0915353484375