12 0.4621143609375 0.563375375 0.5675664890625 0.5609209500000001 0.5675664890625 0.229821659375 0.4621143609375 0.23227608437499997 0.4621143609375 0.563375375
20 0.62058510625 0.8008039484375 0.8175531921875001 0.7962194640625 0.8175531921875001 0.651042159375 0.62058510625 0.65562664375 0.62058510625 0.8008039484375
20 0.36425531875 0.840458034375 0.5343085109375 0.8365000015625 0.5343085109375 0.57962056875 0.36425531875 0.5835786015625 0.36425531875 0.840458034375
20 0.316382978125 0.6022105734375 0.4890957453125 0.5981906390625 0.4890957453125 0.28840340468750003 0.316382978125 0.2924233390625 0.316382978125 0.6022105734375
20 0.1961835109375 0.5535720765625001 0.3055718078125 0.5510260359375 0.3055718078125 0.44304731249999996 0.1961835109375 0.44559335312500004 0.1961835109375 0.5535720765625001
20 0.21852393593750002 0.34383223749999997 0.3906781921875 0.339825303125 0.3906781921875 0.20553452343749998 0.21852393593750002 0.20954145781250003 0.21852393593750002 0.34383223749999997
20 0.11542553124999999 0.608767340625 0.19670212812500001 0.6068756078125 0.19670212812500001 0.36694653125 0.11542553124999999 0.3688382640625 0.11542553124999999 0.608767340625
20 0 0.45526595781249996 0.150159575 0.45177095468750006 0.150159575 0.3001042875 0 0.303599290625 0 0.45526595781249996
20 0.0358033734375 0 0 0.0008333328124999999 0 0.2670390078125 0.27930851093750003 0.2605380296875 0.27930851093750003 0 0.0358033734375 0
20 0.2361968078125 0 0.2361968078125 0.1596797625 0.42300531875 0.155331746875 0.42300531875 0 0.2361968078125 0
20 0.8319281921874999 0.7247855921874999 0.9941888296875 0.721008934375 0.9941888296875 0.561150778125 0.8319281921874999 0.5649274359375 0.8319281921874999 0.7247855921874999
20 0.5853989359375 0.648750575 0.8286436171875 0.6430889921875 0.8286436171875 0.3114577875 0.5853989359375 0.31711937031250004 0.5853989359375 0.648750575
20 0.52136968125 0 0.52136968125 0.3834678234375 0.934162234375 0.37385997031249996 0.934162234375 0 0.52136968125 0
19 1 0.36184885625 0.8705851062500001 0.3648610203125 0.8705851062500001 0.45780428281249996 1 0.45479211875000003 1 0.36184885625
19 0.38894946875 0.1803797234375 0.555784575 0.17649659374999999 0.555784575 0.048056878125 0.38894946875 0.0519400078125 0.38894946875 0.1803797234375
19 0.4006117015625 0.26014374375 0.46667553125000005 0.258606090625 0.46667553125000005 0.174350771875 0.4006117015625 0.175888425 0.4006117015625 0.26014374375
19 0.1459707453125 0.3800776703125 0.22472074531250003 0.37824474375 0.22472074531250003 0.26150715625 0.1459707453125 0.2633400828125 0.1459707453125 0.3800776703125
19 0.8676462765625 0.2953549546875 0.9286835109375 0.293934296875 0.9286835109375 0.22567188593749998 0.8676462765625 0.22709254375 0.8676462765625 0.2953549546875