2 0.42281879218749996 0.51822820625 0.42449664374999996 0.5575605343750001 0.4563758390625 0.61505995625 0.528523490625 0.6304241453125 0.5503355703125 0.6209110796874999 0.57550335625 0.5905256343749999 0.57550335625 0.5511737828125 0.60738255 0.4767287609375 0.6107382546875 0.43270823125 0.6057046984375 0.421192728125 0.588926175 0.4144435203125 0.5184563765625 0.41526351093749997 0.4966442953125 0.3946839828125 0.4563758390625 0.40209699375 0.4429530203125 0.41614207187499996 0.4345637578125 0.44170265156250005 0.42281879218749996 0.51822820625
16 0.5771812078125 0.44698759218750006 0.5771812078125 0.4238394453125 0.568791946875 0.41699261718749997 0.5268456375 0.4221103359375 0.5318791953125 0.44982954375000006 0.5587248328125 0.4703505 0.5771812078125 0.44698759218750006
2 0.70973154375 0.6260007859375001 0.751677853125 0.5722719546875 0.75 0.509791478125 0.7147650999999999 0.45696073281249994 0.6526845640625 0.4507386609375 0.6375838921875 0.45554400156249997 0.6291946312500001 0.469530509375 0.6291946312500001 0.49267865781250003 0.6040268453125 0.5786196593749999 0.60234899375 0.6156762203125 0.6174496640625 0.6317042125000001 0.662751678125 0.6358067046875 0.70973154375 0.6260007859375001
2 0.39765100625 0.31713217031249996 0.385906040625 0.2987503171875 0.36912751718750003 0.2943159234375 0.2802013421875 0.3115543765625 0.251677853125 0.3489233140625 0.2600671140625 0.40901088281250003 0.29865771875 0.49652480312499997 0.3473154359375 0.5098475078125 0.3875838921875 0.4630826453125 0.417785234375 0.4002312203125 0.39765100625 0.31713217031249996
2 0.5083892624999999 0.33204731718749997 0.5906040265625 0.28710918125 0.541946309375 0.2020272171875 0.5369127515625001 0.16736356562500002 0.5234899328125 0.1420567921875 0.498322146875 0.1330903859375 0.4546979859375 0.1359128125 0.42953020156250005 0.15472418593749998 0.41442952968749996 0.178048046875 0.4026845640625 0.2846661921875 0.42617449687500003 0.3214299 0.45973154374999997 0.33724313125 0.5083892624999999 0.33204731718749997
2 0.411073825 0.12716116718749998 0.40604026875 0.101756775 0.38087248281249997 0.07658666562500001 0.34563758437500003 0.058478142187500005 0.3020134234375 0.061300570312500004 0.251677853125 0.07808998125 0.23322147656249997 0.12923066562500002 0.23322147656249997 0.1986751109375 0.2583892625 0.2238452203125 0.34563758437500003 0.22282999375 0.39429530156250003 0.208374921875 0.411073825 0.12716116718749998
2 0.53907748125 0 0.520134228125 0.026355098437500002 0.5184563765625 0.095819065625 0.546979865625 0.16030197968749998 0.588926175 0.20148055625 0.6191275171874999 0.21270320625 0.6644295296875 0.18671310624999998 0.6929530203125001 0.1516589828125 0.6979865765625 0.1191930046875 0.6879194625 0.0892175546875 0.6862416109375 0.0313667078125 0.6687427015625 0 0.637023090625 0 0.6308724828125001 0.0204369125 0.614093959375 0.0229469625 0.57550335625 0.0048774859375 0.574084425 0 0.53907748125 0
2 0.8221476515624999 0.029785296875 0.7852349000000001 0.0533629640625 0.75 0.0560877734375 0.7181208046875 0.093495759375 0.7197986578125 0.123568828125 0.7416107375000001 0.14414835625 0.7768456375 0.1599420640625 0.8070469796875 0.15959063906249998 0.8540268453125 0.10811805468749999 0.8523489937500001 0.08730424375 0.8221476515624999 0.029785296875
2 0.3847926078125 0 0.390939596875 0.048691746875000004 0.40436241562499997 0.0763133359375 0.41946308749999994 0.0784524375 0.41946308749999994 0.087711696875 0.4077181203125 0.0924779921875 0.4093959734375 0.1109769875 0.42785234843750003 0.15011407968749998 0.44127516718750004 0.149957890625 0.4563758390625 0.133578475 0.501677853125 0.11221800625 0.5117449671875 0.09821197499999999 0.5167785234375 0.03796821875 0.50660775625 0 0.3847926078125 0
2 0 0.5555555562500001 0.015100671874999999 0.5854724359375 0.026845637500000002 0.5876505859375001 0.0503355703125 0.548025403125 0.09395973125 0.5428881609375 0.0973154359375 0.531275040625 0.088926175 0.5105393234375 0.10570469843750001 0.512658903125 0.10570469843750001 0.5334922359375 0.114093959375 0.5380242484375 0.11577181249999999 0.5171713921875 0.14261744999999998 0.449729384375 0.140939596875 0.426600759375 0.0989932890625 0.29282959062499997 0.0973154359375 0.24655281874999999 0.0251677859375 0.2635960359375 0 0.2870370375 0 0.40277777812500004 0.0100671140625 0.4211791546875 0 0.4421296296875 0 0.5555555562500001
2 1 0.5462343171875 0.9899328859375001 0.53246256875 0.9899328859375001 0.51394405 1 0.4559565390625 0.9882550328124999 0.4422043140625 0.926174496875 0.43135261406250003 0.9093959734375 0.48247377656249996 0.9144295296875 0.54723001875 0.9328859062499999 0.6118300750000001 0.95134228125 0.6208745734375001 1 0.6110491328125 1 0.5462343171875
2 0.9949664421875 0.7546262203125 0.9899328859375001 0.7315366437499999 1 0.7152157984375 0.9983221468749999 0.61106865625 0.958053690625 0.6138520359374999 0.9345637578125 0.6372735140625 0.9211409390625 0.6929852578125 0.9211409390625 0.736966740625 0.9362416109374999 0.7668836203125 0.95134228125 0.7713375375 0.9882550328124999 0.7639635734375 0.9949664421875 0.7546262203125