3 0.9772664796875 1 1 0.0232752578125 0.42750896093749996 0.00995038125 0.40446530156250005 1 0.9772664796875 1
3 0 0.2939731234375 0.2745234125 0.3003627265625 0.2812440078125 0.011618540625 0 0.0050725140625 0 0.2939731234375
2 0.2517769484375 0.276146053125 0.4367948703125 0.2804523921875 0.4424718671875 0.036545415625 0.2574539453125 0.0322390765625 0.2517769484375 0.276146053125
2 0.126450371875 0.6185322859375 0.3087801203125 0.6227760578125 0.3170769375 0.2663109421875 0.1347471890625 0.26206717031250004 0.126450371875 0.6185322859375
2 0.0124474953125 0.8934942687499999 0.127501259375 0.896172175 0.1307413921875 0.7569628734375 0.015687628125 0.7542849671875 0.0124474953125 0.8934942687499999
3 0.43570085000000003 1 0.44394564374999995 0.6457700265625 0.148784353125 0.638900071875 0.14037965937500002 1 0.43570085000000003 1
3 0.9772664796875 1 1 0.0232752578125 0 0 0 1 0.9772664796875 1
2 0.4700279703125 0.10680588124999998 0.4722580640625 0.010991928125 0.3279569890625 0.007633284375 0.3257268953125 0.1034472375 0.4700279703125 0.10680588124999998
2 0.273194946875 0.2418815546875 0.4058831203125 0.24496990468750002 0.40927806093749997 0.099109440625 0.2765898875 0.096021090625 0.273194946875 0.2418815546875
2 0.2193639171875 0.4361298265625 0.3655287921875 0.4395318515625 0.36900600625 0.29013650156250004 0.22284113125 0.2867344765625 0.2193639171875 0.4361298265625
2 0.15284928281250001 0.597530371875 0.282956809375 0.6005586578125001 0.28670575 0.439488890625 0.15659822343750002 0.43646060468750003 0.15284928281250001 0.597530371875
2 0 0.9151233953125001 0.1573318703125 0.918785334375 0.16097472031249999 0.7622737078124999 0 0.7585269796875 0 0.9151233953125001
2 0.7082965812500001 0.615112234375 0.852239234375 0.6184625359375 0.856908359375 0.41785788593750006 0.71296570625 0.414507584375 0.7082965812500001 0.615112234375
2 0.8872112859374999 0.24684230937499999 0.9897919312499999 0.2492299 0.9939176062499999 0.0719740859375 0.8913369609374999 0.0695864953125 0.8872112859374999 0.24684230937499999
2 0.5137180031249999 1 0.514996978125 0.9450500281249999 0.368975471875 0.9416513406250001 0.3676173921875 1 0.5137180031249999 1