1 0 0.4805483875 0.14319396874999998 0.4805483875 0.14319396874999998 0.29162365625 0 0.29162365625 0 0.4805483875
1 0.0828067171875 0.30800537656250004 0.14869431093750002 0.30800537656250004 0.14869431093750002 0.189198925 0.0828067171875 0.189198925 0.0828067171875 0.30800537656250004
1 0.2924023296875 0.17429569843749998 0.3396607265625 0.17429569843749998 0.3396607265625 0.09217741874999999 0.2924023296875 0.09217741874999999 0.2924023296875 0.17429569843749998
1 0.40578478437500004 0.23900000000000002 0.493529815625 0.23900000000000002 0.493529815625 0.0948709671875 0.40578478437500004 0.0948709671875 0.40578478437500004 0.23900000000000002
1 0.453893078125 0.1290053765625 0.5553598359375 0.1290053765625 0.5553598359375 0.0000053765625 0.453893078125 0.0000053765625 0.453893078125 0.1290053765625
1 0.16870801875000002 0 0.16870801875000002 0.10527419375 0.24349211718750002 0.10527419375 0.24349211718750002 0 0.16870801875000002 0
1 0.108574365625 0.7549569890625001 0.23249485937499997 0.7549569890625001 0.23249485937499997 0.647387096875 0.108574365625 0.647387096875 0.108574365625 0.7549569890625001
1 0.15152844375000002 0.9663172046874999 0.24623714843750003 0.9663172046874999 0.24623714843750003 0.7525000000000001 0.15152844375000002 0.7525000000000001 0.15152844375000002 0.9663172046874999
1 0.3061446203125 0.9425913984375001 0.48391706718750005 0.9425913984375001 0.48391706718750005 0.6985913984375001 0.3061446203125 0.6985913984375001 0.3061446203125 0.9425913984375001
1 0.539787525 0.791612903125 0.7374708703125 0.791612903125 0.7374708703125 0.6042580640625 0.539787525 0.6042580640625 0.539787525 0.791612903125
1 0.78319396875 1 0.78319396875 0.830661290625 0.6772309796875 0.830661290625 0.6772309796875 1 0.78319396875 1
1 0.7442289234375 0.7678924734375 0.861501028125 0.7678924734375 0.861501028125 0.58 0.7442289234375 0.58 0.7442289234375 0.7678924734375
1 0.8541740921875001 0.45517741875000006 0.8889787531250001 0.45517741875000006 0.8889787531250001 0.36439247343750003 0.8541740921875001 0.36439247343750003 0.8541740921875001 0.45517741875000006
1 0.8232556546875 0 0.8232556546875 0.11440860156249999 0.9274503078125 0.11440860156249999 0.9274503078125 0 0.8232556546875 0
1 1 0.0813924734375 0.9589718984375001 0.0813924734375 0.9589718984375001 0.23733870937499998 1 0.23733870937499998 1 0.0813924734375