12 0.4720884515625 0.735680628125 0.7260933656249999 0.735680628125 0.7260933656249999 0.6111780109375 0.4720884515625 0.6111780109375 0.4720884515625 0.735680628125
20 0.09861179375 0.234319371875 0.3841400484375 0.234319371875 0.3841400484375 0.0090837703125 0.09861179375 0.0090837703125 0.09861179375 0.234319371875
20 0.47697788750000003 0 0.47697788750000003 0.29854712031249997 0.9606142500000001 0.29854712031249997 0.9606142500000001 0 0.47697788750000003 0
20 0.3475921375 0.5806413609375001 0.6933415234375 0.5806413609375001 0.6933415234375 0.31098167499999996 0.3475921375 0.31098167499999996 0.3475921375 0.5806413609375001
20 0.033071253125 0.8431937171874999 0.36447174375 0.8431937171874999 0.36447174375 0.22722513125 0.033071253125 0.22722513125 0.033071253125 0.8431937171874999
20 0.3705159703125 0.7468324609375 0.49680589687500004 0.7468324609375 0.49680589687500004 0.6530628265625 0.3705159703125 0.6530628265625 0.3705159703125 0.7468324609375
20 0.3644840296875 0.8886518328124999 0.727604421875 0.8886518328124999 0.727604421875 0.7454319375 0.3644840296875 0.7454319375 0.3644840296875 0.8886518328124999
20 0.8193366093750001 0.9870418843750001 0.9999754296875001 0.9870418843750001 0.9999754296875001 0.6233769640625 0.8193366093750001 0.6233769640625 0.8193366093750001 0.9870418843750001
20 1 0.297041884375 0.8422604421875001 0.297041884375 0.8422604421875001 0.5680890046875 1 0.5680890046875 1 0.297041884375
3 0.709582309375 0.80689790625 0.833562653125 0.80689790625 0.833562653125 0.489018325 0.709582309375 0.489018325 0.709582309375 0.80689790625
3 0.1723218671875 0.343232984375 0.3517076171875 0.343232984375 0.3517076171875 0.21849476406249999 0.1723218671875 0.21849476406249999 0.1723218671875 0.343232984375
3 0 0 0 0.1923167546875 0.12972972968750002 0.1923167546875 0.12972972968750002 0 0 0
3 0.375417690625 0.198010471875 0.4565233421875 0.198010471875 0.4565233421875 0.00560209375 0.375417690625 0.00560209375 0.375417690625 0.198010471875
3 0.689926290625 0.4270287953125 0.7604914 0.4270287953125 0.7604914 0.34066753906249997 0.689926290625 0.34066753906249997 0.689926290625 0.4270287953125
3 0.000012284374999999999 0.7001701578125 0.1182678125 0.7001701578125 0.1182678125 0.6057460734375 0.000012284374999999999 0.6057460734375 0.000012284374999999999 0.7001701578125