1 0.1050132796875 0.20845649531250002 0.250551128125 0.20845649531250002 0.250551128125 0.148158521875 0.1050132796875 0.148158521875 0.1050132796875 0.20845649531250002
1 0.23095617499999999 0.14722884375 0.2830942890625 0.14722884375 0.2830942890625 0.08902860625 0.23095617499999999 0.08902860625 0.23095617499999999 0.14722884375
1 0.06820053125 0.36292014375 0.1591301453125 0.36292014375 0.1591301453125 0.30292014375 0.06820053125 0.30292014375 0.06820053125 0.36292014375
1 0.3162085 0.3754410015625 0.4302988046875 0.3754410015625 0.4302988046875 0.2872765203125 0.3162085 0.2872765203125 0.3162085 0.3754410015625
1 0.2367729078125 0.7219308703125 0.31098273593750003 0.7219308703125 0.31098273593750003 0.602026221875 0.2367729078125 0.602026221875 0.2367729078125 0.7219308703125
1 0.147636121875 0.493724671875 0.23815404999999998 0.493724671875 0.23815404999999998 0.37943384999999996 0.147636121875 0.37943384999999996 0.147636121875 0.493724671875
1 0.050756971875 0.669058403125 0.16687915 0.669058403125 0.16687915 0.49594755625 0.050756971875 0.49594755625 0.050756971875 0.669058403125
1 0.01007968125 0.8732479140624999 0.12660026562499999 0.8732479140624999 0.12660026562499999 0.793307509375 0.01007968125 0.793307509375 0.01007968125 0.8732479140624999
1 0.271646746875 0.7925327765625 0.35592297500000003 0.7925327765625 0.35592297500000003 0.7167878421875 0.271646746875 0.7167878421875 0.271646746875 0.7925327765625
1 0.5913346609375 0.37230035781250004 0.67060425 0.37230035781250004 0.67060425 0.219451728125 0.5913346609375 0.219451728125 0.5913346609375 0.37230035781250004
1 0.6979083671875 0.44883194218750005 0.7868193890625 0.44883194218750005 0.7868193890625 0.3689988078125 0.6979083671875 0.3689988078125 0.6979083671875 0.44883194218750005
1 0.7095219125 0.1802681765625 0.805405046875 0.1802681765625 0.805405046875 0.0838081046875 0.7095219125 0.0838081046875 0.7095219125 0.1802681765625
1 0.5118990703125 0.152443384375 0.6737051796875 0.152443384375 0.6737051796875 0.0612157328125 0.5118990703125 0.0612157328125 0.5118990703125 0.152443384375
1 0.7947875171875001 0.3068951125 0.8813346609374999 0.3068951125 0.8813346609374999 0.222926103125 0.7947875171875001 0.222926103125 0.7947875171875001 0.3068951125
1 1 0.4368236 0.9342828687500001 0.4368236 0.9342828687500001 0.5295411203125 1 0.5295411203125 1 0.4368236
1 0.66883798125 0.8022705609375 0.7573771578125 0.8022705609375 0.7573771578125 0.732437425 0.66883798125 0.732437425 0.66883798125 0.8022705609375
1 0.5913346609375 0.8982896312499999 0.7031407703125 0.8982896312499999 0.7031407703125 0.8019964249999999 0.5913346609375 0.8019964249999999 0.5913346609375 0.8982896312499999
1 0.47009960156249997 0.5043682953124999 0.53444223125 0.5043682953124999 0.53444223125 0.4219249109375 0.47009960156249997 0.4219249109375 0.47009960156249997 0.5043682953124999