10 0.9686906499999999 0.2609838703125 0.9379230375000001 0.2611628703125 0.936328221875 0.535288584375 0.967095834375 0.535109584375 0.9686906499999999 0.2609838703125
10 0.9813717921875 0.38566015625 0.872875471875 0.3862913703125 0.870853659375 0.7338113703125 0.9793499796875 0.73318015625 0.9813717921875 0.38566015625
10 0.801215190625 0.70732028125 0.7500374828124999 0.707618025 0.749202840625 0.8510808828125 0.8003805484375001 0.8507831390625 0.801215190625 0.70732028125
10 0.560962665625 0.528009859375 0.47985856406250005 0.528481709375 0.47820989062499997 0.8118645671875001 0.5593139921875 0.8113927171875 0.560962665625 0.528009859375
10 0.4220550046875 0.441375246875 0.3528015875 0.4417781515625 0.35111042812500004 0.732463865625 0.42036384531250004 0.7320609609375001 0.4220550046875 0.441375246875
10 0.3192977078125 0.5923794078125 0.22186342812499998 0.5929462640625001 0.2207251953125 0.7885919796875 0.31815947499999997 0.7880251234375 0.3192977078125 0.5923794078125
10 0.21522927187500002 0.5078734578125 0.1623165484375 0.5081812953125 0.1601406140625 0.8821927234375 0.21305333750000002 0.8818848859375 0.21522927187500002 0.5078734578125
10 0.0920723 0.47827670468749994 0.023113309375 0.47867789531250005 0.0213967515625 0.7737293234375 0.0903557421875 0.7733281328125 0.0920723 0.47827670468749994
10 0.664101175 0.3105771578125 0.596677409375 0.31096941718750004 0.5955472875 0.505220846875 0.6629710531249999 0.5048285875 0.664101175 0.3105771578125
10 0.6854747140625 0.092443046875 0.5904379109375 0.09299595468750001 0.589463440625 0.260493096875 0.68450024375 0.2599401890625 0.6854747140625 0.092443046875
10 0.8492914718750001 0.0472572 0.770080115625 0.0477180375 0.769517946875 0.144346609375 0.848729303125 0.143885771875 0.8492914718750001 0.0472572
10 0.7888475749999999 0.5278497390625 0.676944315625 0.5285007734375 0.6760399265625 0.6839522031249999 0.7879431859375 0.68330116875 0.7888475749999999 0.5278497390625
10 0.6794998078125001 0.8899079578125001 0.6121181046874999 0.8902999734374999 0.611570296875 0.9844599734375 0.678952 0.9840679578125 0.6794998078125001 0.8899079578125001
7 0.1106797453125 0 0.108214503125 0.4237389203125 0.45389273750000003 0.4217278234375 0.456346278125 0 0.1106797453125 0
7 0.5667285296875 0.003239790625 0.4610608125 0.003854546875 0.4596826171875 0.24074597656250002 0.5653503343749999 0.24013122031249998 0.5667285296875 0.003239790625