3 0 0.6130669140625 0.40907216562500004 0.6130669140625 0.40907216562500004 0.0000185875 0 0.0000185875 0 0.6130669140625
3 0.41509020625000004 0.4572490703125 0.6986726796875 0.4572490703125 0.6986726796875 0.00921933125 0.41509020625000004 0.00921933125 0.41509020625000004 0.4572490703125
3 0.21869845312499997 0.9317843859374999 0.7074871140625001 0.9317843859374999 0.7074871140625001 0.69074349375 0.21869845312499997 0.69074349375 0.21869845312499997 0.9317843859374999
3 0.7869329890625 0.632881040625 0.956829896875 0.632881040625 0.956829896875 0.3809479546875 0.7869329890625 0.3809479546875 0.7869329890625 0.632881040625
3 0 0.913773234375 0.0812371140625 0.913773234375 0.0812371140625 0.7235501859375 0 0.7235501859375 0 0.913773234375
2 0.1426932984375 0.736226765625 0.20926546406250002 0.736226765625 0.20926546406250002 0.6332899624999999 0.1426932984375 0.6332899624999999 0.1426932984375 0.736226765625
2 0.081288659375 0.8364126390625 0.11386597968750001 0.8364126390625 0.11386597968750001 0.759498140625 0.081288659375 0.759498140625 0.081288659375 0.8364126390625
2 0.13814432968749998 0.7931040890625 0.1638659796875 0.7931040890625 0.1638659796875 0.7460037171875 0.13814432968749998 0.7460037171875 0.13814432968749998 0.7931040890625
2 0.06365979375 0.6067472125 0.127989690625 0.6067472125 0.127989690625 0.5244052046875 0.06365979375 0.5244052046875 0.06365979375 0.6067472125
2 0.188917525 0.6058178437499999 0.2471134015625 0.6058178437499999 0.2471134015625 0.5114312265625001 0.188917525 0.5114312265625001 0.188917525 0.6058178437499999
2 0.111610825 0.17934944218749999 0.161739690625 0.17934944218749999 0.161739690625 0.10243494375 0.111610825 0.10243494375 0.111610825 0.17934944218749999
19 0.7610438140625 0 0.7610438140625 0.1776208171875 0.938801546875 0.1776208171875 0.938801546875 0 0.7610438140625 0
3 0.76302835 0.9494237921875 0.9402190718749999 0.9494237921875 0.9402190718749999 0.78410780625 0.76302835 0.78410780625 0.76302835 0.9494237921875