14 0.8563636359375 0.5774105984375 0.8436363640625 0.5865139890625 0.8272727265625001 0.622726571875 0.8254545453125001 0.68142789375 0.8345454546875001 0.6994336953125 0.8636363640625 0.7082937953124999 0.8781818187500001 0.6991798265625 0.889090909375 0.6788003328125 0.8927272734375 0.6336324484375 0.8781818187500001 0.5908276828125001 0.8563636359375 0.5774105984375
14 0.7636363640625 0.7314489421875 0.789090909375 0.7493595421875 0.8236363640625 0.742386553125 0.8345454546875001 0.7310364046875 0.8400000000000001 0.7129459812500001 0.8236363640625 0.6724091265625 0.7945454546875 0.6703210375 0.7672727265625 0.6907957312499999 0.7636363640625 0.7314489421875
14 0.6796704046875 0.7799566765625 0.7051249515625 0.8001246125 0.7287613140625 0.78870041875 0.7436021515625 0.7443532265624999 0.7594660359375001 0.7212711406250001 0.746246140625 0.6852213234375 0.712397678125 0.7165608578125 0.6760340421875 0.748375121875 0.6796704046875 0.7799566765625
14 0.54 0.5002443765625 0.5654545453125001 0.5452430125000001 0.5963636359375 0.5631218796875 0.6272727265625 0.5651993921875 0.6545454546875 0.5469820328125 0.6636363640625 0.5266131171875 0.6618181812499999 0.510822340625 0.5854545453125 0.466119884375 0.54181818125 0.479917771875 0.54 0.5002443765625
14 0.6345454546875 0.6057891343749999 0.6345454546875 0.5787010984375 0.6254545453125 0.562952634375 0.5872727265625 0.556402759375 0.5545454546874999 0.5814238609375 0.549090909375 0.62208765 0.6072727265625 0.6398078484374999 0.6345454546875 0.6057891343749999
14 0.52 0.6606316125 0.54 0.6401992296875 0.550909090625 0.6062757171875 0.5472727265625 0.5814661734375 0.5254545453125 0.565791753125 0.4854545453125 0.579568484375 0.4672727265625 0.5503288921875 0.45636363593749996 0.5436203500000001 0.4436363640625 0.5482090656249999 0.430909090625 0.577628484375 0.430909090625 0.595687175 0.4436363640625 0.64075985625 0.470909090625 0.6676892249999999 0.4963636359375 0.6697984703125 0.52 0.6606316125
14 0.38 0.46280051093749996 0.3527272734375 0.5013338968750001 0.3545454546875 0.52841135625 0.410909090625 0.5348554515624999 0.43636363593749994 0.5098766609375 0.4472727265625 0.48498249375 0.4454545453125 0.460162371875 0.429090909375 0.4467135546875 0.4036363640625 0.44911898125 0.38 0.46280051093749996
14 0.3211518921875 0.6880308140625 0.2872727265625 0.6755296000000001 0.270909090625 0.6914261546875 0.270909090625 0.73657288125 0.289090909375 0.7703271484374999 0.31255279687500004 0.7604774375 0.3249737234375 0.766339321875 0.329750990625 0.767498340625 0.34181818124999996 0.78356440625 0.3527272734375 0.756412903125 0.3402609671875 0.7069089328125 0.3211518921875 0.6880308140625
14 0.9472727265625001 0.3398613890625 0.96181818125 0.3442914390625 0.9672727265625 0.287826296875 0.96181818125 0.2765713484375 0.9163636359374999 0.2700637859375 0.9054545453125 0.2768992625 0.90181818125 0.29046443593750004 0.9109090906249999 0.30395556562500003 0.9472727265625001 0.3398613890625
14 0.2527272734375 0.1181685015625 0.2672727265625 0.120341215625 0.27999999999999997 0.11123782499999998 0.2872727265625 0.0818501421875 0.28181818125 0.0119044484375 0.270909090625 0.0006812328125 0.21818181874999998 0.0100173359375 0.2254545453125 0.0754377796875 0.2527272734375 0.1181685015625
9 0.15531818125000002 0.5349428875 0.3552636359375 0.5337796375 0.3552636359375 0.312560675 0.15531818125000002 0.313723925 0.15531818125000002 0.5349428875
9 0.53211818125 0 0.53211818125 0.34684779374999997 0.6732636359375 0.346026634375 0.6732636359375 0 0.53211818125 0
9 0.6586000000000001 0.586326390625 0.890309090625 0.584978346875 0.890309090625 0.37296931718750004 0.6586000000000001 0.3743173609375 0.6586000000000001 0.586326390625
11 0.6881999999999999 0.8995063265625 0.7590727265625 0.8990940015625 0.7590727265625 0.7882813609375 0.6881999999999999 0.7886936859375 0.6881999999999999 0.8995063265625