1 0.0509931703125 0.239764025 0.054635340624999994 0.5527714328125 0.3077464515625 0.551298875 0.30410428125 0.2382914671875 0.0509931703125 0.239764025
1 0.370274546875 0.3518549546875 0.3724848796875 0.5418105093750001 0.63866265625 0.5402619328125 0.6364523234374999 0.350306378125 0.370274546875 0.3518549546875
1 0.636276403125 0 0.63903529375 0.237098503125 1 0.2349984703125 1 0 0.636276403125 0
1 0.6343500484375 0.715869278125 0.6363910984375 0.8912766859374999 0.7426133203124999 0.890658703125 0.7405722703125 0.7152512953125 0.6343500484375 0.715869278125
1 0.1948483921875 0.0183047578125 0.00022617031249999998 0.0194370375 0.0017676453125000002 0.1519111109375 0.1963898671875 0.15077883125 0.1948483921875 0.0183047578125
1 0.6037700984375001 0.438924725 0.6046863296875 0.517665465625 0.783397440625 0.5166257546875 0.782481209375 0.4378850140625 0.6037700984375001 0.438924725
1 0.1045067421875 0.8374635421875001 0.0097511859375 0.8380148140625 0.01093065 0.939377778125 0.10568620625 0.9388265062500001 0.1045067421875 0.8374635421875001
5 0.02599903125 0.5154392 0.0062576109375 0.5377777781249999 0.0065506671875 0.5629629625 0.05571537343750001 0.586382240625 0.08007362500000001 0.57883261875 0.099642659375 0.541679225 0.072527790625 0.5033158484375 0.043656140625 0.5049654015625 0.02599903125 0.5154392
5 0.6032784484375 0.6602388625 0.5254489546875 0.6562469156249999 0.4881193796875 0.6949852203125 0.486224690625 0.723146296875 0.5042955250000001 0.748228053125 0.5710139062499999 0.75228464375 0.6042610484375001 0.7446833078124999 0.646017828125 0.704437665625 0.630358840625 0.6956392765625 0.6032784484375 0.6602388625
5 0.5929791062499999 0.9210571734374999 0.588776003125 0.9418237734374999 0.59354798125 0.9699460625 0.627191609375 0.996418803125 0.6938410375 0.994549465625 0.7399733078125 0.9483520406249999 0.706019384375 0.8952126359375001 0.6171649734375 0.8986927390625 0.5929791062499999 0.9210571734374999
5 1 0.8395339828124999 0.9673624390625 0.818131515625 0.940609578125 0.8108792515625 0.9117206890625 0.8110473218750001 0.8674486312499999 0.82612070625 0.8546152156250001 0.8691612390625 0.87719945 0.9001430671874999 0.979404434375 0.898066871875 0.990463828125 0.8935577859375 0.996958109375 0.878704184375 1 0.8783480390625 1 0.8395339828124999
5 0.4503384890625 0.312956925 0.40992476250000004 0.2776340828125 0.343137425 0.2676515671875 0.30777149375 0.2841547203125 0.294627784375 0.3005285875 0.2948001703125 0.31534340312500003 0.30615262187500003 0.3360195 0.3330606296875 0.3566050984375 0.4109935546875 0.369485934375 0.4152311359375 0.3516822984375 0.4503384890625 0.312956925
5 0.22470457968750002 0.21204048125 0.264773534375 0.21773369531250003 0.2935762296875 0.2101582171875 0.31984640937500003 0.1759290015625 0.3218962453125 0.16110125625 0.3105610328125 0.141906640625 0.28601315625 0.1331599640625 0.2282353796875 0.13349610625 0.19299011875 0.1603696296875 0.1909402828125 0.1751973734375 0.2110954296875 0.18841435 0.2134900375 0.2032162359375 0.22470457968750002 0.21204048125