3 0.000015384375 0.676513409375 0.47930769218749997 0.676513409375 0.47930769218749997 0.086015325 0.000015384375 0.086015325 0.000015384375 0.676513409375
3 0.5169230765624999 0.44143678125 0.90356923125 0.44143678125 0.90356923125 0.034885057812499995 0.5169230765624999 0.034885057812499995 0.5169230765624999 0.44143678125
2 0.092984615625 0.25750957812499997 0.21926153906249998 0.25750957812499997 0.21926153906249998 0.1243295015625 0.092984615625 0.1243295015625 0.092984615625 0.25750957812499997
2 0.43486153906249997 0.2881609203125 0.53676923125 0.2881609203125 0.53676923125 0.14984674375 0.43486153906249997 0.14984674375 0.43486153906249997 0.2881609203125
2 0.41095384687500003 0.5368199234375 0.525846153125 0.5368199234375 0.525846153125 0.38823754843749997 0.41095384687500003 0.38823754843749997 0.41095384687500003 0.5368199234375
2 0.8543076921875 1 0.8543076921875 0.70329501875 0.0383076921875 0.70329501875 0.0383076921875 1 0.8543076921875 1
2 1 0.44785440625 0.57163076875 0.44785440625 0.57163076875 0.6935249046874999 1 0.6935249046874999 1 0.44785440625
3 0 0.455938696875 0.8374923078125001 0.455938696875 0.8374923078125001 0.0842911875 0 0.0842911875 0 0.455938696875
3 0.0052769234375 0.8763793109375 0.444015384375 0.8763793109375 0.444015384375 0.43457854375 0.0052769234375 0.43457854375 0.0052769234375 0.8763793109375
2 0.0932 0.2588122609375 0.22618461562499997 0.2588122609375 0.22618461562499997 0.1061685828125 0.0932 0.1061685828125 0.0932 0.2588122609375
2 0.3964923078125 0.30264367812500004 0.5564307687500001 0.30264367812500004 0.5564307687500001 0.1171264375 0.3964923078125 0.1171264375 0.3964923078125 0.30264367812500004
2 0.40966153906249997 0.526015325 0.517784615625 0.526015325 0.517784615625 0.418199234375 0.40966153906249997 0.418199234375 0.40966153906249997 0.526015325
2 0.999984615625 1 0.999984615625 0.46743294999999996 0.63823076875 0.46743294999999996 0.63823076875 1 0.999984615625 1
2 0.38767692343750004 0.9990421453125 0.5704769234375 0.9990421453125 0.5704769234375 0.7903831421875 0.38767692343750004 0.7903831421875 0.38767692343750004 0.9990421453125
2 0.071215384375 0.981513409375 0.3772769234375 0.981513409375 0.3772769234375 0.790363984375 0.071215384375 0.790363984375 0.071215384375 0.981513409375
20 0.4272615390625 0.880785440625 0.665353846875 0.880785440625 0.665353846875 0.527643678125 0.4272615390625 0.527643678125 0.4272615390625 0.880785440625
20 0.862415384375 0 0.862415384375 0.3069923375 0.999984615625 0.3069923375 0.999984615625 0 0.862415384375 0
20 0.2734 0.1668582375 0.5599538468749999 0.1668582375 0.5599538468749999 0.013141762500000001 0.2734 0.013141762500000001 0.2734 0.1668582375