3 0.06392623124999999 0.00828530625 0.0695011625 0.96653470625 0.9700305734375 0.9770133140624999 0.9644556421875 0.0187639140625 0.06392623124999999 0.00828530625
3 0.0470736 0.000559740625 0.051212071875 0.711902665625 0.9819473656250001 0.7227327515625 0.97780889375 0.0113898265625 0.0470736 0.000559740625
3 0.22592386874999998 0.7124249328125 0.22683198125 0.868516059375 0.9565378640625 0.87700695625 0.9556297515625 0.7209158296875 0.22592386874999998 0.7124249328125
3 0.2943529234375 0.8754284203125 0.29494084531250003 0.9764835765625 0.80349966875 0.9824011953125 0.802911746875 0.8813460390625 0.2943529234375 0.8754284203125
4 0.8801544140625 0.1656866359375 0.8806774609374999 0.2555907125 0.9889421671875 0.2568504859375 0.9884191203125001 0.166946409375 0.8801544140625 0.1656866359375
4 0.7480487874999999 0.0625855796875 0.7484143203125 0.125415315625 0.8234143203125001 0.1262880203125 0.8230487875 0.063458284375 0.7480487874999999 0.0625855796875
4 1 0.5775449828125 0.8911749375 0.5762786890625 0.8916400859375001 0.6562307281249999 1 0.657491609375 1 0.5775449828125
4 1 0.46894322187500004 0.9528371859375 0.46839443437500006 0.9534878890625 0.58024095625 1 0.5807821734374999 1 0.46894322187500004
4 0.9157639 0.043375484375 0.9162395109375 0.125126084375 0.9950924515624999 0.126043621875 0.9946168406250001 0.044293021875 0.9157639 0.043375484375
4 0.7597106499999999 0.8766110203125 0.76012626875 0.9480498687500001 0.857273328125 0.9491802781249999 0.8568577093749999 0.8777414296874999 0.7597106499999999 0.8766110203125
4 0.612832290625 0.9059190203125 0.6132447015625 0.9768063109374999 0.7051564671875 0.9778758015625 0.70474405625 0.9069885109375001 0.612832290625 0.9059190203125
4 0.4937145078125 0.649226503125 0.49402367500000005 0.702367990625 0.5776119109375 0.703340628125 0.57730274375 0.6501991406250001 0.4937145078125 0.649226503125
4 0.0624186375 0.264773178125 0.0629333125 0.35323840624999997 0.1408744890625 0.354145334375 0.1403598140625 0.26568010625 0.0624186375 0.264773178125
4 0.043080484375 0.388412675 0.0433210109375 0.4297556 0.09426218750000001 0.43034835468750005 0.0940216609375 0.38900542968749996 0.043080484375 0.388412675