10 0.9300353359375 0.5243557015625 0.9608029484375 0.5238186515625001 0.96558783125 0.24969293750000002 0.93482021875 0.2502299875 0.9300353359375 0.5243557015625
10 0.8622548734375 0.7236270140625 0.97075119375 0.7217332046875 0.976817178125 0.3742132046875 0.8683208578125001 0.37610701406249997 0.8622548734375 0.7236270140625
10 0.7392475515625 0.8423043140625 0.790425259375 0.8414110046875001 0.7929294125 0.6979481468750001 0.7417517046875 0.69884145625 0.7392475515625 0.8423043140625
10 0.46872933437500003 0.8062443703125 0.5498334359375 0.80482869375 0.5547799015625 0.5214458359374999 0.4736758 0.5228615125 0.46872933437500003 0.8062443703125
10 0.34256251249999997 0.72832818125 0.41181592968749997 0.7271193578124999 0.4168898671875 0.43643364375000004 0.34763645 0.4376424671875 0.34256251249999997 0.72832818125
10 0.21153290937499997 0.7859698703125 0.3089671890625 0.7842691484375 0.31238219843750004 0.5886234328125 0.21494791875 0.5903241546875 0.21153290937499997 0.7859698703125
10 0.14986313906249998 0.8802693359375 0.20277586250000001 0.879345740625 0.20930425625 0.5053343124999999 0.1563915328125 0.5062579078125 0.14986313906249998 0.8802693359375
10 0.012390928125 0.7734279296875 0.08134991875 0.772224246875 0.08650005937500001 0.47717281875 0.01754106875 0.4783765015625 0.012390928125 0.7734279296875
10 0.5896273921875 0.4982558828125 0.6570511578125 0.4970789953125 0.6604418296875 0.302827565625 0.5930180640625 0.304004453125 0.5896273921875 0.4982558828125
10 0.5863920078125 0.253615503125 0.6814288109375 0.2519566296875 0.684352484375 0.0844594875 0.58931568125 0.0861183609375 0.5863920078125 0.253615503125
10 0.76778599375 0.135381471875 0.84699735 0.1339988328125 0.8486840078125001 0.0373702609375 0.7694726515625 0.0387529 0.76778599375 0.135381471875
10 0.668034571875 0.6760383937500001 0.77993783125 0.674085115625 0.782651246875 0.5186336859375 0.6707479875 0.5205869640625 0.668034571875 0.6760383937500001
10 0.6000721109375 0.9772760921874999 0.6674538140624999 0.9760999390625 0.6690973828125 0.8819399390625 0.6017156796875 0.8831160921875 0.6000721109375 0.9772760921874999