1 0.2841612296875 0.37010193125 0.41488816406250006 0.37010193125 0.41488816406250006 0.0783959234375 0.2841612296875 0.0783959234375 0.2841612296875 0.37010193125
1 0.43038210625 0.19316523593749998 0.5719664484375 0.19316523593749998 0.5719664484375 0.003015021875 0.43038210625 0.003015021875 0.43038210625 0.19316523593749998
1 0.0004333640625 0.2756008578125 0.09723671874999999 0.2756008578125 0.09723671874999999 0.123626609375 0.0004333640625 0.123626609375 0.0004333640625 0.2756008578125
1 0.000004659375 0.9632296140625 0.1024743703125 0.9632296140625 0.1024743703125 0.791984978125 0.000004659375 0.791984978125 0.000004659375 0.9632296140625
1 0.16848555468749998 0.93106223125 0.37473904999999996 0.93106223125 0.37473904999999996 0.769366953125 0.16848555468749998 0.769366953125 0.16848555468749998 0.93106223125
1 0.637712021875 0.8204828328125 0.7395107171874999 0.8204828328125 0.7395107171874999 0.6462553640625 0.637712021875 0.6462553640625 0.637712021875 0.8204828328125
1 0.42601118437499996 0.80841738125 0.62082945 0.80841738125 0.62082945 0.658814378125 0.42601118437499996 0.658814378125 0.42601118437499996 0.80841738125
1 0.6093476234375 0.9873605156249999 0.6697017703125 0.9873605156249999 0.6697017703125 0.8673605156249999 0.6093476234375 0.8673605156249999 0.6093476234375 0.9873605156249999
1 0.7468359734375001 0.5530633046875 0.7972273999999999 0.5530633046875 0.7972273999999999 0.49800965625 0.7468359734375001 0.49800965625 0.7468359734375001 0.5530633046875
1 0.9301630937500001 0.5832296140625 0.9961929171874999 0.5832296140625 0.9961929171874999 0.4804184546875 0.9301630937500001 0.4804184546875 0.9301630937500001 0.5832296140625
1 0.87996738125 0.4927950640625 0.9420829453125 0.4927950640625 0.9420829453125 0.41256974218750003 0.87996738125 0.41256974218750003 0.87996738125 0.4927950640625
1 1 0.043218884375 0.9389002796874999 0.043218884375 0.9389002796874999 0.19723175937499998 1 0.19723175937499998 1 0.043218884375
1 0.73156104375 0.2757027890625 0.833881640625 0.2757027890625 0.833881640625 0.1588036484375 0.73156104375 0.1588036484375 0.73156104375 0.2757027890625
1 0.8603261874999999 0.36818669531250003 0.9490680328125001 0.36818669531250003 0.9490680328125001 0.2517703859375 0.8603261874999999 0.2517703859375 0.8603261874999999 0.36818669531250003
1 0.6617241375 0.11889485 0.75184529375 0.11889485 0.75184529375 0.0005042921875 0.6617241375 0.0005042921875 0.6617241375 0.11889485
1 0.7553308484375 0.9073819750000001 0.8377353218750001 0.9073819750000001 0.8377353218750001 0.8374248921874999 0.7553308484375 0.8374248921874999 0.7553308484375 0.9073819750000001
1 0.9062861140624999 0.8970815453125001 0.9696318734375 0.8970815453125001 0.9696318734375 0.8213304718750001 0.9062861140624999 0.8213304718750001 0.9062861140624999 0.8970815453125001