14 0.9388783500000001 0.158995265625 0.9189324859375001 0.16939147968749999 0.9048580828125001 0.1994253953125 0.933202059375 0.2536419890625 0.9680538453124999 0.272808784375 0.9924714859374999 0.271281475 0.998170503125 0.17468162812500002 0.9693719921874999 0.159527534375 0.9388783500000001 0.158995265625
14 0.9960569234375001 0.356322253125 0.9953390390625 0.2869597015625 0.9708986718749999 0.2904401375 0.9356150796874999 0.30838271562499997 0.927525771875 0.3482887109375 0.9547882359375001 0.364392753125 0.9960569234375001 0.356322253125
14 0.963131528125 0.564774359375 0.9434356578124999 0.553686196875 0.8884561906249999 0.5605406140625 0.8224289625000001 0.5994352984375 0.8143623828125 0.63738816875 0.8324767546875 0.6533325296875 0.8843386750000001 0.6522842609375 0.9088244953125001 0.6448975765625 0.9411496296875 0.6190892703124999 0.963131528125 0.564774359375
14 0.6858947484375 0.1448118109375 0.7286085765625 0.1436038640625 0.764028528125 0.11394253437499999 0.773540246875 0.082852215625 0.7706499703125 0.0691271140625 0.7584979671875 0.06500795625 0.752717409375 0.037557753124999996 0.7177292640624999 0.03010970625 0.6840726234375001 0.0392898359375 0.651838396875 0.057285640625 0.637650359375 0.097085184375 0.648061778125 0.11973241406249999 0.6858947484375 0.1448118109375
14 0.6321197984375 0.0481506046875 0.598554065625 0.0495182328125 0.5786309265625 0.057961321875000006 0.5508684749999999 0.0848260296875 0.5489915296875 0.11507285468749999 0.6159184578125 0.1299157203125 0.632746778125 0.1253256546875 0.6332922171875001 0.0784506546875 0.64573966875 0.05717918749999999 0.6321197984375 0.0481506046875
14 0.7285403953125 0.1494632390625 0.6796142078125 0.1603303609375 0.6701706671875 0.18556130312500002 0.6821635828125 0.20335233593750002 0.7247637765625 0.2119100109375 0.761401603125 0.20864248281250003 0.7874689218750001 0.1963996 0.781665640625 0.1709025203125 0.7285403953125 0.1494632390625
14 0.6087288484375 0.223559265625 0.6379137109374999 0.205510234375 0.6442624359375 0.1841323125 0.6201402375 0.1602689984375 0.6234168703125 0.14079097499999998 0.609819728125 0.129809265625 0.5550220765625 0.1210386828125 0.5319132140625 0.14114729374999999 0.5301726296875 0.15967536875 0.5465236906250001 0.196100928125 0.56612865625 0.21500159062500002 0.6087288484375 0.223559265625
14 0.6729927625000001 0.20514577968749997 0.66219499375 0.2157016734375 0.6509654140625 0.2633669421875 0.6630265125 0.2752986 0.6843038828125 0.2815305625 0.7178923421875 0.27820980781250004 0.7379291140625 0.2600010953125 0.7384291015625 0.21703234531249999 0.6729927625000001 0.20514577968749997
14 0.7520850546875 0.3540172296875 0.751389896875 0.282701553125 0.708698796875 0.28195637812499996 0.6734152046874999 0.29989895624999996 0.679377571875 0.31172415937500003 0.6578274828125 0.328929696875 0.65613235 0.3435515203125 0.6835084484375 0.3498899375 0.7046494578125 0.36784065 0.719896278125 0.368106784375 0.7520850546875 0.3540172296875
14 0.7901907453125 0.355659128125 0.7504808296875 0.360826553125 0.702886146875 0.38832184999999997 0.6873666046875 0.411493215625 0.6887435625 0.424215140625 0.722059303125 0.4443318859375 0.76479585625 0.44117081249999995 0.8278191749999999 0.39831665 0.8250652562499999 0.3728727984375 0.7901907453125 0.355659128125
14 0.6457891109375 0.3150449140625 0.649361190625 0.270176265625 0.6343643609375 0.24842575781249998 0.6146457640625 0.2392907203125 0.5902281234375 0.2408180296875 0.5579029875 0.26662633593749996 0.559211765625 0.2852076375 0.5633880953125 0.31946716406250003 0.5951677921875 0.34053385937499997 0.6134867046875 0.3389000953125 0.6457891109375 0.3150449140625
14 0.468571725 0.21134520625 0.40566204062500005 0.24443374375000002 0.40075845781249997 0.272674215625 0.42797546718749996 0.2926845078125 0.48290947968750003 0.28973634062500003 0.545841890625 0.254694678125 0.55546724375 0.21383873437499998 0.5357713703125 0.202750571875 0.468571725 0.21134520625
14 0.395500615625 0.20030213749999998 0.42613061874999997 0.1891156546875 0.46886717187500004 0.18595458125 0.5041962171875001 0.164105753125 0.5015786578125 0.12694315 0.4788561484375 0.1138486375 0.42394486562499994 0.114843678125 0.3917106390625 0.13283948437499998 0.388524915625 0.1445050078125 0.3548228203125 0.15759138749999999 0.343820509375 0.18572540625 0.3650296984375 0.19781674375 0.395500615625 0.20030213749999998
14 0.5470784984375 0.017363376562499998 0.53490376875 0.015197345312499999 0.531763496875 0.022956618749999998 0.558980509375 0.042966909375 0.589405971875 0.049358551562500005 0.62776165625 0.0295160765625 0.6371142875 0.0120976328125 0.56851495625 0.009923465624999999 0.5470784984375 0.017363376562499998
14 0.9579645906250001 0.48458977968749994 0.929120628125 0.47334193750000003 0.895577621875 0.4727564421875 0.8619209812499999 0.48193657187500005 0.8112542046875 0.5113317656249999 0.7988294828125 0.530650109375 0.8001609875 0.547278284375 0.821370178125 0.5593696234375 0.9222037390625 0.543547984375 0.9575327843749999 0.5216991546874999 0.9579645906250001 0.48458977968749994
14 0.79932946875 0.48768135937499996 0.7614283187499999 0.46846133593749995 0.691452028125 0.45356524374999996 0.6715970703125 0.45614895625 0.669788303125 0.4805364046875 0.699963775 0.5084124234375 0.7395146031250001 0.5169168734375 0.76393224375 0.5153895625 0.802287928125 0.49554708593749996 0.79932946875 0.48768135937499996
14 0.6658165125 0.42869875312500005 0.6660210531249999 0.41112062812500005 0.6463706359375 0.396126215625 0.61282763125 0.3955407203125 0.577589490625 0.4095770484375 0.5528536765625 0.438448109375 0.554048821875 0.46679503437500003 0.5674868765625 0.49144861874999995 0.602452296875 0.5008497890625 0.6377131625 0.4848603359375 0.6658165125 0.42869875312500005
14 0.4885764015625 0.32695216875 0.4778240828125 0.3336018125 0.476106221875 0.35017676249999996 0.48046436562499995 0.3688112890625 0.5638559890625 0.410314090625 0.6297014046875 0.3870444046875 0.6269247578125 0.363553678125 0.5495864125 0.32606358125 0.4885764015625 0.32695216875
14 0.7060264187499999 0.3805625765625 0.6941016796875 0.35691216875 0.640885528125 0.34328538750000004 0.6301332109375 0.3499350296875 0.6312374484375 0.38609445625 0.6829402828125 0.3987180625 0.7060264187499999 0.3805625765625
14 0.465549078125 0.47111083125000003 0.5081947234374999 0.4757622578125 0.522019134375 0.467212715625 0.5313490390625 0.4517473953125 0.5285496671875001 0.43020979375 0.4848906890625 0.38158644218750004 0.4606321359375 0.369441878125 0.42103585312499997 0.364843678125 0.4316745375 0.36795965937499997 0.4010445359375 0.37914614062499996 0.399326678125 0.395721090625 0.43074274375000005 0.448037784375 0.465549078125 0.47111083125000003
14 0.3107133 0.40980251250000005 0.339920890625 0.3898003546875 0.337076065625 0.372169003125 0.31437628281249996 0.3571213625 0.25962408593749997 0.3444445296875 0.2016861640625 0.3434332203125 0.183299071875 0.350926359375 0.1619535234375 0.3505537703125 0.15260089062499999 0.367972215625 0.182867265625 0.388035734375 0.24358183281249998 0.41253777031250005 0.3107133 0.40980251250000005
14 0.32188805625 0.49790604531250005 0.3480235578125 0.47980378437500004 0.36656973437499996 0.4586387703125 0.363861271875 0.42928866875000005 0.3502641296875 0.41830696093749997 0.30755030156249996 0.41951490781249995 0.28146025625000004 0.43371091875 0.25058026093749997 0.466381775 0.25179813125 0.49277557656250004 0.26690859375 0.5047604609375 0.29130350781250003 0.505186275 0.32188805625 0.49790604531250005
14 0.1746643265625 0.4377073546875 0.13105080156249999 0.3851777515625 0.0959717484375 0.38554220625 0.0617696671875 0.4415973359375 0.0629875390625 0.4679911375 0.0764483234375 0.4906915953125 0.09919355937499999 0.501832984375 0.132759290625 0.5004653546875 0.1588947921875 0.4823630953125 0.1746643265625 0.4377073546875
14 0 0.4295941859375 0.03599779375 0.4284495953125 0.071304115625 0.4085538921875 0.09021391875 0.356138878125 0.0766849578125 0.33929779375 0.0584114984375 0.337025309375 0.0186106765625 0.35000523437500003 0 0.363191665625 0 0.4295941859375
14 0.40472087968750003 0.45637441875 0.3803486921875 0.4539954796875 0.3696191 0.4586919984375 0.3510729203125 0.4798570125 0.35242715156250004 0.4945320625 0.383934128125 0.5390362578125 0.4127553640625 0.552237225 0.4696117734375 0.515135984375 0.44264475625 0.4736413171875 0.40472087968750003 0.45637441875
14 0.4741517296875 0.5181455125000001 0.429674590625 0.5398346593750001 0.421789825 0.56216253125 0.47333356875000004 0.5884580125000001 0.5129753078125 0.5891499609374999 0.5818246328125001 0.569839753125 0.5975259890625 0.5310433875 0.5565527453125 0.5137232625 0.4741517296875 0.5181455125000001
14 0.5081947234374999 0.4757622578125 0.47160235312500004 0.47512353437500005 0.46841662968750003 0.48678905781250004 0.4955881875 0.5107056 0.5474728328125 0.50770420625 0.5644375140625 0.491395390625 0.5435919499999999 0.448054053125 0.531371765625 0.4497942703125 0.5081947234374999 0.4757622578125
14 0.7448406234375 0.583429575 0.7741163953125 0.55756804375 0.756161109375 0.5279518078125001 0.7120930515625 0.51448470625 0.6937968640625 0.5141653453125 0.6662162265625 0.525405053125 0.65986750625 0.546782975 0.6642256468750001 0.565417503125 0.67481888125 0.572439734375 0.7265217109375001 0.585063340625 0.7448406234375 0.583429575
14 0.5539619046875 0.7363795109375 0.6212979140625 0.716066128125 0.64438405 0.697910640625 0.6445431359375 0.684238765625 0.600747796875 0.6473341640625 0.5641326984374999 0.6486485671875 0.5182331484375 0.6615220390625 0.4798320109375 0.685270765625 0.46880697343750005 0.715357909375 0.47022938437499995 0.7241735859375 0.4929746203125 0.7353149734375 0.5539619046875 0.7363795109375
14 0.7210045078125 0.6660381875 0.7033219453124999 0.6129844515625 0.6913062984375 0.59714654375 0.6595038796875 0.578032975 0.6259835984375 0.5754943546875 0.60913255 0.58203754375 0.5979257 0.6277496890625 0.6053332078125 0.6464374421875 0.6491512734375 0.68138891875 0.6949144625 0.6802341968750001 0.7210045078125 0.6660381875
14 0.4367412 0.5878192890625 0.4228940625 0.5983219562500001 0.4241346609375 0.6227626328125 0.448234128125 0.648579071875 0.48482650156249996 0.64921779375 0.51710618125 0.6273157390625 0.51439771875 0.5979656375 0.5098804890624999 0.593002984375 0.4367412 0.5878192890625
14 0.3171930046875 0.77034036875 0.33284890625 0.735450253125 0.31505270625000004 0.692162140625 0.2862541953125 0.6770080484375 0.2587871921875 0.6784821328125 0.2388186015625 0.6908314703125 0.2216493796875 0.724718409375 0.23476926250000002 0.77671574375 0.24536249375 0.783737975 0.29105750625 0.788442628125 0.3171930046875 0.77034036875
14 0.19915413906249999 0.6920926453125 0.19027876562499998 0.6684954656250001 0.17223257187500002 0.6466917296875 0.1373807875 0.6275249328125 0.10688714375 0.6269926640625 0.0838691890625 0.639288775 0.07584806093749999 0.6733353953125001 0.1179482671875 0.724861821875 0.142297728125 0.7291938859375 0.192714509375 0.7212830671875 0.19915413906249999 0.6920926453125
14 0.072948415625 0.7914728453125 0.071253284375 0.8060946703124999 0.08331438125 0.8180263265625 0.10459175000000001 0.8242582890625 0.14737375625 0.8171909656249999 0.1775719515625 0.8431138593749999 0.192818775 0.84337999375 0.21276464062499997 0.8329837796874999 0.2221854515625 0.8097059609375 0.213196446875 0.7958744046875 0.222549078125 0.7784559609375 0.2106697953125 0.750899303125 0.169628375 0.7394385531250001 0.14516528125 0.744872115625 0.09761605 0.7684611593749999 0.072948415625 0.7914728453125
14 0 0.79489999375 0.04699473125 0.7939501046874999 0.08851340937499999 0.7643952296875 0.09502121875 0.7293454328125 0.07238961875 0.70843841875 0.0418959734375 0.70790615 0 0.7274707734375 0 0.79489999375
14 0.743740375 0.809042128125 0.720972415625 0.7998538640625 0.632472671875 0.8041696593750001 0.6033787140625 0.8144061921875 0.598520584375 0.8387404140625 0.6226655046875 0.8606506046875 0.7018580703125 0.8698470031250001 0.743263115625 0.850057753125 0.752752109375 0.8209205578125 0.743740375 0.809042128125
14 0.6151082796875 0.7237721734375 0.6453292015625001 0.7477419421875 0.672728028125 0.752127234375 0.6988635265625 0.734024975 0.6964050546875 0.6831904984375 0.652177909375 0.6833952703125 0.6443158703125 0.703770015625 0.6151082796875 0.7237721734375
14 0.6974183890625001 0.7271624234375 0.7336698593750001 0.7570980203125 0.7610686828125 0.7614833125 0.771798275 0.75678679375 0.76030534375 0.6960270109375 0.7376282890625 0.6790262484375 0.702412878125 0.6911094515625 0.6974183890625001 0.7271624234375
14 0.65714030625 0.781157975 0.6782813156249999 0.7991086875 0.717968503125 0.7958943859375001 0.7440358218750001 0.783651503125 0.750384546875 0.76227358125 0.6942099359375 0.7407810718750001 0.661930253125 0.762683128125 0.65714030625 0.781157975
14 0.6777091562499999 0.5861648359375 0.6943329375 0.5991528953125 0.7241675062499999 0.6563257890624999 0.7378328296875 0.6614481249999999 0.7561744703125 0.657861234375 0.7463312156249999 0.586385878125 0.68389879375 0.5784587890624999 0.6777091562499999 0.5861648359375
14 0.49446521250000003 0.738271275 0.4672254734375 0.720214109375 0.4783414203125 0.682314465625 0.44177177343749996 0.67972261875 0.4173086796875 0.685156178125 0.394268 0.6994054140625 0.38954622968749997 0.7120208875 0.4168768734375 0.722265553125 0.4379951578125 0.742169390625 0.4867849859375 0.7430210203125001 0.49446521250000003 0.738271275
14 0.4299740296875 0.7762160125 0.43031492968749996 0.7469191375 0.40775150781249997 0.7201527484375 0.36815522500000003 0.7155545484375 0.3451599984375 0.725897534375 0.3234962734375 0.752868696875 0.3123121484375 0.796627715625 0.32742261093749997 0.8086126 0.3639468015625 0.8151106968749999 0.41757203125000003 0.7935812296875 0.4299740296875 0.7762160125
14 0.591567609375 0.780990159375 0.5537800921875 0.7520045140625 0.514251990625 0.7415469375 0.49898244218750004 0.743233928125 0.483394721875 0.77226466875 0.5164831953125 0.8119126640625 0.5529846578125001 0.8203638874999999 0.577379571875 0.8207897015625001 0.59118125625 0.814193284375 0.591567609375 0.780990159375
14 0.4590907140625 0.7640263546875 0.43302339375 0.7762692390625 0.42805163281249997 0.8103690859375 0.437086090625 0.8202943906250001 0.4584089140625 0.8226201046874999 0.5164604671874999 0.813865790625 0.5180419671875 0.8090095906249999 0.4849762203125 0.7674084703124999 0.4590907140625 0.7640263546875
14 0.599874815625 0.8534154656249999 0.55596584375 0.8262764890625001 0.50116819375 0.8175059046875001 0.4339003671875 0.8319599140625 0.4030430984375 0.8626776453125 0.41210028281250005 0.8706498265624999 0.460776478125 0.8812670812500001 0.49736884843749996 0.881905803125 0.5889634109374999 0.873736984375 0.599874815625 0.8534154656249999
14 0.780550646875 0.9220121499999999 0.7071159109375 0.9422190828125 0.6977178234375 0.963543775 0.7432537499999999 0.981920303125 0.8042183078124999 0.9849379656249999 0.868527678125 0.9626182296874999 0.8793936312499999 0.9462029609375 0.8475912078125001 0.9270893906250001 0.780550646875 0.9220121499999999
14 0.9885670546875 1 0.9887616625 0.983275378125 0.9690203390625 0.9760934656250001 0.8867102296875 0.9727032156250001 0.862224409375 0.9800899 0.8498678671875 0.9935488687499999 0.858001409375 1 0.9885670546875 1
14 0.1732205421875 1 0.192763953125 0.97914879375 0.196108765625 0.9538113953125 0.1871879390625 0.934120465625 0.1675147953125 0.9210791781250001 0.13704387812500002 0.918593784375 0.0925440109375 0.9422360578125 0.07704719843749999 0.9634542984375001 0.076865384375 0.9790792984375001 0.06769456406249999 0.98087274375 0.0660478203125 1 0.1732205421875 1
14 0 0.943550978125 0.0299979546875 0.9440745953125 0.092862184375 0.9148923078125 0.1114538171875 0.8898210437499999 0.10413721718749999 0.8633207890625 0.0645636609375 0.856769465625 0 0.8821703265625 0 0.943550978125
14 0.322700840625 0.821228071875 0.2758106828125 0.78817649375 0.2575144984375 0.7878571328125 0.2283523609375 0.8039530390625 0.2199903328125 0.8672965343750001 0.235055340625 0.88318766875 0.2685528953125 0.8876794125 0.29608808125 0.88034595625 0.32536385 0.8544844234375001 0.322700840625 0.821228071875
14 0.330358340625 0.8184314515625 0.3252956703125 0.8603437984375001 0.31445244687499996 0.8748059421875001 0.3449233625 0.8772913359375 0.3999482796875 0.86653066875 0.4200986828125 0.8385563312500001 0.4142044953125 0.820871753125 0.4035885375 0.8158026453125 0.330358340625 0.8184314515625
14 0 0.875618646875 0.046244751562500006 0.8584032296874999 0.06623606875 0.8441007671874999 0.05738342187499999 0.8185504609375001 0.00423545 0.799064303125 0 0.7999053234375 0 0.875618646875
14 0.1850021875 0.8598484890625 0.16998263281249998 0.8400511046875 0.13205875625000002 0.8227842046875 0.0892767484375 0.8298515296875 0.07070784531249999 0.8529696671875 0.11929313281250001 0.8713994234375001 0.1850021875 0.8598484890625
14 0.0958634921875 0.0016733031249999998 0.083325134375 0.0307572703125 0.1014849609375 0.0427953828125 0.1533696078125 0.0397939890625 0.216302015625 0.0047523265625 0.0958634921875 0.0016733031249999998