3 1 0.1825 0.007581699999999999 0.1825 0.007581699999999999 1 1 1 1 0.1825
11 0.47542483593749996 0 0.47542483593749996 0.263831775 1 0.263831775 1 0 0.47542483593749996 0
2 0.6130065359375 0.35829439218750003 0.7349673203125 0.35829439218750003 0.7349673203125 0.24890186875000003 0.6130065359375 0.24890186875000003 0.6130065359375 0.35829439218750003
2 0.8400000000000001 0.464602803125 0.9552941171875 0.464602803125 0.9552941171875 0.376799065625 0.8400000000000001 0.376799065625 0.8400000000000001 0.464602803125
2 0.42039215625 0.22644859843749998 0.54771241875 0.22644859843749998 0.54771241875 0.1554205609375 0.42039215625 0.1554205609375 0.42039215625 0.22644859843749998
3 0.9708496734375001 1 0.9708496734375001 0.1872663546875 0 0.1872663546875 0 1 0.9708496734375001 1
2 0.395065359375 0.217827103125 0.5119934640625 0.217827103125 0.5119934640625 0.14226635468749999 0.395065359375 0.14226635468749999 0.395065359375 0.217827103125
2 0.6201633984375 0.32859813125000004 0.7152614374999999 0.32859813125000004 0.7152614374999999 0.2582242984375 0.6201633984375 0.2582242984375 0.6201633984375 0.32859813125000004
2 0.8332352937499999 0.47266355156250006 0.965065359375 0.47266355156250006 0.965065359375 0.3897663546875 0.8332352937499999 0.3897663546875 0.8332352937499999 0.47266355156250006
3 0.07068627499999999 0.0945794390625 0.3009477125 0.0945794390625 0.3009477125 0.014205607812500002 0.07068627499999999 0.014205607812500002 0.07068627499999999 0.0945794390625
3 0.3635620921875 0.134742990625 0.43839869218749994 0.134742990625 0.43839869218749994 0.0817056078125 0.3635620921875 0.0817056078125 0.3635620921875 0.134742990625
2 0.06339869218750001 0.9532242984374999 0.1769934640625 0.9532242984374999 0.1769934640625 0.8899532703125 0.06339869218750001 0.8899532703125 0.06339869218750001 0.9532242984374999
2 0.24254902031249997 0.9920093453125001 0.328039215625 0.9920093453125001 0.328039215625 0.9435981312499999 0.24254902031249997 0.9435981312499999 0.24254902031249997 0.9920093453125001
2 0.9805228765624999 1 0.9805228765624999 0.9487850468750001 0.9033986921875 0.9487850468750001 0.9033986921875 1 0.9805228765624999 1