12 0.7293358265625 0.44072608750000003 0.7256090000000001 0.22721633749999998 0.0841905609375 0.2458797078125 0.0879173875 0.4593894578125 0.7293358265625 0.44072608750000003
20 1 0.43800638437500006 0.6668725859375 0.44769940156250004 0.672518984375 0.7711812953125 1 0.761652571875 1 0.43800638437500006
20 0.013789015625000001 0.7899721453125 0.017455065625 1 0.9089444265625 0.974060309375 0.9052783765625 0.7640324546875 0.013789015625000001 0.7899721453125
20 0.4483844375 0.4024985515625 0.0072496859375 0.41533426249999994 0.0125080859375 0.71658774375 0.4536428375 0.7037520328125 0.4483844375 0.4024985515625
20 0.24086185312500002 0.681642053125 0.2463025828125 0.9933412171875 0.5348486828125 0.9849453828125 0.529407953125 0.67324621875 0.24086185312500002 0.681642053125
20 0.09543851875 0 0.098531009375 0.177168721875 0.9087437765624999 0.1535939375 0.906062784375 0 0.09543851875 0
3 0.5168057828125 0.663691434375 0.512530021875 0.4187332171875 0.38678534062500003 0.42239201406250004 0.39106110156249996 0.66735023125 0.5168057828125 0.663691434375
3 0.634314990625 0.6892563375 0.6320618765625 0.5601755578125001 0.49429592031249997 0.5641841375000001 0.496549034375 0.6932649171875 0.634314990625 0.6892563375
3 1 0.7557164109375 0.8370076187500001 0.7604590046874999 0.8403688125000001 0.9530216781249999 1 0.9483768859374999 1 0.7557164109375
3 0.3556518234375 0.2729569640625 0.35363160625 0.157218803125 0.11256777656250001 0.16423304375 0.11458799374999999 0.2799712046875 0.3556518234375 0.2729569640625
3 0.9132295421875 0 0.91602845 0.1603493015625 1 0.157905978125 1 0 0.9132295421875 0