2 0.474609375 0.6429871671875 0.466796875 0.5890703578125 0.4541015625 0.5621630890625 0.4287109375 0.558713325 0.4130859375 0.526426871875 0.3779296859375 0.5266314046875 0.3447265625 0.5484094796875 0.333984375 0.5718556203125 0.318359375 0.6510911703125 0.3203124984375 0.7014445828125 0.3427734375 0.757074909375 0.369140625 0.780305153125 0.4326171875 0.767344665625 0.458984375 0.733015165625 0.474609375 0.6429871671875
16 0.47105788437499996 0.552406525 0.46307385156249997 0.49362944531249997 0.44910179687499996 0.4863577890625 0.41716566874999994 0.5159553546875 0.42115768437499995 0.5600497765625 0.457085828125 0.5708701656249999 0.47105788437499996 0.552406525
16 0.45109780468749994 0.73266970625 0.45508982031249995 0.6995582484375 0.43113772499999997 0.6592564203125 0.39520958125 0.6999066203125001 0.399201596875 0.7366481 0.435129740625 0.7474684890625001 0.45109780468749994 0.73266970625
16 0.381237525 0.7808702609375 0.37325349375 0.7257696515625 0.3592814375 0.7001156453124999 0.3393213578125 0.7075847093750001 0.3333333328125 0.733354840625 0.3473053890625 0.7700382593749999 0.381237525 0.7808702609375
2 0.3818359375 0.86836965 0.3603515625 0.857702190625 0.37890625 0.9025627937499999 0.37890625 0.9277451796875 0.3701171875 0.943984990625 0.3544921875 0.9404784125000001 0.330078125 0.9028468671875001 0.330078125 0.8848594484375001 0.353515625 0.855943221875 0.3427734375 0.8326220718749999 0.2763671875 0.8042285390625 0.251953125 0.8385466718749999 0.236328125 0.917782221875 0.240234375 0.9609293062500001 0.25390625 0.9968246046875 0.3857421875 0.9942588609375 0.392578125 0.8988857671874999 0.3818359375 0.86836965
16 0.371257484375 0.9463695 0.381237525 0.9279290843749999 0.3792415171875 0.8985289312500001 0.355289421875 0.8655800453125 0.32934131718750004 0.8841133609374999 0.32934131718750004 0.9172015953124999 0.35129740468750004 0.9464856234375001 0.371257484375 0.9463695
2 0.3828124984375 0.4528545796875 0.392578125 0.38804305 0.3779296859375 0.346757209375 0.3466796859375 0.3433415328125 0.3310546859375 0.3002626265625 0.2978515625 0.2896633484375 0.275390625 0.313177665625 0.267578125 0.3420029890625 0.275390625 0.3527499890625 0.2421875015625 0.39971045 0.2421875015625 0.45367271093749995 0.2783203140625 0.5200159484375 0.322265625 0.5251565078125 0.3466796859375 0.5196182453125 0.3642578125 0.46555371718750005 0.3828124984375 0.4528545796875
2 0.564453125 0.3834456296875 0.5517578125 0.2773937140625 0.5244140625 0.25596789062499997 0.4775390625 0.249045634375 0.4375 0.31942950937500003 0.41796875 0.3986877859375 0.44921875 0.4848455921875 0.5068359375 0.482711640625 0.5546875015625 0.45904960624999996 0.564453125 0.3834456296875
2 0.5384861109375 0 0.51953125 0.038348521875 0.515625 0.1391007953125 0.572265625 0.1999284984375 0.5908203140625 0.20161929218750002 0.6044921875 0.16556490937499999 0.6396484375 0.158165409375 0.6484375015625 0.138328115625 0.64453125 0.0699986453125 0.65234375 0.026783389062500003 0.6411971765625 0 0.6009332546875 0 0.5751953140625 0.0254334828125 0.5648145734375001 0 0.5384861109375 0
2 0.7256399828125 0 0.69921875 0.05888803124999999 0.69140625 0.141675615625 0.7138671875 0.1973059421875 0.7294921875 0.208007490625 0.7412109375 0.1971468609375 0.767578125 0.2527544609375 0.826171875 0.2020487953125 0.810546875 0.11580008593749999 0.8427734375 0.0958264390625 0.845703125 0.0688282625 0.84375 0.029267301562499997 0.824441353125 0 0.7256399828125 0
2 0.8836277859375 0 0.861328125 0.054347425000000005 0.861328125 0.187454328125 0.927734375 0.259017665625 0.9521484375 0.25707688906250004 1 0.21182994531250002 1 0.03915071875 0.9752529703124999 0 0.8836277859375 0
2 0.943359375 0.40642360312500003 0.9609375015625 0.49266095156249995 0.998046875 0.54280983125 0.9970703140625 0.27120547500000003 0.958984375 0.309200634375 0.943359375 0.40642360312500003
2 0 0.699710621875 0.01171875 0.7104348953125 0.0263671875 0.7625131875 0.048828125 0.774973709375 0.0673828125 0.7694695375 0.1044921875 0.7224863515625 0.126953125 0.6414122859375 0.115234375 0.565933303125 0.0771484375 0.49960142812499997 0.0361328125 0.510632503125 0 0.5450188125000001 0 0.699710621875
2 0.19921875 0.8856207671874999 0.1630859375 0.8192775250000001 0.0771484375 0.8413624000000001 0.052734375 0.8972654359375 0.072265625 0.9978813578124999 0.1904296859375 0.9988921124999999 0.197265625 0.9863616765625001 0.19921875 0.8856207671874999