12 0.47636851562500004 0.741173875 0.7303734296875 0.7441294890625 0.7296490953125 0.619626871875 0.47564418125 0.6166712578125 0.47636851562500004 0.741173875
20 0.0999750234375 0.2354668234375 0.38550327812499996 0.2387892453125 0.384192896875 0.01355364375 0.0986646421875 0.010231221875 0.0999750234375 0.2354668234375
20 0.9623511468749999 0.3097248796875 0.9606142500000001 0.011177759375 0.47697788750000003 0.005550140625 0.478714784375 0.3040972609375 0.9623511468749999 0.3097248796875
20 0.350970209375 0.5846859609374999 0.6967195953124999 0.5887091203125 0.6951507625 0.319049434375 0.34940137656250003 0.315026275 0.350970209375 0.5846859609374999
20 0.0379768109375 0.8435785359375 0.36937730156250004 0.8474347296875001 0.3657937015625 0.23146614375 0.0343932109375 0.22760995 0.0379768109375 0.8435785359375
20 0.3748609140625 0.7511438046875 0.501150840625 0.7526133203125001 0.5006053046875001 0.6588436859375 0.37431537812500004 0.6573741703125 0.3748609140625 0.7511438046875
20 0.3696540546875 0.8928929890624999 0.7327744468749999 0.8971182765625001 0.7319412187500001 0.75389838125 0.36882082656250004 0.74967309375 0.3696540546875 0.8928929890624999
20 1 0.6349708171875 0.8229633109375 0.632910809375 0.8250790515625 0.9965757296875 1 0.9986111187500001 1 0.6349708171875
20 1 0.308657828125 0.84398858125 0.30684247187499997 0.8455654875 0.5778895921875 1 0.5796865999999999 1 0.308657828125
3 0.7142767046875 0.81515464375 0.8382570484375 0.8165972859374999 0.836407678125 0.4987177046875 0.7124273343749999 0.4972750625 0.7142767046875 0.81515464375
3 0.1743187375 0.34523813125 0.3537044875 0.34732547343750003 0.3529787828125 0.222587253125 0.1735930328125 0.22049991093750002 0.1743187375 0.34523813125
3 0.13084859531249998 0.193826296875 0.12972972968750002 0.0015095421875000001 0 0 0.001118865625 0.1923167546875 0.13084859531249998 0.193826296875
3 0.37656968125 0.20237885156250002 0.4576753328125 0.20332260156249998 0.456555934375 0.010914223437499999 0.37545028281250004 0.0099704734375 0.37656968125 0.20237885156250002
3 0.692410671875 0.43505681406249996 0.76297578125 0.4358779140625 0.7624733453125 0.3495166578125 0.6919082359375001 0.3486955578125 0.692410671875 0.43505681406249996
3 0.0040857546875 0.7001703 0.12234128281250001 0.701546328125 0.12179194062500001 0.60712224375 0.0035364125000000002 0.605746215625 0.0040857546875 0.7001703