12 0.7169027703124999 0.730809653125 0.7181449343749999 0.517299903125 0.0767264953125 0.5359632734375 0.07548433125000001 0.7494730234375 0.7169027703124999 0.730809653125
20 0.6556217234374999 0.5139668109375 0.9968983187499999 0.5040366765625001 0.99878028125 0.18055478281249998 0.6575036859375001 0.1904849171875 0.6556217234374999 0.5139668109375
20 0 0 0 0.20999230156249998 0.8902674546875 0.1840881640625 0.8913384484375 0 0 0
20 0 0.5845667640625 0.43773326562500003 0.5718300265625 0.4394859078125 0.2705765453125 0 0.2833642796875 0 0.5845667640625
20 0.22880877812499997 0 0.22703410468750002 0.30504038125 0.5155802046875 0.29664454687499997 0.51730603125 0 0.22880877812499997 0
20 0.090619125 0.81728014375 0.089572240625 0.9972244328125001 0.8997850078124999 0.9736496484374999 0.9008318921875 0.793705359375 0.090619125 0.81728014375
3 0.5016683093750001 0.5518808484375 0.503093434375 0.30692263125 0.377348753125 0.310581428125 0.375923628125 0.5555396453125 0.5016683093750001 0.5518808484375
3 0.6195145484375 0.40362959531250003 0.6202655187499999 0.274548815625 0.4824995625 0.2785573953125 0.4817485921875 0.40763817500000005 0.6195145484375 0.40362959531250003
3 0.8231762312500001 0 0.8220613671875 0.1916289203125 0.9895436359374999 0.186755684375 0.9906301484375 0 0.8231762312500001 0
3 0.34586543125 0.82237200625 0.3465387765625 0.7066338453125 0.105474946875 0.7136480859375001 0.1048016015625 0.829386246875 0.34586543125 0.82237200625
3 0.906948128125 0.9734412234375001 0.9941821703124999 0.970902971875 0.9952695703125001 0.78399489375 0.908035528125 0.7865331453125 0.906948128125 0.9734412234375001