1 0.64079785 0.6413754328125 0.6413869796875 0.6160640140625 0.591578759375 0.6160640140625 0.5909896296875 0.6413754328125 0.64079785 0.6413754328125
1 0.4935474015625 0.5891609 0.49411398125000006 0.5648183390625 0.437894803125 0.5648183390625 0.4373282234375 0.5891609 0.4935474015625 0.5891609
1 0.5454744484375 0.5381487890625001 0.5467751234375 0.48226643593749996 0.453350465625 0.48226643593749996 0.452049790625 0.5381487890625001 0.5454744484375 0.5381487890625001
1 0.6347130921875 0.5808650515625 0.6353517531249999 0.55342560625 0.584036684375 0.55342560625 0.5833980234375 0.5808650515625 0.6347130921875 0.5808650515625
1 0.8563807171875 0.744636678125 0.8570097125 0.71761245625 0.8222973843749999 0.71761245625 0.8216683890625 0.744636678125 0.8563807171875 0.744636678125
1 0.921610671875 0.6876730109375 0.9221506734375 0.66447231875 0.8866986171875 0.66447231875 0.8861586156250001 0.6876730109375 0.921610671875 0.6876730109375
1 0.1904987171875 0.7731141874999999 0.191326640625 0.737543253125 0.1516554078125 0.737543253125 0.150827484375 0.7731141874999999 0.1904987171875 0.7731141874999999
1 0.847586309375 0.2343598609375 0.8481299359375001 0.2110034609375 0.8010614437499999 0.2110034609375 0.8005178171875 0.2343598609375 0.847586309375 0.2343598609375
1 0.564951353125 0.18689446406250002 0.5654285359375 0.1663927328125 0.526935384375 0.1663927328125 0.5264582015625 0.18689446406250002 0.564951353125 0.18689446406250002
1 0.375444128125 0.3352249140625 0.37599419843750004 0.3115916953125 0.3385969390625 0.3115916953125 0.33804686875 0.3352249140625 0.375444128125 0.3352249140625
1 0.1680291265625 0.28537197187499996 0.16861181249999999 0.2603373703125 0.13378989531250002 0.2603373703125 0.133207209375 0.28537197187499996 0.1680291265625 0.28537197187499996
1 0.729957975 0.44439446406250005 0.731061334375 0.39698961875 0.6831709234375001 0.39698961875 0.6820675640625 0.44439446406250005 0.729957975 0.44439446406250005
1 0.667813434375 0.0468598609375 0.66849518125 0.0175692046875 0.6303581953124999 0.0175692046875 0.6296764484375 0.0468598609375 0.667813434375 0.0468598609375