20 1 0.714269975 0.012367334375 0.708524096875 0.0172866484375 0.99035140625 1 0.996068665625 1 0.714269975
20 0.3068456671875 0.4378854625 0.2992327359375 0.001740884375 0 0 0.007612931250000001 0.43614457812499996 0.3068456671875 0.4378854625
2 0.44815677656249997 0.543114653125 0.44441620625 0.32881746562499997 0.2818586609375 0.327871734375 0.28559923125000003 0.542168921875 0.44815677656249997 0.543114653125
2 0.6422575984375001 0.7249484390625 0.6361476234375 0.374908278125 0.453180871875 0.373843809375 0.459290846875 0.7238839703125 0.6422575984375001 0.7249484390625
2 0.34701060156249997 0.60945715625 0.345409853125 0.5177503296875 0.2169443796875 0.5170029390625 0.21854512812500002 0.608709765625 0.34701060156249997 0.60945715625
17 0.28715188281250004 0.5527391328125 0.28528510156250003 0.44579134062500003 0.04408305625 0.4443880671875 0.0459498375 0.551335859375 0.28715188281250004 0.5527391328125
20 0.8151374828125 0.5693436234375 0.809537140625 0.24850024999999998 0.557388803125 0.24703329531249998 0.5629891453125 0.56787666875 0.8151374828125 0.5693436234375
2 0.9107712734375 0.48021031875000003 0.9079139703125 0.316515540625 0.7645891625 0.31568170156250003 0.767446465625 0.4793764796875 0.9107712734375 0.48021031875000003
3 1 0.61162324375 0.997380978125 0.46157959687499994 0.7848234328125 0.4603429734375 0.79015809375 0.7659654625 1 0.7671862875000001 1 0.61162324375
3 0.8112530671875 0.7379785953125 0.8085212437499999 0.581472571875 0.6477795546875 0.580537403125 0.650511378125 0.7370434265625 0.8112530671875 0.7379785953125
3 0.9897725828124999 0.3187084734375 0.9843094625000001 0.005726545312499999 0.3634654734375 0.0021145796875 0.36892859375 0.3150965078125 0.9897725828124999 0.3187084734375
3 0.48472585625000003 0.6852206265625 0.4823024765625 0.546385284375 0.3374942921875 0.545542815625 0.339917671875 0.6843781578125 0.48472585625000003 0.6852206265625