3 0 0.77156755 0.72187375625 0.7505631687500001 0.7313305859375 0.2087816953125 0 0.2300612421875 0 0.77156755
19 0.8562042640625 0 0.8391842781250001 0.9750743406250001 0.982544934375 0.970902971875 0.999492109375 0 0.8562042640625 0
19 0.6872934625 0.8237535734374999 0.6845736234375 0.9795730515625 0.8408441140624999 0.9750260453124999 0.8435639531250001 0.8192065671875 0.6872934625 0.8237535734374999
19 0.6314619109375 0 0.629502434375 0.112258328125 0.8267565328125001 0.1065188203125 0.8286158265625 0 0.6314619109375 0
19 0 0 0 0.07630326875 0.6344871171875 0.0578415796875 0.6354967453125 0 0 0
11 0.6851719187499999 0.9758045796875001 0.68734364375 0.8513865265625 0.0268108578125 0.8706060687500001 0.0246391328125 0.995024121875 0.6851719187499999 0.9758045796875001
11 0.7613222625 0.822062503125 0.76362790625 0.6899722421875001 0.6246115125 0.6940172062500001 0.62230586875 0.8261074671875 0.7613222625 0.822062503125
11 0.44071764687500004 0.17254541406249999 0.44276333125 0.0553482640625 0.057312510937500005 0.0665637375 0.0552668265625 0.1837608875 0.44071764687500004 0.17254541406249999
19 0.8533368703124999 0 0.8363154265625001 0.975157815625 0.982544934375 0.970902971875 0.999492109375 0 0.8533368703124999 0
19 0.6721255015625001 0.80447809375 0.669061328125 0.9800244125 0.835700671875 0.9751757031249999 0.8387648453125 0.799629384375 0.6721255015625001 0.80447809375
19 0.7204535734374999 0 0.7174175921875 0.17393127656250001 0.8551225109375 0.1699244734375 0.8580885531250001 0 0.7204535734374999 0
19 0 0 0 0.0830456859375 0.70699231875 0.0624743109375 0.7080828125 0 0 0
3 0.7943050625 0.584595903125 0.8016208499999999 0.1654747640625 0.0098995390625 0.18851150156250002 0.0025837515625 0.607632640625 0.7943050625 0.584595903125
3 0 0.825008325 0.6672314515625 0.8055938734374999 0.6708456046875 0.5985392421875 0 0.61805885625 0 0.825008325
20 0.8621990578125001 0.6410230171875 0.9883670906249999 0.637351903125 0.9906661015625 0.5056416890625 0.86449806875 0.509312803125 0.8621990578125001 0.6410230171875
20 0.848646321875 0.7498064640625001 0.8528753390625001 0.5075261796875 0.77558025625 0.5097752375 0.7713512390624999 0.752055521875 0.848646321875 0.7498064640625001
20 0.9863586 0.439126303125 0.9874826062500001 0.3747320046875 0.8873596546875 0.3776452859375 0.8862356484375 0.44203958437499996 0.9863586 0.439126303125
20 0.9937267406249999 0.27632232343749996 0.9946496625 0.22344821406249998 0.92104310625 0.2255899453125 0.9201201843750001 0.2784640546875 0.9937267406249999 0.27632232343749996
20 0.9952686125 0.19033538125 0.9970157765625001 0.0902403703125 0.8777534812500001 0.0937105484375 0.8760063171875 0.193805559375 0.9952686125 0.19033538125
20 0.8659225453125 0.15313403750000001 0.8674893562499999 0.0633715671875 0.7267106671875 0.0674678078125 0.72514385625 0.15723027812499998 0.8659225453125 0.15313403750000001
20 0.6440049250000001 0.0851753125 0.6452819234375 0.01201616875 0.490363890625 0.016523823437499998 0.48908689218749996 0.08968296718749999 0.6440049250000001 0.0851753125
20 0.1443639625 0.5449859265625 0.146800621875 0.405389728125 0.0088088171875 0.40940487968749995 0.006372157812499999 0.549001078125 0.1443639625 0.5449859265625
20 0.30241073125 0.7144199421875 0.30315454062499997 0.671807115625 0.21758076875 0.6742970578125 0.216836959375 0.7169098843749999 0.30241073125 0.7144199421875
20 0.5236507890625 0.5841736921875 0.52424119375 0.5503494640625 0.44239693124999996 0.5527308890625 0.44180652656249997 0.5865551171875001 0.5236507890625 0.5841736921875
20 0.3977625125 0.4439193 0.3986489484375 0.39313545156249996 0.3318046875 0.39508042187500003 0.3309182515625 0.44586427031250003 0.3977625125 0.4439193
12 0.5606550328125001 0.3744619046875 0.5616384875 0.3181198625 0.4317614390625 0.3218988984375 0.430777984375 0.378240940625 0.5606550328125001 0.3744619046875
20 0.83683883125 0.45821998593749996 0.83791971875 0.3962959953125 0.7066492265625001 0.40011557656249996 0.7055683390625 0.46203956718750006 0.83683883125 0.45821998593749996
20 0.7862221625 0.314303478125 0.786841175 0.2788402953125 0.7228657640625 0.2807017890625 0.7222467515625 0.31616497187500003 0.7862221625 0.314303478125