1 0.3197176078125 0.191610978125 0.3434717609375 0.191610978125 0.3434717609375 0.1511097859375 0.3197176078125 0.1511097859375 0.3197176078125 0.191610978125
1 0.11646179375000001 0.48649164687499996 0.139617940625 0.48649164687499996 0.139617940625 0.43618138437500004 0.11646179375000001 0.43618138437500004 0.11646179375000001 0.48649164687499996
1 0.20681063125 0.397458234375 0.2351162796875 0.397458234375 0.2351162796875 0.36201670625000004 0.20681063125 0.36201670625000004 0.20681063125 0.397458234375
1 0.2777906984375 0.655250596875 0.3073588046875 0.655250596875 0.3073588046875 0.614630071875 0.2777906984375 0.614630071875 0.2777906984375 0.655250596875
1 0.0083803984375 0.8184486874999999 0.10866279062499999 0.8184486874999999 0.10866279062499999 0.7606443921875 0.0083803984375 0.7606443921875 0.0083803984375 0.8184486874999999
1 0.1535631234375 0.5068735078125 0.17703488437499998 0.5068735078125 0.17703488437499998 0.4778997609375 0.1535631234375 0.4778997609375 0.1535631234375 0.5068735078125
1 0.18905315625000002 0.117422434375 0.21573089687499997 0.117422434375 0.21573089687499997 0.06768496406249999 0.18905315625000002 0.06768496406249999 0.18905315625000002 0.117422434375
1 0.45682724218750004 0.11741050156249999 0.53094684375 0.11741050156249999 0.53094684375 0.019009546874999998 0.45682724218750004 0.019009546874999998 0.45682724218750004 0.11741050156249999
1 0.5713621265625 0.5866348453125 0.6096345515625 0.5866348453125 0.6096345515625 0.4825298328125 0.5713621265625 0.4825298328125 0.5713621265625 0.5866348453125
1 0.6552491687499999 0.633007159375 0.694784053125 0.633007159375 0.694784053125 0.5845107406250001 0.6552491687499999 0.5845107406250001 0.6552491687499999 0.633007159375
1 0.545556478125 0.8499761343750001 0.596337209375 0.8499761343750001 0.596337209375 0.7328400953124999 0.545556478125 0.7328400953124999 0.545556478125 0.8499761343750001