2 0.7866701843749999 0.8578024765625001 0.7971075796875 0.84023303125 0.8068630125 0.799226084375 0.79626048125 0.7573659671875 0.7594591640624999 0.7289334328125 0.73409545 0.7173064515625 0.68565795 0.7189979265625001 0.6624932359375 0.7291913828125 0.615101409375 0.76682035625 0.60787994375 0.787405675 0.6094711875 0.8420931749999999 0.619482684375 0.8636407937499999 0.6705738234374999 0.8993947546875001 0.711608 0.9120385984375 0.7866701843749999 0.8578024765625001
2 0.4736078953125 0.90314478125 0.5013237171875 0.888100134375 0.5470166515625 0.8458382234374999 0.5566356921875 0.800143778125 0.5555445531250001 0.762643778125 0.5489763046875 0.7519245328124999 0.5013284140625001 0.72699894375 0.4465499859375 0.7257836734375 0.40017509218749997 0.744608084375 0.38652176875 0.7591616578125 0.3704254078125 0.7972618578125 0.3715165453125 0.8347618578124999 0.38014739999999997 0.8626140390625 0.40440325312500003 0.889920584375 0.43284650312500006 0.8998759375000001 0.4736078953125 0.90314478125
2 0.25481243125 0.9092212 0.2934202890625 0.89223210625 0.3008236125 0.8778967890624999 0.2966984015625 0.8436309156249999 0.3080163359375 0.80256940625 0.3005388046875 0.7606001609375 0.262311378125 0.7369096890625 0.1952148078125 0.7423809296874999 0.16111259218750001 0.7529563312499999 0.13688548125 0.78039185 0.1362322640625 0.8116964140625 0.1702268296875 0.8511755750000001 0.1717271453125 0.902738075 0.1860169671875 0.9100595031250001 0.22494307343750003 0.904007909375 0.25481243125 0.9092212
2 0.035992920312499996 0.6994543625 0.053771453125 0.7191666624999999 0.0724759890625 0.7169493984375 0.0869022015625 0.728958325 0.111947665625 0.7296478046875 0.1492203453125 0.7205257765625 0.17376570468750002 0.7040277578125 0.192987065625 0.6658184296874999 0.18931649687500002 0.6471775562500001 0.194520821875 0.6110218015625 0.1828104328125 0.584841246875 0.1459181859375 0.5532837125000001 0.11475911406249999 0.5574999875 0.09247493749999999 0.544201378125 0.06899197343749999 0.543457334375 0.024361434374999998 0.56847718125 0.019992182812500002 0.579578371875 0.0406062125 0.6429861078125 0.0319131734375 0.666750990625 0.035992920312499996 0.6994543625
2 0.2993567375 0.7199751609375 0.35735109375 0.7242063046875 0.398993025 0.703983084375 0.42639060000000006 0.6780009375 0.42842446093750003 0.640391809375 0.43720842656250003 0.619751928125 0.43441839687500006 0.5776189921875 0.41025347031250003 0.5534374468750001 0.359753365625 0.5379959859375 0.3021681859375 0.5478273421875001 0.2650318984375 0.561636871875 0.2452195046875 0.5795337 0.23505489375000002 0.6064781453125 0.2378903890625 0.65017358125 0.2514360640625 0.685674571875 0.2643907046875 0.7008630625000001 0.2993567375 0.7199751609375
2 0.2079635453125 0.5354761640625 0.2420657609375 0.5249007625 0.27267926249999996 0.5019344890624999 0.29645173125 0.45887397031250005 0.2982582734375 0.41345234218750004 0.2913263109375 0.39023309687499996 0.2543431375 0.3555505625 0.2163884953125 0.341235090625 0.18509303125 0.340763865625 0.126490921875 0.3693997859375 0.10079223906250001 0.40001486875000003 0.0998207734375 0.4203819328125 0.10886080312499999 0.46229661406250006 0.1272303703125 0.5023214140625 0.16237826093750002 0.5276835125 0.2079635453125 0.5354761640625
2 0.462696509375 0.52814478125 0.4951907609375 0.51606144375 0.527093978125 0.48366560625000005 0.5382300546875001 0.43635409531249997 0.5335138109375 0.3817757234375 0.5188148140625 0.360391796875 0.4650078515625 0.3388094625 0.413490815625 0.3421725640625 0.3656898140625 0.3657390390625 0.3415081671875 0.39473705937500003 0.3379572703125 0.43396324999999997 0.34359951718750004 0.46661205937499994 0.35861676249999996 0.4989334859375 0.38103733281249996 0.51691959375 0.4204635453125 0.5280555015624999 0.462696509375 0.52814478125
2 0.5687144921875 0.677723140625 0.59031670625 0.6675842484375 0.6084756734375001 0.646616984375 0.6262709265625 0.6131497203125 0.6300946093750001 0.583298528125 0.6214637546875 0.5554463468749999 0.6068556859375 0.5371874203125 0.5503783656250001 0.5313392140625 0.525560221875 0.5384622328125 0.5056568984375 0.5532340609374999 0.4877707171875 0.583576325 0.48537314218749994 0.608685453125 0.5078391765625 0.6282340609375 0.5117825296875 0.656249934375 0.5310781 0.6743451687500001 0.5687144921875 0.677723140625
2 0.8722366453125 0.5732786546875 0.8654410765625 0.554746909375 0.8447193984375 0.5413937375 0.77583300625 0.539107040625 0.738924040625 0.56072906875 0.7254980375 0.5830951421874999 0.72396428125 0.6378917703125 0.7308962421875 0.661111015625 0.758095240625 0.6820584328125 0.79568616875 0.6838739031250001 0.8451406 0.663377865625 0.8707938171875 0.6312002828125001 0.8722366453125 0.5732786546875
2 0.6293886015625 0.3440177734375 0.5879285265624999 0.37049099375 0.5805084828125 0.4380058765625 0.5839971953124999 0.4503967484375 0.59520748125 0.459389803125 0.642355265625 0.46712789218750006 0.6594063734375 0.461840190625 0.67301423125 0.44572411718750005 0.6885650234375 0.38887391718750003 0.6576045296874999 0.3461606265625 0.6293886015625 0.3440177734375
2 0.581877103125 0.323779684375 0.6174054265625 0.3084622203125 0.643149571875 0.27940963750000003 0.6515243625 0.2447072546875 0.646989975 0.1963788828125 0.6226431921875 0.1659473375 0.5797282671875 0.14242055781250001 0.5452623390625 0.14049595937499998 0.5079441953125 0.1480554875 0.47108069218750004 0.17124001718749998 0.45600126249999995 0.190535653125 0.453177790625 0.2547618453125 0.4601097515625 0.277981090625 0.4764167140625 0.300872953125 0.4939679265625 0.3127727515625 0.581877103125 0.323779684375
2 0.23966085937499998 0.280987071875 0.2401155015625 0.296612071875 0.23422921406250002 0.3093303265625 0.274064603125 0.33452873437499997 0.33040553125 0.335689440625 0.3537066390625 0.3301834859375 0.3752179265625 0.31691959375 0.4007347515625 0.2800545109375 0.40424018593750005 0.2392658203125 0.3996148703125 0.187812446875 0.3708079078125 0.16535709375000002 0.318745303125 0.1499701953125 0.285932803125 0.1511160328125 0.2487510515625 0.1633630625 0.2258591203125 0.18293151875 0.217211546875 0.2082589 0.222626471875 0.233095209375 0.2386151859375 0.245049571875 0.23318353906249997 0.27339282656249997 0.23966085937499998 0.280987071875
2 0.007654690625 0.2093204359375 0.0083653953125 0.2875 0.019530215625 0.29493055468749996 0.079087071875 0.2991071328125 0.134791503125 0.27839284062499997 0.138933434375 0.2594791484375 0.131637759375 0.223759903125 0.1220354390625 0.2162747859375 0.08587061875 0.2097172515625 0.007654690625 0.2093204359375
2 0.3389217203125 0 0.3288069609375 0.011979121875 0.3219492078125 0.045064440625 0.33769387968750003 0.10238586718750001 0.368199734375 0.1294741578125 0.399813446875 0.1408828828125 0.439057803125 0.145768790625 0.46695548281250004 0.13697414375 0.503637128125 0.107539615625 0.5049435640625 0.0449304875 0.5121195671875001 0.022782668750000002 0.508448996875 0.004141796875 0.50403245625 0 0.3389217203125 0
2 0.573016146875 0 0.5667161390625 0.017747939062500002 0.567307171875 0.0380604390625 0.58930184375 0.0951636109375 0.6182906625 0.12386896562500001 0.6357054828125001 0.1310812640625 0.6560179828125 0.13037193593750002 0.7167281625 0.12043145156249999 0.7609949874999999 0.0829116046875 0.7667448828125 0.06550585 0.7650627109375 0.00769335 0.761281865625 0 0.573016146875 0
2 0.952749825 0.867643725 0.957817759375 0.8268004703124999 0.9845788359375 0.7789433234375001 0.9825162296875 0.7618103875 0.9711240890624999 0.7465673328125 0.9441524125 0.7334324156250001 0.88495926875 0.7417558359374999 0.8696525171875 0.7532389734375 0.85475494375 0.7787846109375 0.852448296875 0.8070187375 0.8616701843750001 0.85518341875 0.87288046875 0.8641764734375 0.9153862171875 0.873640753125 0.9435112171875 0.8726586062499999 0.952749825 0.867643725
2 0.9655032609375 0.49963776875 0.9679462984375 0.4760911421875 0.9817360140625 0.46622506875 0.9921279453125 0.44709312187499994 0.9880481984375 0.41438974999999995 0.9347125984375 0.3552528515625 0.88457620625 0.352311390625 0.8662808468750001 0.3685911546875 0.858968453125 0.3860514734375 0.8598777343749999 0.4173014734375 0.8704348015625 0.45759909062500004 0.8616962984375001 0.4798014734375 0.8873782609375 0.5023659546875 0.9424294734374999 0.512956225 0.9655032609375 0.49963776875