14 0.931184125 0.2073170734375 0.9391614609375001 0.20325203281249998 0.9409251875000001 0.189024390625 0.9366172203125 0.172764228125 0.9223553250000001 0.1626016265625 0.9083062953125 0.164634146875 0.902589378125 0.18292682968750001 0.9170641406250001 0.205284553125 0.931184125 0.2073170734375
14 0.9761947515625 0.25 0.9860067703125001 0.2357723578125 0.985793903125 0.22357723593749998 0.9675078625 0.213414634375 0.94950564375 0.21951219531250002 0.9518724953125 0.23983739843750002 0.962145721875 0.2520325203125 0.9761947515625 0.25
14 0.9300235203125 0.25609756093749997 0.9336928859375 0.2357723578125 0.9193600359375 0.22154471562500003 0.9033344109374999 0.22560975625 0.9036182328125 0.24186991875000002 0.9139269406249999 0.25609756093749997 0.9300235203125 0.25609756093749997
14 0.733088765625 0.27032520312499997 0.751020028125 0.2601626015625 0.7508426390625 0.25 0.7385928171875 0.23983739843750002 0.7204841656250001 0.23983739843750002 0.7125777859375 0.2479674796875 0.7189687796875 0.26829268281249996 0.733088765625 0.27032520312499997
14 0.805143278125 0.3638211375 0.8128013125000001 0.3414634140625 0.7983975046875 0.32317073125 0.778312259375 0.32520325156249996 0.7745364593749999 0.33943089375 0.7849515984375001 0.359756096875 0.805143278125 0.3638211375
14 0.692786521875 0.382113821875 0.7027049734374999 0.3739837390625 0.698361528125 0.35569105625 0.6881592546874999 0.347560975 0.6681449640625 0.3536585359375 0.6623216140625 0.3658536578125 0.66853521875 0.3760162609375 0.692786521875 0.382113821875
14 0.963798021875 0.5772357718750001 0.9614666484375001 0.5589430890625 0.94928778125 0.552845528125 0.9173784453125 0.569105690625 0.93199511875 0.5995934953125001 0.9460796265625 0.5995934953125001 0.963798021875 0.5772357718750001
14 0.7185482125 0.705284553125 0.7447761093749999 0.7093495937500001 0.7626718953125 0.697154471875 0.7643646671875 0.6788617890624999 0.7500672921875 0.6666666671875 0.7359827859375 0.6666666671875 0.716145884375 0.6829268296875 0.712370084375 0.697154471875 0.7185482125 0.705284553125
14 0.5907689546875 0.7621951218749999 0.588402103125 0.74186991875 0.5579017171875 0.7235772359375 0.537922903125 0.7317073171875 0.53623013125 0.75 0.5626708953125 0.7662601625 0.5907689546875 0.7621951218749999
14 0.5716669249999999 0.705284553125 0.5473091875 0.69308943125 0.5272948984375 0.6991869921875 0.515683675 0.72560975625 0.5620677734374999 0.7317073171875 0.5716669249999999 0.705284553125
14 0.3890751828125 0.8495934953125 0.4150902125 0.8414634140624999 0.4229611140625 0.8313008125 0.42278372500000005 0.8211382109375001 0.40241465625000006 0.80691056875 0.40802514062500006 0.782520325 0.3957043609375 0.7682926828125 0.37960778125 0.7682926828125 0.3680320359375 0.7967479671875 0.3707536640625 0.8373983734375001 0.3890751828125 0.8495934953125
14 0.307254290625 0.8882113828125 0.337541809375 0.8943089437499999 0.3976556390625 0.8800813015625 0.3911582109375 0.8536585359375 0.3669778640625 0.8516260156250001 0.3445257671875 0.8333333328125001 0.3324533328125 0.8333333328125001 0.3145930234375 0.847560975 0.304958396875 0.8719512187499999 0.307254290625 0.8882113828125
14 0.45121124375 0.9512195125 0.4629289015625 0.9308943093750001 0.460668484375 0.9166666671874999 0.411740146875 0.8800813015625 0.3896783046875 0.8841463421875 0.3624317140625 0.9369918703125 0.392825665625 0.9491869921875 0.45121124375 0.9512195125
14 0.3110047734375 0.987804878125 0.335185121875 0.9898373984375001 0.3445004484375 0.947154471875 0.3823395703125 0.9247967484374999 0.3782089921875 0.9186991875 0.3298482984375 0.914634146875 0.3077509796875 0.9166666671874999 0.29592688906250003 0.9308943093750001 0.2966364453125 0.9715447156250001 0.3110047734375 0.987804878125
14 0.22571722031250002 0.94308943125 0.25575639687499996 0.93495935 0.2615087921875 0.9186991875 0.24918801249999997 0.9044715453125001 0.213077140625 0.91056910625 0.205206240625 0.9207317078124999 0.2074666578125 0.93495935 0.22571722031250002 0.94308943125
14 0.069677671875 0.7642276421875 0.055167431249999996 0.7398373984375 0.023009750000000002 0.74186991875 0.013126776562500001 0.7520325203125 0.015529103124999999 0.77439024375 0.03600460625 0.794715446875 0.03018125625 0.80691056875 0.014191109375 0.8130081296875 0.0146877984375 0.8414634140624999 0.034950434375 0.8495934953125 0.055000203125 0.8455284546874999 0.07480162812499999 0.827235771875 0.0724702546875 0.8089430890625 0.056089853125 0.7926829265625 0.069677671875 0.7642276421875
14 0.31692939375 0.520325203125 0.326883321875 0.5142276421875 0.32864705 0.5 0.3202439828125 0.47967479687500003 0.3059820859375 0.4695121953125 0.2959217234375 0.4695121953125 0.2861806609375 0.48780487812500006 0.29465468437500003 0.5121951218749999 0.31692939375 0.520325203125
14 0.37831026093750003 0.463414634375 0.390240784375 0.455284553125 0.3998044578125 0.42682926875 0.38751915625 0.414634146875 0.361504125 0.422764228125 0.35592911875 0.44918699218749997 0.364190275 0.4613821140625 0.37831026093750003 0.463414634375
14 0.2079133765625 0.4416565265625 0.215048571875 0.44715447187499996 0.22680170624999998 0.4288617890625 0.208444709375 0.414634146875 0.18638286875 0.4186991875 0.178653878125 0.43699187031250003 0.1956713328125 0.4416565265625 0.2079133765625 0.4416565265625
14 0.161624715625 0.26829268281249996 0.16737711093750002 0.2520325203125 0.1551272875 0.24186991875000002 0.133065446875 0.24593495937499998 0.125371934375 0.2662601625 0.141610425 0.27439024375 0.161624715625 0.26829268281249996
14 0.44659396874999996 0.22560975625 0.45439391406249996 0.2113821140625 0.44186026875 0.18495935 0.413833165625 0.19308943125 0.41620001406249996 0.213414634375 0.4304973890625 0.22560975625 0.44659396874999996 0.22560975625
14 0.5411360562499999 0.33943089375 0.5509480734375 0.32520325156249996 0.5505223406249999 0.30081300781250003 0.5382725171875 0.29065040625 0.5143050375 0.30081300781250003 0.5187549140625001 0.32520325156249996 0.53107569375 0.33943089375 0.5411360562499999 0.33943089375
14 0.0425221875 0.24593495937499998 0.048381015625 0.2357723578125 0.042060976562500005 0.21951219531250002 0.0179870625 0.22357723593749998 0.01029355 0.24390243906250003 0.0164362 0.25 0.0425221875 0.24593495937499998
14 0.49894317343749994 0.5582749859375 0.5127298453125 0.564360675 0.5011277953125 0.5833333328125 0.509317996875 0.5914634140625 0.55167795 0.597560975 0.557217478125 0.569105690625 0.5348363375 0.5548780484375 0.5386121375 0.5406504062499999 0.5273083765625 0.5217607890625 0.512794209375 0.5366984125 0.49871140625 0.5449970921875 0.49452682656249997 0.5560619953125 0.49894317343749994 0.5582749859375