1 0.3345388375 0.6909704421875 0.379711728125 0.6922848390625 0.3790823296875 0.6562265859374999 0.33390943906250004 0.6549121890625 0.3345388375 0.6909704421875
1 0.3353088 0.56876369375 0.370606171875 0.5697907421874999 0.369577509375 0.510858703125 0.3342801375 0.5098316546875 0.3353088 0.56876369375
1 0.076856953125 0.8118540296875001 0.1090699546875 0.81279133125 0.10824871875 0.7657427875 0.07603571718749999 0.7648054859375 0.076856953125 0.8118540296875001
1 0.32350287187500004 0.973864634375 0.3823272140625 0.9755762484374999 0.381392775 0.92204226875 0.32256843281249997 0.9203306546875 0.32350287187500004 0.973864634375
1 0.42289666875 0.34924062031249997 0.45329777499999996 0.3501252015625 0.45255280000000003 0.30744558906249997 0.42215169374999995 0.3065610078125 0.42289666875 0.34924062031249997
1 0.8172853375000001 0.41164173593750003 0.841490040625 0.412346021875 0.8408236984374999 0.3741712640625 0.8166189953125 0.373466978125 0.8172853375000001 0.41164173593750003
1 0.892527921875 0.23249603125 0.913800396875 0.233114996875 0.9133113156249999 0.20509557968749997 0.8920388406249999 0.2044766140625 0.892527921875 0.23249603125
1 0.8822132765624999 0.14052404375 0.9075521421875001 0.1412613296875 0.9068132671875 0.0989312328125 0.8814744015624999 0.09819394687500001 0.8822132765624999 0.14052404375
1 0.8705339999999999 0.7188028078124999 0.9060526734375 0.7198362953124999 0.9053734515625 0.6809236750000001 0.8698547781249999 0.6798901875000001 0.8705339999999999 0.7188028078124999
1 0.6905769953124999 0.8847223390625001 0.742997465625 0.88624761875 0.7422904515625001 0.8457427640624999 0.68986998125 0.8442174843749999 0.6905769953124999 0.8847223390625001
1 0.0779695734375 0.459405321875 0.10084647499999999 0.460070971875 0.10022317656249999 0.4243622328125 0.07734627499999999 0.4236965828125 0.0779695734375 0.459405321875
1 0.17358635 0.36643031875 0.20716864531249998 0.3674074640625 0.20636706718750003 0.321485134375 0.17278477187500002 0.3205079890625 0.17358635 0.36643031875
1 0.1679256296875 0.541477546875 0.193969890625 0.5422353578125 0.193097815625 0.49227419218749996 0.1670535546875 0.49151638125 0.1679256296875 0.541477546875
1 0.7740179640625 0.094591796875 0.81051865625 0.09565385937500001 0.8097584296875 0.0521004609375 0.7732577375 0.0510383984375 0.7740179640625 0.094591796875
1 1 0.85323164375 0.9947799078124999 0.8530797546875 0.9955225109375 0.8956234437499999 1 0.895753725 1 0.85323164375
1 0.8668305421875001 0.9224264734375 0.923621690625 0.9240789265625 0.92288654375 0.8819624218750001 0.8660953953125 0.88030996875 0.8668305421875001 0.9224264734375