4 0.328636390625 0.9788077859375001 0.338222128125 0.649367396875 0.0787817375 0.649367396875 0.06919600000000001 0.9788077859375001 0.328636390625 0.9788077859375001
4 0.576087540625 0.79631386875 0.5820959703125 0.58981751875 0.3186166515625 0.58981751875 0.31260822187500004 0.79631386875 0.576087540625 0.79631386875
4 0.7708277484375 0.8223844281250001 0.778912615625 0.544525546875 0.5893019109375001 0.544525546875 0.5812170437499999 0.8223844281250001 0.7708277484375 0.8223844281250001
4 0.725183446875 0.47827250625 0.729732778125 0.321922140625 0.519319153125 0.321922140625 0.5147698218750001 0.47827250625 0.725183446875 0.47827250625
4 0.9457359999999999 0.3739902671875 0.9490591484375 0.25978102187499996 0.757477640625 0.25978102187499996 0.7541544921875001 0.3739902671875 0.9457359999999999 0.3739902671875
4 0.9805593734375 0.6677128953125 0.9894159140625 0.3633333328125 0.9247687125 0.3633333328125 0.9159121718750001 0.6677128953125 0.9805593734375 0.6677128953125
4 0.6442730796875 0.1880413625 0.6464783656249999 0.1122506078125 0.5584248374999999 0.1122506078125 0.5562195515624999 0.1880413625 0.6442730796875 0.1880413625
2 0.679111028125 0.1028832109375 0.6820398453125 0.002226278125 0.5807503078125 0.002226278125 0.577821490625 0.1028832109375 0.679111028125 0.1028832109375
2 0.36865965156249997 0.3149026765625 0.37233465625 0.18860097343749999 0.086957528125 0.18860097343749999 0.0832825234375 0.3149026765625 0.36865965156249997 0.3149026765625
4 0 0.6259975671875 0.0799361828125 0.6259975671875 0.08479205937499999 0.45911192187500005 0 0.45911192187500005 0 0.6259975671875
4 0.35323693437500003 0.6225182484375 0.3598372171875 0.395681265625 0.299910209375 0.395681265625 0.2933099265625 0.6225182484375 0.35323693437500003 0.6225182484375