14 0.1436363640625 0.4176072234375 0.1563636359375 0.408577878125 0.1727272734375 0.372460496875 0.1745454546875 0.31376975156250003 0.16545454531249998 0.2957110609375 0.1363636359375 0.286681715625 0.12181818124999999 0.2957110609375 0.11090909062500001 0.3160270875 0.1072727265625 0.361173815625 0.12181818124999999 0.4040632046875 0.1436363640625 0.4176072234375
14 0.2054545453125 0.32505643281249996 0.23272727343750002 0.30474040625 0.2363636359375 0.2641083515625 0.21090909062500002 0.24604966093749997 0.17636363593749999 0.2528216703125 0.16545454531249998 0.2641083515625 0.16 0.2821670421875 0.17636363593749999 0.32279909687499997 0.2054545453125 0.32505643281249996
14 0.287602321875 0.279294534375 0.3239659578125 0.24769182656250002 0.3203295953125 0.21608911718749998 0.2948750484375 0.19577309062499998 0.2712386859375 0.20705977187500002 0.2563978484375 0.2513206234375 0.2405339640625 0.27431041562499997 0.253753859375 0.31043714375000003 0.287602321875 0.279294534375
14 0.45818181874999997 0.516930021875 0.45999999999999996 0.49661399531250006 0.43454545468749994 0.45146726875 0.4036363640625 0.433408578125 0.3727272734375 0.4311512421875 0.3454545453125 0.4492099328125 0.3363636359375 0.469525959375 0.33818181875 0.4853273140625 0.41454545468750004 0.5304740406249999 0.45818181874999997 0.516930021875
14 0.4454545453125 0.4153498875 0.450909090625 0.3747178328125 0.39272727343749997 0.3566591421875 0.3654545453125 0.3905191875 0.3654545453125 0.4176072234375 0.3745454546875 0.433408578125 0.41272727343750004 0.4401805875 0.4454545453125 0.4153498875
14 0.4745454546875 0.4311512421875 0.5145454546875 0.4176072234375 0.5327272734374999 0.44695259531250003 0.5436363640625 0.45372460468750003 0.5563636359374999 0.4492099328125 0.5690909093750001 0.419864559375 0.5690909093750001 0.40180586875 0.5563636359374999 0.3566591421875 0.529090909375 0.32957110625 0.5036363640625 0.32731377031250003 0.48 0.33634311562499997 0.45999999999999996 0.3566591421875 0.449090909375 0.3905191875 0.45272727343749997 0.4153498875 0.4745454546875 0.4311512421875
14 0.5963636359375 0.54853273125 0.62 0.5349887140625 0.6472727265625 0.49661399531250006 0.6454545453125 0.469525959375 0.5890909093750001 0.46275395 0.5636363640625001 0.48758464999999995 0.5527272734374999 0.51241535 0.5545454546874999 0.53724605 0.5709090906250001 0.5507900671875 0.5963636359375 0.54853273125
14 0.7127272734375001 0.32279909687499997 0.729090909375 0.3069977421875 0.729090909375 0.261851015625 0.710909090625 0.22799097031249999 0.687447203125 0.2377041828125 0.6750262765625 0.23177003593749998 0.670249009375 0.230583225 0.6581818187499999 0.214446953125 0.6472727265625 0.24153498906249998 0.6597390328125 0.2911114875 0.6788481078124999 0.310100778125 0.7127272734375001 0.32279909687499997
14 0.09818181875000001 0.7042889390625 0.089090909375 0.6907449203125 0.0527272734375 0.6546275390625 0.03818181875 0.6501128671874999 0.032727273437499996 0.706546275 0.03818181875 0.7178329578125 0.0836363640625 0.724604965625 0.0945454546875 0.7178329578125 0.09818181875000001 0.7042889390625
14 0.78181818125 0.98871331875 0.7745454546875 0.9232505640625 0.7472727265625 0.8803611734375 0.7327272734375 0.8781038375 0.72 0.8871331828125 0.7127272734375001 0.9164785546875001 0.71818181875 0.98645598125 0.729090909375 0.9977426640625 0.78181818125 0.98871331875
9 0.6447363640625 0.6853724609375 0.84468181875 0.6853724609375 0.84468181875 0.46415349843750003 0.6447363640625 0.46415349843750003 0.6447363640625 0.6853724609375
9 0.46788181875 1 0.46788181875 0.6500564328125 0.3267363640625 0.6500564328125 0.3267363640625 1 0.46788181875 1
9 0.10969090937499999 0.621851015625 0.34140000000000004 0.621851015625 0.34140000000000004 0.40984198593750004 0.10969090937499999 0.40984198593750004 0.10969090937499999 0.621851015625
11 0.2409272734375 0.2073024828125 0.31179999999999997 0.2073024828125 0.31179999999999997 0.0964898421875 0.2409272734375 0.0964898421875 0.2409272734375 0.2073024828125