12 0.2532573734375 0.3839050421875 0.25227539375 0.5526929203125001 0.6808510609375 0.5402226421874999 0.681833040625 0.3714347640625 0.2532573734375 0.3839050421875
20 0.087776403125 0.5682700671875 0.0852801609375 0.9973376671875 0.633588765625 0.981383515625 0.6360850078125 0.552315915625 0.087776403125 0.5682700671875
20 0.5768630124999999 0.7977041390624999 0.9952606390625001 0.7855300109375001 0.9968762046874999 0.507837703125 0.578478578125 0.52001183125 0.5768630124999999 0.7977041390624999
20 0.7872580124999999 0.9327821390625 0.994439021875 0.9267537875 0.9956128953125001 0.7249822265625 0.7884318859375 0.731010578125 0.7872580124999999 0.9327821390625
20 0.5353146093750001 0.83043454375 0.5344195593750001 0.9842806968750001 0.7503246031249999 0.9779985015625 0.7512196531249999 0.8241523484375 0.5353146093750001 0.83043454375
20 0 0.62527875 0.2251301640625 0.6187281312499999 0.2270230609375 0.293366825 0 0.299972521875 0 0.62527875
20 0 0.338753834375 0.37345912187499997 0.327887284375 0.37527363281250004 0.015999171875000003 0 0.02691851875 0 0.338753834375
20 0.3956312015625 0.15029075 0.393730575 0.4769807265625 0.9971430375000001 0.4594232171875 0.9990436640624999 0.132733240625 0.3956312015625 0.15029075
20 0.3581144421875 0 0.356977671875 0.195394021875 0.67653256875 0.1860959234375 0.67761524375 0 0.3581144421875 0
3 0.5631410015625 0.75950854375 0.5625352140625 0.86363441875 0.780220675 0.8573004187500001 0.7808264625 0.7531745437499999 0.5631410015625 0.75950854375
3 0.3480248375 0.5333013171875 0.347301203125 0.6576836015625 0.4465890375 0.654794621875 0.44731267187499996 0.5304123374999999 0.3480248375 0.5333013171875
3 0.2225912640625 0.49417275624999996 0.22212136249999997 0.5749419875 0.3185902046875 0.57213503125 0.31906010625 0.49136579999999996 0.2225912640625 0.49417275624999996
3 0.053428565625 0.1767135734375 0.0528296953125 0.2796506359375 0.1590908234375 0.276558753125 0.15968969375 0.173621690625 0.053428565625 0.1767135734375
3 0.07380405 0.573104775 0.073496884375 0.625901978125 0.187443471875 0.6225864718749999 0.1877506375 0.56978926875 0.07380405 0.573104775
3 0.39995040312499996 0.8867653015625001 0.399426934375 0.9767419921875 0.5183883578125 0.9732805671874999 0.5189118265625 0.8833038765625 0.39995040312499996 0.8867653015625001
3 0 0.997092253125 0.1089458796875 0.9939222531249999 0.1096013015625 0.8812649109375 0 0.8844539828125001 0 0.997092253125
3 0.075688621875 0.687739146875 0.075287340625 0.75671350625 0.15226063437499998 0.7544738125 0.152661915625 0.685499453125 0.075688621875 0.687739146875
3 0.8616547359375 0.9272030750000001 0.8613780156249999 0.974767178125 0.9941673328125 0.9709034031250001 0.9944440531250001 0.9233393 0.8616547359375 0.9272030750000001
3 0.8709902046875 0.4164351234375 0.8702987109375 0.5352929328125 0.9317230421874999 0.5335056671875 0.9324145359375 0.4146478578125 0.8709902046875 0.4164351234375
3 0.650427675 0.39968659687499997 0.649971334375 0.478124825 0.7317814234375 0.47574439375 0.7322377640625 0.397306165625 0.650427675 0.39968659687499997