11 0.6895426671875 0.723068584375 0.693810046875 0.3563308796875 0.512159015625 0.3521029046875 0.5078916359375001 0.718840609375 0.6895426671875 0.723068584375
19 0.97293634375 1 0.984128890625 0.038114890624999995 0.854429078125 0.03509609375 0.8432014046875 1 0.97293634375 1
19 0.8402421703125 0.0874440875 0.8410318953125 0.019575234375 0.6512382734375 0.0151577390625 0.6504485484375 0.0830265921875 0.8402421703125 0.0874440875
2 0.46709581875 1 0.47170006875 0.604311721875 0.2589233328125 0.5993592890625 0.25426145624999996 1 0.46709581875 1
2 0.2469717078125 0.8120076171875 0.24899275625 0.6383190921875 0.16435861093749998 0.636349209375 0.1623375625 0.810037734375 0.2469717078125 0.8120076171875
2 0.196951021875 0.6561785437500001 0.197699734375 0.5918342812499999 0.1585064890625 0.5909220484375 0.1577577765625 0.6552663109375 0.196951021875 0.6561785437500001
2 0 0.6850379390625 0.1188321453125 0.6878037890625001 0.11969626562499999 0.61354149375 0 0.6107555312499999 0 0.6850379390625
2 0.257363703125 0.8624188140625 0.25781007031250003 0.8240581578124999 0.20128098906249997 0.8227424296875 0.20083462187499998 0.8611030859375 0.257363703125 0.8624188140625
2 0.1661764171875 0.8163992734375001 0.167155753125 0.7322353390624999 0.0978499375 0.7306222296875 0.0968706015625 0.8147861640625 0.1661764171875 0.8163992734375001
2 0 0.5989408578125001 0.384064475 0.6078800578125 0.38666465625 0.38442104062500004 0 0.3754213203125 0 0.5989408578125001
9 0.51914914375 0.50778311875 0.5210675671875 0.3429142671875 0.3793790125 0.3396164296875 0.3774605890625 0.50448528125 0.51914914375 0.50778311875
9 0.4310676640625 0.36580986875 0.43248096875 0.2443508515625 0.28109259999999997 0.24082724843749997 0.2796792953125 0.362286265625 0.4310676640625 0.36580986875
11 0.375159425 0.18695231875 0.37571433125000003 0.13926379375 0.2867274640625 0.1371926015625 0.2861725578125 0.1848811265625 0.375159425 0.18695231875
11 0.2050831546875 0.09036211093749999 0.2059356390625 0.017099815625 0.11520393124999999 0.014988010937499999 0.11435144687500001 0.08825030625 0.2050831546875 0.09036211093749999
11 0.8086796078124999 0.77987255 0.8107098140625 0.6053971406249999 0.69939649375 0.6028062953125 0.6973662875 0.7772817046875 0.8086796078124999 0.77987255
11 0.6717911046875 0.9156420921875 0.672883559375 0.8217568453125 0.4936152671875 0.8175843281249999 0.4925228125 0.9114695749999999 0.6717911046875 0.9156420921875
4 0.2345375421875 1 0.2361544921875 0.8610396781249999 0 0.855543121875 0 1 0.2345375421875 1
4 0 0.84308073125 0.124488959375 0.84597824375 0.12601385468749998 0.7149290625 0 0.7119960578125 0 0.84308073125
9 0.1906761625 0.3785475265625 0.19212036875 0.254432771875 0.025178531250000004 0.2505471578125 0.023734325 0.3746619125 0.1906761625 0.3785475265625