1 0.8509312296875 0.7507199609375 0.84885224375 0.6316149703125 0.7457465171875 0.632214821875 0.747825503125 0.7513198125 0.8509312296875 0.7507199609375
1 0.4926158546875 0.486495265625 0.4919819453125 0.45017857031249997 0.425770490625 0.450563778125 0.4264044 0.48688047343749996 0.4926158546875 0.486495265625
1 0.678682634375 0.5093050328125 0.6777032265625 0.453194878125 0.6145974984375 0.45356201562500004 0.61557690625 0.5096721703125 0.678682634375 0.5093050328125
1 0.20243314531249998 0.7578838625000001 0.201880953125 0.72624875 0.1526298515625 0.7265352843749999 0.15318204375 0.758170396875 0.20243314531249998 0.7578838625000001
1 0.254007471875 0.20794108281249998 0.253076134375 0.15458480000000002 0.18461798437500002 0.154983078125 0.185549321875 0.2083393609375 0.254007471875 0.20794108281249998
1 0.9563553703125001 0.2721234921875 0.9553044609375 0.21191695156249998 0.8463837562500001 0.21255063281250003 0.847434665625 0.2727571734375 0.9563553703125001 0.2721234921875
1 0.8351936500000001 0.33941002187499997 0.83410068125 0.27679384218749997 0.7461271125 0.2773056578125 0.74722008125 0.3399218375 0.8351936500000001 0.33941002187499997
1 0.07800745625 0.3876664703125 0.006773976562500001 0.3880808953125 0.007557803125 0.43298623125 0.0787912828125 0.43257180625 0.07800745625 0.3876664703125
1 0.052457123437499996 0.1758142453125 0.0030738640625 0.1761015484375 0.0040421546875 0.23157487031250001 0.053425414062499996 0.23128756718750001 0.052457123437499996 0.1758142453125
1 0.9049920671875 0.207562028125 0.9033270765625 0.1121747640625 0.7624900718750001 0.1129941296875 0.7641550625 0.20838139375 0.9049920671875 0.207562028125
1 0.27986428750000003 0.5206451390625 0.2791156125 0.4777535734375 0.18695702187500002 0.4782897359375 0.187705696875 0.5211813015625 0.27986428750000003 0.5206451390625