1 0.3452300828125 0.149111525 0.3214759296875 0.1492497234375 0.321947203125 0.189750915625 0.34570135625 0.1896127171875 0.3452300828125 0.149111525
1 0.1446933703125 0.4353691109375 0.1215372234375 0.43550382968749995 0.12212263593749999 0.4858140921875 0.1452787828125 0.48567937343749995 0.1446933703125 0.4353691109375
1 0.23932872500000002 0.3606488390625 0.2110230765625 0.3608135171875 0.2114354765625 0.3962550453125 0.23974112500000003 0.3960903671875 0.23932872500000002 0.3606488390625
1 0.3145106734375 0.6128419109375 0.2849425671875 0.6130139328124999 0.2854152296875 0.6536344578125 0.3149833359375 0.6534624359375 0.3145106734375 0.6128419109375
1 0.1175136890625 0.7600122109375 0.017231296875 0.7605956359375 0.0179039109375 0.8183999312499999 0.118186303125 0.81781650625 0.1175136890625 0.7600122109375
1 0.18259575156250002 0.4768698015625 0.159123990625 0.47700635625 0.15946113125 0.505980103125 0.1829328921875 0.5058435484375 0.18259575156250002 0.4768698015625
1 0.21651848281250002 0.066429878125 0.1898407421875 0.066585084375 0.19041949062500002 0.1163225546875 0.21709723125 0.11616734843750001 0.21651848281250002 0.066429878125
1 0.531168040625 0.0159205890625 0.45704843906250003 0.016351803125 0.4581934375 0.11475275781250001 0.5323130390624999 0.11432154375 0.531168040625 0.0159205890625
1 0.61524929375 0.4789830828125 0.57697686875 0.47920574531250004 0.5781882406250001 0.5833107578125001 0.616460665625 0.5830880953124999 0.61524929375 0.4789830828125
1 0.7015854515625 0.5804686046875001 0.6620505671875 0.5806986125 0.6626148734374999 0.62919503125 0.7021497578125 0.6289650234375 0.7015854515625 0.5804686046875001
1 0.6048645765625 0.72937070625 0.5540838453125 0.729666140625 0.5554468453125 0.8468021796875 0.6062275765625 0.8465067453125 0.6048645765625 0.72937070625