3 0.5790857546875 1 0.5906018515625 0.01030899375 0.29902777812500003 0.00521955 0.2874775015625 0.9978479484375 0.41076846875 1 0.5790857546875 1
3 0.95872440625 0.7073884406250001 0.966759259375 0.0168748453125 0.6213888890625 0.0108463828125 0.6133540359375 0.701359978125 0.95872440625 0.7073884406250001
20 0 0.9736418234374999 0.3002624578125 0.978882925 0.3055095796875 0.52794636875 0 0.522613678125 0 0.9736418234374999
20 0.1218644375 0.53164555625 0.2842718453125 0.5344803875 0.2857184421875 0.4101601453125 0.12331103437499999 0.4073253140625 0.1218644375 0.53164555625
20 0.19949546875 0.42092347031250005 0.287952259375 0.4224674890625 0.289085984375 0.32503546562499996 0.20062919375 0.323491446875 0.19949546875 0.42092347031250005
20 0.006172275 0.079746265625 0.1438883234375 0.0821501078125 0.1448146390625 0.0025428578125 0.007098590625 0.00013901562499999998 0.006172275 0.079746265625
20 0.25497043124999996 0.32137288750000004 0.36660623281250004 0.3233214984375 0.369703321875 0.05715835625 0.2580675203125 0.0552097453125 0.25497043124999996 0.32137288750000004
20 0.370752203125 0.30394882968750003 0.5992398578125 0.30793709687500004 0.6020448140625 0.0668796953125 0.373557159375 0.06289142812500001 0.370752203125 0.30394882968750003
20 0.3310771203125 0.6109320703125001 0.4253363796875 0.6125773718749999 0.4274572359375 0.4303115109375 0.3331979765625 0.42866620937500005 0.3310771203125 0.6109320703125001
20 0.431099784375 0.7088908640625 0.601778796875 0.711870078125 0.6038335625 0.535283975 0.43315454999999997 0.5323047609375 0.431099784375 0.7088908640625
20 0.431956459375 0.48006780625 0.594888559375 0.482911796875 0.5967668500000001 0.3214918578125 0.43383475000000005 0.3186478671875 0.431956459375 0.48006780625
20 0.5966532078125 0.608496796875 0.7146779000000001 0.610556925 0.7172431046875001 0.390103753125 0.5992184125 0.388043625 0.5966532078125 0.608496796875
20 0.7335306359375 0.6445030984375 0.8716479203124999 0.6469139453125 0.8734189906250001 0.49470850781250003 0.73530170625 0.49229766093749994 0.7335306359375 0.6445030984375
6 0.680587865625 0.38184909375 0.777964409375 0.3835488078125 0.7793245265625 0.266660590625 0.6819479828125 0.2649608765625 0.680587865625 0.38184909375
20 0.8111435796875 0.49554030468750004 0.9374090125000001 0.49774427499999996 0.938485084375 0.405266934375 0.8122196515625 0.40306296406250003 0.8111435796875 0.49554030468750004
20 0.841561078125 0.8302780828125 0.9905116953125 0.8328780265625 0.9938460750000001 0.546322134375 0.8448954578125001 0.5437221906249999 0.841561078125 0.8302780828125
20 0.57142053125 0.9132542859375 0.6899699140625 0.915323571875 0.6923488015625 0.710882484375 0.57379941875 0.7088131984375 0.57142053125 0.9132542859375
20 0.678886678125 0.9936505906249999 0.8767261843749999 0.9971038921875 0.87830671875 0.8612730765625001 0.6804672125 0.857819775 0.678886678125 0.9936505906249999
20 0.4046941171875 0.9605808515625001 0.508305228125 0.9623893906250001 0.5094083687500001 0.8675857656250001 0.4057972578125 0.8657772265625001 0.4046941171875 0.9605808515625001
20 0.6083355218750001 1 0.608896715625 0.9517711078125 0.502662146875 0.9499167765625 0.5020793765625 1 0.6083355218750001 1
20 0.8530669859375 0.3070644734375 0.9801966156249999 0.3092835296875 0.9817216078125 0.178226128125 0.854591978125 0.176007071875 0.8530669859375 0.3070644734375
20 0.6881641515625 0.069002375 0.6888271609375 0.0120235234375 0.592777778125 0.010346975 0.59211476875 0.0673258265625 0.6881641515625 0.069002375
3 0.6113127281249999 0.279864140625 0.8582880375 0.28417511093750003 0.8608293375 0.06577631874999999 0.613854028125 0.0614653484375 0.6113127281249999 0.279864140625
3 0.9982725562500001 0.1645847046875 0.9999845671875001 0.0174547953125 0.8672993828125 0.015138767187499999 0.865587371875 0.1622686765625 0.9982725562500001 0.1645847046875
3 0.9530045875 0.0860144046875 0.953811728125 0.0166488453125 0.7011265437499999 0.012238209375 0.700319403125 0.08160376875 0.9530045875 0.0860144046875
3 0.5703710515625 0.056324796875000006 0.57091049375 0.0099652796875 0.2550154328125 0.0044513109374999995 0.254475990625 0.050810828125 0.5703710515625 0.056324796875000006
3 0.3160470734375 0.9714076265625 0.4109853453125 0.9730647796874999 0.4148878171875 0.6376871359375 0.31994954531249997 0.6360299828125 0.3160470734375 0.9714076265625
3 0.405851253125 0.859810190625 0.5783203890624999 0.86282065 0.5800665015625001 0.7127602265624999 0.40759736562500004 0.7097497671874999 0.405851253125 0.859810190625
4 0 0.4978201234375 0.174131353125 0.500859596875 0.17621424218749998 0.3218565765625 0 0.3187807453125 0 0.4978201234375
4 0.04759204375 0.2754635296875 0.1412648828125 0.2770985953125 0.1434286265625 0.091146934375 0.049755787499999996 0.08951186875 0.04759204375 0.2754635296875
4 0.14052461875 0.31153375625 0.23623449531250001 0.31320437968750003 0.23729298906250001 0.2222376125 0.1415831125 0.2205669890625 0.14052461875 0.31153375625