3 0.0075419671875 0.9644117640625 0.9657913671875 0.9644117640625 0.9657913671875 0.063882353125 0.0075419671875 0.063882353125 0.0075419671875 0.9644117640625
3 0.000011990625 0.9778088234375 0.7113549156250001 0.9778088234375 0.7113549156250001 0.0470735296875 0.000011990625 0.0470735296875 0.000011990625 0.9778088234375
3 0.7098441249999999 0.9515 0.8659352515625001 0.9515 0.8659352515625001 0.22179411718750003 0.7098441249999999 0.22179411718750003 0.7098441249999999 0.9515
3 0.87206235 0.7978382359375 0.97311750625 0.7978382359375 0.97311750625 0.2892794125 0.87206235 0.2892794125 0.87206235 0.7978382359375
4 0.1554556359375 0.98751470625 0.2453597125 0.98751470625 0.2453597125 0.8792500000000001 0.1554556359375 0.8792500000000001 0.1554556359375 0.98751470625
4 0.0538848921875 0.8227352937499999 0.116714628125 0.8227352937499999 0.116714628125 0.74773529375 0.0538848921875 0.74773529375 0.0538848921875 0.8227352937499999
4 0.64589928125 1 0.64589928125 0.887882353125 0.5659472421875 0.887882353125 0.5659472421875 1 0.64589928125 1
4 0.5691846515625001 1 0.5691846515625001 0.9501764703125 0.4573381296875 0.9501764703125 0.4573381296875 1 0.5691846515625001 1
4 0.032721821875 0.9944264703125001 0.114472421875 0.9944264703125001 0.114472421875 0.9155735296874999 0.032721821875 0.9155735296874999 0.032721821875 0.9944264703125001
4 0.8678297359375 0.8518088234375 0.9392685843749999 0.8518088234375 0.9392685843749999 0.7546617640625 0.8678297359375 0.7546617640625 0.8678297359375 0.8518088234375
4 0.8988489203125001 0.69951470625 0.9697362109375 0.69951470625 0.9697362109375 0.607602940625 0.8988489203125001 0.607602940625 0.8988489203125001 0.69951470625
4 0.6435251796875 0.5735588234375 0.6966666671875 0.5735588234375 0.6966666671875 0.48997058750000005 0.6435251796875 0.48997058750000005 0.6435251796875 0.5735588234375
4 0.2640647484375 0.1388235296875 0.35252997656249996 0.1388235296875 0.35252997656249996 0.060882353125 0.2640647484375 0.060882353125 0.2640647484375 0.1388235296875
4 0.38793764999999997 0.09176470625000001 0.42928057500000005 0.09176470625000001 0.42928057500000005 0.0408235296875 0.38793764999999997 0.0408235296875 0.38793764999999997 0.09176470625000001