14 0.8816777953124999 0.69980075 0.827341728125 0.6882019875000001 0.8132951281249999 0.7051767734375 0.8138387187499999 0.746991290625 0.8312690390625 0.780146246875 0.843262565625 0.7862104999999999 0.8814909906249999 0.77299601875 0.8912773968750001 0.74354839375 0.89029556875 0.720562328125 0.8816777953124999 0.69980075
14 0.7920100921875 0.7724667125 0.7885369546875001 0.791348140625 0.7980391703125 0.839279884375 0.8055290375 0.8433315484374999 0.8168328953125 0.8138574359374999 0.8189833546875 0.7866342953125 0.8118343375 0.7679382796875001 0.7997434265625001 0.7660581265624999 0.7920100921875 0.7724667125
14 0.6972145796875 0.544089346875 0.6698517749999999 0.546658165625 0.6541903359375 0.5678435390625001 0.6516503328125001 0.6118030812499999 0.6680501328124999 0.6240640234375 0.6968816953125 0.6235607671875 0.7230192078125001 0.6084661328125 0.7266871187499999 0.58121650625 0.7224756171875 0.566651615625 0.6972145796875 0.544089346875
14 0.8678268546875 0.31735286875 0.877718615625 0.3485482109375 0.886628546875 0.3567574890625 0.9048379546875 0.35643964375000003 0.914186125 0.34582046875 0.9121737765625 0.3019403875 0.8958713625 0.2854953453125 0.87443228125 0.29423436718749996 0.8678268546875 0.31735286875
14 0.7300070984375 0.11272969531249999 0.7066043625 0.0754965875 0.6927525343750001 0.08410317187500001 0.6812539046875 0.1219454875 0.6624114890625 0.14945998437500002 0.6616810937500001 0.18084073750000002 0.6674587375 0.193287090625 0.6915431765625 0.20123149687500003 0.7225738921875 0.17141305 0.7292280109375 0.1462024984375 0.7300070984375 0.11272969531249999
14 0.696265509375 0.3893570921875 0.70106929375 0.44364444843750006 0.7098331484375 0.45812987656250004 0.738567325 0.4618107203125 0.7571662765625 0.444756471875 0.75495915625 0.40924459375 0.739143671875 0.37187905 0.70898943125 0.36404059218749996 0.696265509375 0.3893570921875
14 0.8434343234374999 0.192306625 0.8397664125000001 0.219556253125 0.8531313109375 0.23187017031249998 0.86830581875 0.23160529843750002 0.8868073843750001 0.21873515000000002 0.890329215625 0.1977616734375 0.8846002640625 0.18322327031250002 0.8650681765625 0.175199403125 0.8434343234374999 0.192306625
14 0.814959546875 0.3078196703125 0.8631771171875 0.32161643125 0.872671365625 0.3047211046875 0.8749192109375 0.2733138640625 0.8691415671874999 0.26086751406249997 0.814610728125 0.2576369515625 0.8049217078125 0.282900478125 0.814959546875 0.3078196703125
14 0.72435074375 0.29058044843749997 0.7558276640625 0.3067606203125 0.768162040625 0.298180521875 0.7659062265625 0.26476069375 0.7496038140625 0.24831565156250002 0.723709765625 0.2529500328125 0.7200905484375 0.27810761093749997 0.72435074375 0.29058044843749997
14 0.6459302375 0.2710372828125 0.665218859375 0.28952140000000004 0.68063683125 0.278796278125 0.6781862453125 0.25374465 0.67093984375 0.23923273437499998 0.65145645 0.229116815625 0.643382265625 0.2501697546875 0.6459302375 0.2710372828125
14 0.7283540937499999 0 0.720204759375 0.0125231828125 0.7196691359375 0.035535734375 0.7283842953125 0.05211321249999999 0.74801376875 0.0559529796875 0.7588793875000001 0.04530731875 0.7608837687500001 0.024360328125 0.7477306953125 0 0.7283540937499999 0
14 0.621337009375 0 0.6034097484375 0.0124706453125 0.5996931453125 0.0418123234375 0.614332028125 0.0645600046875 0.6460524140625 0.0702799234375 0.6630852218750001 0.055344212500000003 0.6650409109375001 0.036489273437500004 0.6578432015625 0.0198853078125 0.6411999374999999 0.0180846171875 0.6269937375 0 0.621337009375 0
14 0.47501872343749996 0.054444525 0.46978467031250004 0.08381269062499999 0.4828574109375 0.10867890625000001 0.4918647265625 0.1127040859375 0.5027790421875 0.0999663734375 0.5047347281250001 0.081111434375 0.4963117265625 0.051981654687500004 0.48578695781250003 0.047982965625 0.47501872343749996 0.054444525
14 0.27573689843750004 0.40506224687500003 0.24690533593750003 0.40556550312499995 0.2310004328125 0.43721112968750003 0.23301278124999997 0.481091209375 0.2551415328125 0.5078905546875 0.27633715 0.5096117828125 0.2825043390625 0.505321734375 0.2908219875 0.47380854531249994 0.28885833125000004 0.427836415625 0.27573689843750004 0.40506224687500003
14 0.10346109218749999 0.6381013624999999 0.0995497171875 0.6758112406250001 0.11262245625 0.7006774578125 0.126133434375 0.7067152234375 0.13714513281250001 0.6897934109375 0.14081304375 0.6625437859375001 0.13532755624999998 0.63754513125 0.1235774953125 0.6210206265625 0.10346109218749999 0.6381013624999999
14 0.04664168125 0.7331971609375 0.0614753390625 0.747576640625 0.0754732453125 0.7326939046875001 0.0776723984375 0.7033787140625 0.07062076875 0.6804985984374999 0.05852985468750001 0.6786184453125 0.0474694625 0.6976323078125 0.04664168125 0.7331971609375
14 0.107389290625 0.3389911578125 0.09045386875 0.349742765625 0.07474373906250001 0.3730201921875 0.061435501562499994 0.42344129375 0.063593928125 0.4610452234375 0.09090804062499999 0.46056845468749996 0.1214518265625 0.451670509375 0.13716195625 0.42839308593750003 0.12222294843749999 0.3533706359375 0.107389290625 0.3389911578125
14 0.028108245312500002 0.48675903125 0.0256169359375 0.5286265234374999 0.0374156890625 0.5430589765625 0.0525415046875 0.5448861546875 0.0695743125 0.52995044375 0.07040209375 0.494385590625 0.0619303984375 0.46734786093749997 0.0499855640625 0.4591915578125 0.028108245312500002 0.48675903125
14 0.10237480000000002 0.1634178625 0.10203395 0.1780622140625 0.10360805937499999 0.240770746875 0.115309428125 0.2593873 0.12436544062499999 0.2613204265625 0.1614659578125 0.23139603125 0.168071384375 0.20827753124999998 0.1625372046875 0.1853709265625 0.1478983203125 0.16262324687500002 0.1425589125 0.1313484421875 0.1479390453125 0.0957041265625 0.14113088125 0.06236375937500001 0.1246823875 0.05219486718750001 0.112250625 0.064959065625 0.10872879375 0.08593254375 0.128707084375 0.139955028125 0.11921283593750001 0.156850353125 0.10237480000000002 0.1634178625