1 0.3226417703125 0.354475728125 0.36781466093750004 0.354475728125 0.36781466093750004 0.318417475 0.3226417703125 0.318417475 0.3226417703125 0.354475728125
1 0.32554633437499997 0.49964077656250006 0.36084370625 0.49964077656250006 0.36084370625 0.44070873749999995 0.32554633437499997 0.44070873749999995 0.32554633437499997 0.49964077656250006
1 0.0627178421875 0.23701941718750003 0.09493084375000001 0.23701941718750003 0.09493084375000001 0.18997087343750002 0.0627178421875 0.18997087343750002 0.0627178421875 0.23701941718750003
1 0.30665975156249997 0.0885922328125 0.36548409375 0.0885922328125 0.36548409375 0.035058253125 0.30665975156249997 0.035058253125 0.30665975156249997 0.0885922328125
1 0.4170124484375 0.705572815625 0.4474135546875 0.705572815625 0.4474135546875 0.662893203125 0.4170124484375 0.662893203125 0.4170124484375 0.705572815625
1 0.81051175625 0.6501165046875 0.8347164593749999 0.6501165046875 0.8347164593749999 0.611941746875 0.81051175625 0.611941746875 0.81051175625 0.6501165046875
1 0.8889211625 0.82138835 0.9101936374999999 0.82138835 0.9101936374999999 0.7933689328125 0.8889211625 0.7933689328125 0.8889211625 0.82138835
1 0.8802074687499999 0.927417475 0.9055463343750001 0.927417475 0.9055463343750001 0.8850873781249999 0.8802074687499999 0.8850873781249999 0.8802074687499999 0.927417475
1 0.8584232359374999 0.345087378125 0.8939419093750001 0.345087378125 0.8939419093750001 0.3061747578125 0.8584232359374999 0.3061747578125 0.8584232359374999 0.345087378125
1 0.675477178125 0.17543689375 0.7278976484374999 0.17543689375 0.7278976484374999 0.1349320390625 0.675477178125 0.1349320390625 0.675477178125 0.17543689375
1 0.06998616875 0.57833980625 0.09286307031249999 0.57833980625 0.09286307031249999 0.5426310671875 0.06998616875 0.5426310671875 0.06998616875 0.57833980625
1 0.1672752421875 0.6843592234375 0.2008575375 0.6843592234375 0.2008575375 0.63843689375 0.1672752421875 0.63843689375 0.1672752421875 0.6843592234375
1 0.15855463281249998 0.5130970875 0.18459889375 0.5130970875 0.18459889375 0.463135921875 0.15855463281249998 0.463135921875 0.15855463281249998 0.5130970875
1 0.7727593359375 0.9714466015625 0.809260028125 0.9714466015625 0.809260028125 0.9278932031249999 0.7727593359375 0.9278932031249999 0.7727593359375 0.9714466015625
1 1 0.1329029125 0.980387275 0.1329029125 0.980387275 0.1754466015625 1 0.1754466015625 1 0.1329029125
1 0.8511618249999999 0.1444563109375 0.9079529734375 0.1444563109375 0.9079529734375 0.10233980625000001 0.8511618249999999 0.10233980625000001 0.8511618249999999 0.1444563109375