19 0.9898098828125 0.22425252499999998 0.9872673031250001 0.005743753125 0 0 0.0025425796875 0.218508771875 0.9898098828125 0.22425252499999998
19 0.6395622859375 0.204014321875 0.0059584671875 0.20032812187500001 0.0080080453125 0.3764684734375 0.6416118640625 0.3801546734375 0.6395622859375 0.204014321875
19 0.40718081718750004 0.3999954984375 0.030522104687500003 0.3978041625 0.0327253 0.5871462671875001 0.4093840125 0.5893376031249999 0.40718081718750004 0.3999954984375
19 0.15911231406249998 0.6178576062500001 0.007179139062500001 0.616973684375 0.011050678125000001 0.9496929828124999 0.16298385312500002 0.9505769046875001 0.15911231406249998 0.6178576062500001
20 0.41966382031249994 0.6113915343749999 0.27193112343750003 0.61053205 0.27395824687500003 0.7847425765625 0.42169094375 0.7856020609375001 0.41966382031249994 0.6113915343749999
20 0.7121518796874999 0.2669981890625 0.615397703125 0.2664352890625 0.6177152171875 0.46560195625 0.71446939375 0.46616485625 0.7121518796874999 0.2669981890625
20 0.7571847296875001 0.5213219312499999 0.6407646812500001 0.52064461875 0.6425942984375 0.6778814609375 0.759014346875 0.6785587734375 0.7571847296875001 0.5213219312499999
20 0.7855360921875 0.7202672765625 0.6446769031249999 0.71944778125 0.6469357265625 0.9135705875 0.7877949156249999 0.9143900828125 0.7855360921875 0.7202672765625
20 0.6204372609375 0.30472956406249996 0.5101508640625 0.3040879359375 0.5153830046875 0.7537370578125 0.6256694015625001 0.7543786859375 0.6204372609375 0.30472956406249996
20 0.27837031875 0.003088709375 0.1593727046875 0.0023964015625 0.1606868640625 0.11533499843749999 0.27968447812499997 0.11602730624999999 0.27837031875 0.003088709375
20 0.3355482265625 0.2685130625 0.23289906249999998 0.2679158671875 0.23414534531250003 0.37502113125 0.336794509375 0.3756183265625 0.3355482265625 0.2685130625
20 0.2491940125 0.595663925 0.0701725328125 0.594622409375 0.0717199234375 0.727604865625 0.25074140312500004 0.72864638125 0.2491940125 0.595663925
20 0.2659267140625 1 0.2639647796875 0.8313918015624999 0.14499103124999999 0.8306996328125 0.1469610203125 1 0.2659267140625 1