3 0.2280403796875 0 0.2280403796875 0.7353483609375 0.7698218531250001 0.7353483609375 0.7698218531250001 0 0.2280403796875 0
19 1 0.8566393437500001 0 0.8566393437500001 0 1 1 1 1 0.8566393437500001
19 0 0.8582991796874999 0.15581947812500002 0.8582991796874999 0.15581947812500002 0.7020286890625 0 0.7020286890625 0 0.8582991796874999
19 1 0.6317827874999999 0.8693586703125 0.6317827874999999 0.8693586703125 0.8290368859375 1 0.8290368859375 1 0.6317827874999999
19 0.9236579578124999 0 0.9236579578124999 0.635819671875 1 0.635819671875 1 0 0.9236579578124999 0
11 0.00375296875 0.702561475 0.128171021875 0.702561475 0.128171021875 0.0420286890625 0.00375296875 0.0420286890625 0.00375296875 0.702561475
11 0.1553562953125 0.7760655734374999 0.28744655625000004 0.7760655734374999 0.28744655625000004 0.6370491796875 0.1553562953125 0.6370491796875 0.1553562953125 0.7760655734374999
11 0.8145368171875 0.44395491875 0.9317339671875 0.44395491875 0.9317339671875 0.0585040984375 0.8145368171875 0.0585040984375 0.8145368171875 0.44395491875
19 1 0.8537704921874999 0 0.8537704921874999 0 1 1 1 1 0.8537704921874999
19 0 0.8531557375000001 0.17554631874999999 0.8531557375000001 0.17554631874999999 0.6865163937500001 0 0.6865163937500001 0 0.8531557375000001
19 0.8050950125 0.858524590625 0.9999881234375 0.858524590625 0.9999881234375 0.720819671875 0.8050950125 0.720819671875 0.8050950125 0.858524590625
19 0.9169121140625001 0 0.9169121140625001 0.7084426234375 1 0.7084426234375 1 0 0.9169121140625001 0
3 0.3919833734375 0.8049180328125001 0.8111045125 0.8049180328125001 0.8111045125 0.013196721875000001 0.3919833734375 0.013196721875000001 0.3919833734375 0.8049180328125001
3 0.174572446875 0.68163934375 0.381627078125 0.68163934375 0.381627078125 0.00032786874999999997 0.174572446875 0.00032786874999999997 0.174572446875 0.68163934375
20 0.4652612828125 1 0.4652612828125 0.8738319671875001 0.33355106874999996 0.8738319671875001 0.33355106874999996 1 0.4652612828125 1
20 0.2251068890625 0.86217213125 0.4673871734375 0.86217213125 0.4673871734375 0.7848770484375 0.2251068890625 0.7848770484375 0.2251068890625 0.86217213125
20 0.5319358671875001 0.9945286890625 0.596330165625 0.9945286890625 0.596330165625 0.8944057375 0.5319358671875001 0.8944057375 0.5319358671875001 0.9945286890625
20 0.6946080765625 0.9990573765624999 0.7474821859375 0.9990573765624999 0.7474821859375 0.9254508203125 0.6946080765625 0.9254508203125 0.6946080765625 0.9990573765624999
20 0.780593825 0.9990983609375 0.8806888359375 0.9990983609375 0.8806888359375 0.879836065625 0.780593825 0.879836065625 0.780593825 0.9990983609375
20 0.821579571875 0.8690368859375001 0.9113420421875 0.8690368859375001 0.9113420421875 0.7282581968749999 0.821579571875 0.7282581968749999 0.821579571875 0.8690368859375001
20 0.8960332546875 0.645819671875 0.9691923984375 0.645819671875 0.9691923984375 0.4909016390625 0.8960332546875 0.4909016390625 0.8960332546875 0.645819671875
20 0.4505344421875 0.15395491875 0.590130640625 0.15395491875 0.590130640625 0.0159631140625 0.4505344421875 0.0159631140625 0.4505344421875 0.15395491875
20 0.2764133015625 0.315040984375 0.31902612812500003 0.315040984375 0.31902612812500003 0.2294672125 0.2764133015625 0.2294672125 0.2764133015625 0.315040984375
20 0.4002850359375 0.5341188531250001 0.4341092640625 0.5341188531250001 0.4341092640625 0.452274590625 0.4002850359375 0.452274590625 0.4002850359375 0.5341188531250001
20 0.544275534375 0.40571721250000004 0.5950593828125 0.40571721250000004 0.5950593828125 0.3388729515625 0.544275534375 0.3388729515625 0.544275534375 0.40571721250000004
12 0.609026128125 0.5674795078125 0.6653681703125 0.5674795078125 0.6653681703125 0.43760245937500003 0.609026128125 0.43760245937500003 0.609026128125 0.5674795078125
20 0.5171852734375 0.84526639375 0.5791092640625 0.84526639375 0.5791092640625 0.7139959015625 0.5171852734375 0.7139959015625 0.5171852734375 0.84526639375
20 0.66264845625 0.79211065625 0.6981116390625 0.79211065625 0.6981116390625 0.7281352453125 0.66264845625 0.7281352453125 0.66264845625 0.79211065625