3 0.0038565609374999997 0.5075890265624999 0.375458934375 0.503265040625 0.377581603125 0.13840927187500002 0.0059792296875 0.1427332578125 0.0038565609374999997 0.5075890265624999
3 0.38470759062500004 0.5914927890625 0.5850340015625 0.58916178125 0.5869040984375 0.2677194734375 0.3865776875 0.27005048125000003 0.38470759062500004 0.5914927890625
3 0.3266810640625 0.7425904984375 0.325205909375 0.996148190625 0.5185293515625 0.99389866875 0.52000450625 0.7403409765625 0.3266810640625 0.7425904984375
3 0.63109535 0.5515610093750001 0.8472081093750001 0.5490463109375 0.8489663249999999 0.246834771875 0.632853565625 0.24934947031250002 0.63109535 0.5515610093750001
3 0.8459075593750001 0.8439933999999999 0.9474802609375 0.8428114953125 0.9487685750000001 0.6213691875 0.8471958734375 0.6225510921875 0.8459075593750001 0.8439933999999999
3 0.5343983140625 0.1736974171875 0.6472469796875 0.172384303125 0.648146784375 0.0177208421875 0.53529811875 0.01903395625 0.5343983140625 0.1736974171875
20 0.660697109375 0 0.65907326875 0.27911445625 0.9894590265625001 0.2752700703125 0.9910605015625 0 0.660697109375 0
20 0.28595986875 0 0.28514795 0.1395569453125 0.472536675 0.13737648125 0.4733359078125 0 0.28595986875 0
20 0.36326956250000003 0.3110400921875 0.6024980484375 0.3082564171875 0.60343953125 0.1464294953125 0.3642110453125 0.1492131703125 0.36326956250000003 0.3110400921875
20 0 0 0 0.151720496875 0.18178787968750001 0.149605203125 0.1826582578125 0 0 0
20 0.0038096984374999996 0.51309400625 0.000977421875 0.9999209296875 0.35237208125 0.9958320828125 0.35520435781250004 0.509005159375 0.0038096984374999996 0.51309400625
20 0.3966641375 0.8007866 0.4809668078125 0.7998056484375 0.48220113906249995 0.5876421859375001 0.39789846875 0.5886231375000001 0.3966641375 0.8007866
20 0.623443721875 0.5432852265625 0.6208290546875 0.9927083031249999 0.8420159984375 0.9901345609375 0.844630665625 0.5407114843749999 0.623443721875 0.5432852265625
20 0.525220884375 0.9937967671875001 0.6169716265625 0.9927291515625001 0.618560621875 0.7196041515625 0.5268098796875 0.7206717671875 0.525220884375 0.9937967671875001
20 0.560868375 0.535287984375 0.6671295015625 0.534051525 0.668021475 0.3807342171875 0.5617603484375 0.3819706765625 0.560868375 0.535287984375
20 0.8460860640625001 0.6246071359375 0.9963086156250001 0.6228591390625 0.9975944109375 0.4018495234375 0.847371859375 0.4035975203125 0.8460860640625001 0.6246071359375
20 0.9209344125 0.98130814375 0.9942281812499999 0.9804552937500001 0.9960303093749999 0.670695678125 0.922736540625 0.671548528125 0.9209344125 0.98130814375