11 0.3400901640625 0.48388367656250003 0.70682786875 0.48388367656250003 0.70682786875 0.3022326453125 0.3400901640625 0.3022326453125 0.3400901640625 0.48388367656250003
19 1 0.015694184375 0.01520491875 0.015694184375 0.01520491875 0.14539399687500001 1 0.14539399687500001 1 0.015694184375
19 0 0.3487617265625 0.06786885312499999 0.3487617265625 0.06786885312499999 0.1589681046875 0 0.1589681046875 0 0.3487617265625
2 1 0.5213977484375001 0.59317213125 0.5213977484375001 0.59317213125 0.734174484375 1 0.734174484375 1 0.5213977484375001
2 0.6323524593750001 0.8282833015625 0.8060409843749999 0.8282833015625 0.8060409843749999 0.7436491562499999 0.6323524593750001 0.7436491562499999 0.6323524593750001 0.8282833015625
2 0.5870737703125 0.8346622890625 0.6514180328125 0.8346622890625 0.6514180328125 0.79546904375 0.5870737703125 0.79546904375 0.5870737703125 0.8346622890625
2 0.684852459375 1 0.684852459375 0.8731988749999999 0.6105901640625 0.8731988749999999 0.6105901640625 1 0.684852459375 1
2 0.817836065625 0.7892026265625 0.8561967218750001 0.7892026265625 0.8561967218750001 0.7326735453125 0.817836065625 0.7326735453125 0.817836065625 0.7892026265625
2 0.728147540625 0.8936772984375001 0.8123114749999999 0.8936772984375001 0.8123114749999999 0.8243714828125001 0.728147540625 0.8243714828125001 0.728147540625 0.8936772984375001
2 0.5987786890625 1 0.5987786890625 0.6089681046875 0.375319671875 0.6089681046875 0.375319671875 1 0.5987786890625 1
9 0.330696721875 0.6167729828125 0.4955655734375 0.6167729828125 0.4955655734375 0.475084428125 0.330696721875 0.475084428125 0.330696721875 0.6167729828125
9 0.23422131093749998 0.7161819890625 0.355680328125 0.7161819890625 0.355680328125 0.5647936203125 0.23422131093749998 0.5647936203125 0.23422131093749998 0.7161819890625
11 0.13048360625 0.7117542218749999 0.17817213125 0.7117542218749999 0.17817213125 0.6227673546875 0.13048360625 0.6227673546875 0.13048360625 0.7117542218749999
11 0.012303278125 0.8846529078125001 0.0855655734375 0.8846529078125001 0.0855655734375 0.7939212 0.012303278125 0.7939212 0.012303278125 0.8846529078125001
11 0.586368853125 0.29378048749999996 0.7608442625 0.29378048749999996 0.7608442625 0.1824671671875 0.586368853125 0.1824671671875 0.586368853125 0.29378048749999996
11 0.8058770484375 0.49700750468750005 0.8997622953125 0.49700750468750005 0.8997622953125 0.3177392125 0.8058770484375 0.3177392125 0.8058770484375 0.49700750468750005
4 1 0.7538930578125 0.855311475 0.7538930578125 0.855311475 0.9999906187500001 1 0.9999906187500001 1 0.7538930578125
4 0.842852459375 1 0.842852459375 0.8657035640625 0.711803278125 0.8657035640625 0.711803278125 1 0.842852459375 1
9 0.2498934421875 0.9719136953125 0.37400819687500003 0.9719136953125 0.37400819687500003 0.8049718578125 0.2498934421875 0.8049718578125 0.2498934421875 0.9719136953125