1 0.41443207031249996 0.080809671875 0.2837051359375 0.080049125 0.2820080390625 0.3717551328125 0.4127349734375 0.3725156796875 0.41443207031249996 0.080809671875
1 0.5719489078125 0.006342625 0.430364565625 0.0055189125 0.429258303125 0.1956691265625 0.5708426453125 0.19649283906249998 0.5719489078125 0.006342625
1 0 0.2756101875 0.0956333203125 0.2761665640625 0.09651747968749999 0.124192315625 0 0.12363079375 0 0.2756101875
1 0 0.9632622156249999 0.0968704640625 0.9638257921875001 0.0978667359375 0.79258115625 0 0.792011784375 0 0.9632622156249999
1 0.3702630046875 0.7715471218750001 0.164009509375 0.7703471734375 0.16306879375 0.9320424515625 0.3693222890625 0.9332423999999999 0.3702630046875 0.7715471218750001
1 0.7357509140625 0.6505577109375 0.63395221875 0.6499654640625 0.6329385921874999 0.8241929328125 0.7347372875 0.8247851796875001 0.7357509140625 0.6505577109375
1 0.6169965796875 0.6624262578125 0.4221783140625 0.6612928390625 0.42130795 0.8108958421875 0.616126215625 0.8120292609374999 0.6169965796875 0.6624262578125
1 0.6646556140625 0.8712567265625 0.6043014671875 0.870905596875 0.603603328125 0.990905596875 0.663957475 0.9912567265625001 0.6646556140625 0.8712567265625
1 0.7943300640625 0.5026477890625001 0.7439386375 0.5023546203125 0.7436183453125 0.5574082687499999 0.794009771875 0.5577014375 0.7943300640625 0.5026477890625001
1 0.993397925 0.4862141359375 0.9273681015624999 0.48582998593750004 0.9267699625000001 0.5886411453125 0.9927997859375 0.5890252953124999 0.993397925 0.4862141359375
1 0.939682684375 0.41805062031249995 0.8775671203125001 0.41768924218750003 0.8771003828125 0.4979145640625 0.939215946875 0.49827594218750004 0.939682684375 0.41805062031249995
1 0.9377528187499999 0.20269412187500002 0.9988525390625 0.2030495890625 0.999748559375 0.0490367140625 0.9386488390625001 0.048681246875 0.9377528187499999 0.20269412187500002
1 0.8329577484374999 0.1636550296875 0.7306371515625 0.1630597453125 0.7299570515625 0.2799588859375 0.8322776484375 0.28055417031249996 0.8329577484374999 0.1636550296875
1 0.947603275 0.25729190156250004 0.8588614296875001 0.2567756171875 0.8581841406249999 0.3731919265625 0.9469259859375001 0.3737082109375 0.947603275 0.25729190156250004
1 0.751842359375 0.0048784 0.661721203125 0.004354090624999999 0.661032428125 0.12274464843749999 0.751153584375 0.1232689578125 0.751842359375 0.0048784
1 0.8328633265625 0.8422986937499999 0.7504588531249999 0.8418192781249999 0.7500518546875 0.9117763609375 0.832456328125 0.9122557765625 0.8328633265625 0.8422986937499999
1 0.9648535125000001 0.826971625 0.901507753125 0.826603090625 0.9010670468749999 0.9023541640625 0.96441280625 0.9027226984375 0.9648535125000001 0.826971625