1 0.511426946875 0.33448807812500003 0.433129075 0.33220984374999996 0.43241879843750003 0.45429593749999997 0.5107166703125 0.456574171875 0.511426946875 0.33448807812500003
1 0.4224508125 0.5968446421875 0.3399685421875 0.5944446531249999 0.3392771453125 0.7132857125000001 0.42175941562499997 0.7156857015625 0.4224508125 0.5968446421875
1 0.24977643437500002 0.6207821859375 0.1743390828125 0.618587184375 0.17389330625 0.6952097015625001 0.2493306578125 0.6974047031249999 0.24977643437500002 0.6207821859375
1 0.2603644796875 0.4265209125 0.193201359375 0.424566665625 0.1925679484375 0.5334408374999999 0.25973106874999996 0.5353950843749999 0.2603644796875 0.4265209125
1 0.6996943984375 0.070864265625 0.6356518453125 0.0690008171875 0.6350719890625001 0.16866969062499998 0.6991145421875 0.1705331390625 0.6996943984375 0.070864265625
1 0.9330204828124999 0.5909852765625 0.8660937687500001 0.5890379078125 0.8653204984375 0.721951815625 0.9322472125000001 0.723899184375 0.9330204828124999 0.5909852765625
1 0.6591964124999999 0.5292007546875 0.5886290375 0.527147453125 0.5879667296875 0.6409885125 0.6585341046875001 0.6430418140625 0.6591964124999999 0.5292007546875
3 0.29407661093750004 0.6956432453125 0.223272828125 0.693583065625 0.22280104375 0.77467578125 0.29360482656250003 0.7767359609375 0.29407661093750004 0.6956432453125
5 0.32744389375 0.6155904875 0.294424025 0.60138243125 0.2635563125 0.6236670046875 0.2585584796875 0.669887046875 0.2749335640625 0.70016988125 0.305627896875 0.7076866328125 0.33411227656250003 0.68864453125 0.33668825 0.6522894781249999 0.32744389375 0.6155904875
1 0.6053214484375 0.7223515390624999 0.39021506562499997 0.7160925828125 0.3887361421875 0.9702978812499999 0.603842525 0.9765568375000001 0.6053214484375 0.7223515390624999
5 0.4053039625 0.644350534375 0.40743685625000003 0.6841544203125001 0.4309234046875 0.7113323609375 0.46880625625 0.7024991828125 0.48078070312500004 0.6763530531249999 0.47634153437500004 0.626546603125 0.4338654 0.6120633984375 0.4053039625 0.644350534375
5 0 0.683091040625 0.026725878125 0.68963595625 0.045792523437499996 0.6636961890624999 0.0436788921875 0.62058104375 0.0083912796875 0.589747909375 0 0.60116406875 0 0.683091040625
3 0.2582328125 0.7908914296875 0.0335992421875 0.7843552593750001 0.0325878640625 0.95819631875 0.257221434375 0.9647324890625001 0.2582328125 0.7908914296875
3 0.153843896875 0.5303932265625 0.0240566625 0.5266168046875 0.023634003125 0.5992658125 0.1534212375 0.6030422343749999 0.153843896875 0.5303932265625
3 0.15538451250000002 0.7004502734375 0.0734932609375 0.6980674812500001 0.0730318796875 0.7773721171875 0.15492313124999998 0.779754909375 0.15538451250000002 0.7004502734375
3 0.7716699375 0.08691785468749999 0.7107479515625 0.08514520625000001 0.710251509375 0.17047633281250002 0.7711734953125 0.17224898125000002 0.7716699375 0.08691785468749999
3 0.7681175703124999 0.24639448125 0.706439084375 0.2445998203125 0.7059031515624999 0.3367190265625 0.7675816375 0.3385136875 0.7681175703124999 0.24639448125
3 0.8095715015625 0.1663120734375 0.7434722109375 0.16438878125 0.742977309375 0.24945500625 0.8090766 0.25137829843750004 0.8095715015625 0.1663120734375
1 0.9969546250000001 0.550520525 0.9271437499999999 0.5484892359375 0.926294578125 0.6944495015625 0.996105453125 0.696480790625 0.9969546250000001 0.550520525
7 0.376829928125 0.34257704843750003 0.018886665625 0.33216196249999996 0.018227825 0.44540699687499996 0.3761710875 0.45582208281250003 0.376829928125 0.34257704843750003
1 0.26890172031250004 0.255564846875 0.1296818625 0.2515139625 0.1291723203125 0.33909674375 0.268392178125 0.343147628125 0.26890172031250004 0.255564846875
7 0.5173575031250001 0.0243101 0.31232204218750004 0.0183441765625 0.3105383578125 0.32493357968750003 0.51557381875 0.330899503125 0.5173575031250001 0.0243101
7 0.725085478125 0.290895153125 0.5409010796875 0.285535934375 0.5394614546875001 0.5329862656250001 0.7236458531250001 0.538345484375 0.725085478125 0.290895153125
7 0.99994705 0.036166220312500004 0.811932865625 0.030695565624999997 0.8096533171875 0.42251675781250003 0.9976675015625001 0.4279874125 0.99994705 0.036166220312500004
7 0.7310444765625 1 0.732702384375 0.715029590625 0.580976615625 0.7106148203125 0.5792930234375 1 0.7310444765625 1
7 0.979419846875 1 0.979905478125 0.916526875 0.7327423578125 0.9093351625 0.7322148859375 1 0.979419846875 1
7 0.9836047875 0.7135041078125 0.7717371749999999 0.7073393890624999 0.7711395953125 0.8100546203125001 0.9830072078125 0.8162193390624999 0.9836047875 0.7135041078125