1 0.291742134375 0 0.29412311562500004 0.136406353125 0.483047846875 0.13200908125 0.48074362031250006 0 0.291742134375 0
1 0.190644321875 0.0784030640625 0.19179439375000001 0.1442906578125 0.3106008453125 0.14152540625 0.3094507734375 0.0756378125 0.190644321875 0.0784030640625
1 0.0972813203125 0.2902568765625 0.09810621875 0.3375152734375 0.1802244984375 0.3356039484375 0.1793996 0.2883455515625 0.0972813203125 0.2902568765625
1 0.10195396718750001 0.40357663749999995 0.1034855625 0.49132166875000005 0.24761459531250002 0.48796702812500004 0.246083 0.40022199687500004 0.10195396718750001 0.40357663749999995
1 0.007928109375 0.453892953125 0.009699218749999999 0.5553597109374999 0.13869921875 0.5523572031249999 0.136928109375 0.4508904453125 0.007928109375 0.453892953125
1 0.10821900312499999 0.166257734375 0.0029448093750000003 0.16870801875000002 0.0042501703125 0.24349211718750002 0.10952436406249999 0.2410418328125 0.10821900312499999 0.166257734375
1 0.6492822687500001 0.0935062640625 0.651445309375 0.21742675781249998 0.7590152015625 0.214923040625 0.7568521609375 0.091002546875 0.6492822687500001 0.0935062640625
1 0.7551449390625 0.1340138125 0.7567980859375 0.22872251718749997 0.9706152906250001 0.22374586562499998 0.96896214375 0.1290371609375 0.7551449390625 0.1340138125
1 0.7039351734375 0.289884725 0.7070382015625001 0.467657171875 0.9510382015625 0.461978009375 0.9479351734374999 0.2842055625 0.7039351734375 0.289884725
1 0.6136800906250001 0.5257232625 0.617130665625 0.7234066078125 0.8044855046875 0.7190458750000001 0.8010349296875001 0.5213625296875 0.6136800906250001 0.5257232625
1 1 0.6542308609374999 0.8424824015624999 0.6578971234375001 0.8443319921875 0.7638601125 1 0.7602369 1 0.6542308609374999
1 0.5929905640625 0.7307292734375 0.59503755625 0.848001378125 0.7829300296875 0.8436281328125 0.7808830375 0.726356028125 0.5929905640625 0.7307292734375
1 0.37930213749999997 0.8456927625 0.3799096546875 0.8804974234375 0.4706946 0.8783843812500001 0.4700870828125 0.8435797203125001 0.37930213749999997 0.8456927625
1 0.12877858281250001 0.8205927656249999 0.01436998125 0.8232556546875 0.0161887046875 0.9274503078125 0.13059730625 0.92478741875 0.12877858281250001 0.8205927656249999
1 0.09813139062500001 0.9570774671875 0.0988475390625 0.99810556875 0.254793775 0.9944758796875 0.2540776265625 0.953447778125 0.09813139062500001 0.9570774671875