1 0.31097716875 0.9182975609374999 0.441704103125 0.916776415625 0.4332163265625 0.6250704078125 0.3024893921875 0.626591553125 0.31097716875 0.9182975609374999
1 0.45939140624999997 0.9919770296875001 0.6009757484375 0.9903295453125001 0.5954429421875 0.8001793312500001 0.45385859999999995 0.801826815625 0.45939140624999997 0.9919770296875001
1 0.025933224999999997 0.8763683484375001 0.1227365796875 0.8752419390625 0.11831458125000001 0.723267690625 0.0215112265625 0.7243941 0.025933224999999997 0.8763683484375001
1 0.006057278125 0.2080149671875 0.1085269890625 0.20682262499999998 0.10354427968749999 0.035577989062499996 0.00107456875 0.036770331249999996 0.006057278125 0.2080149671875
1 0.175196290625 0.228672540625 0.3814497859375 0.2262725625 0.376744934375 0.064577284375 0.1704914390625 0.0669772625 0.175196290625 0.228672540625
1 0.6480049390625 0.346324184375 0.749803634375 0.34513965 0.7447341328125 0.17091218125000002 0.6429354375 0.172096715625 0.6480049390625 0.346324184375
1 0.43593867187499996 0.3362285328125 0.6307569375 0.3339616171875 0.6264039343750001 0.1843586140625 0.43158566875000004 0.18662552968749999 0.43593867187499996 0.3362285328125
1 0.6132070374999999 0.1255490828125 0.673561184375 0.12484679843749999 0.6700695421875 0.0048467984375 0.6097153953125 0.0055490828125 0.6132070374999999 0.1255490828125
1 0.7614424 0.49330012031250003 0.8118338265625 0.49271376250000004 0.8102319296875 0.43766011406249994 0.7598405031250001 0.438246471875 0.7614424 0.49330012031250003
1 1 0.4052754390625 0.9422898734375 0.4059469578125 0.945281371875 0.5087581171875 1 0.5081214078125 1 0.4052754390625
1 0.89705985625 0.5771909109375 0.9591754203124999 0.5764681296874999 0.9568411015624999 0.49624280781249996 0.8947255375 0.4969655890625 0.89705985625 0.5771909109375
1 1 0.791403984375 0.96225845 0.791843146875 0.9667397671875 0.945856021875 1 0.9454690046875 1 0.791403984375
1 0.7560373578124999 0.83268386875 0.8583579546875001 0.8314932609374999 0.8549565375 0.7145941203125 0.752635940625 0.7157847281249999 0.7560373578124999 0.83268386875
1 0.8820974453125 0.7382188125 0.970839290625 0.7371862078125 0.967451921875 0.6207698984375 0.8787100765625 0.621802503125 0.8820974453125 0.7382188125
1 0.6908064921875 0.9917958499999999 0.7809276484375001 0.9907471953125 0.7774828359375 0.8723566375 0.6873616796875 0.8734052921875 0.6908064921875 0.9917958499999999
1 0.7600613015625 0.1537860375 0.842465775 0.152827175 0.84043023125 0.0828700921875 0.7580257578125 0.0838289546875 0.7600613015625 0.1537860375
1 0.9114848656250001 0.168123934375 0.9748306250000001 0.16738683906250001 0.9726264953125 0.091635765625 0.9092807359374999 0.0923728609375 0.9114848656250001 0.168123934375