12 0.43243351093750004 0.756968084375 0.5378856390625 0.756968084375 0.5378856390625 0.42586879375000003 0.43243351093750004 0.42586879375000003 0.43243351093750004 0.756968084375
20 0.1824468078125 0.329929078125 0.37941489375000004 0.329929078125 0.37941489375000004 0.1847517734375 0.1824468078125 0.1847517734375 0.1824468078125 0.329929078125
20 0.4656914890625 0.4079432625 0.63574468125 0.4079432625 0.63574468125 0.1510638296875 0.4656914890625 0.1510638296875 0.4656914890625 0.4079432625
20 0.5109042546875 0.700212765625 0.6836170218750001 0.700212765625 0.6836170218750001 0.39042553125 0.5109042546875 0.39042553125 0.5109042546875 0.700212765625
20 0.6944281921875 0.549840425 0.8038164890624999 0.549840425 0.8038164890624999 0.44186170156250004 0.6944281921875 0.44186170156250004 0.6944281921875 0.549840425
20 0.6093218078125 0.785372340625 0.7814760640625 0.785372340625 0.7814760640625 0.6510815609375 0.6093218078125 0.6510815609375 0.6093218078125 0.785372340625
20 0.803297871875 0.6284751765625 0.88457446875 0.6284751765625 0.88457446875 0.3885461 0.803297871875 0.3885461 0.803297871875 0.6284751765625
20 1 0.5447340421875 0.849840425 0.5447340421875 0.849840425 0.696400709375 1 0.696400709375 1 0.5447340421875
20 1 0.7329609921875 0.7206914890625 0.7329609921875 0.7206914890625 0.9991666671875 1 0.9991666671875 1 0.7329609921875
20 0.7638031921875 1 0.7638031921875 0.8348226953125 0.57699468125 0.8348226953125 0.57699468125 1 0.7638031921875 1
20 0.0058111703125 0.4157092203125 0.1680718078125 0.4157092203125 0.1680718078125 0.2558510640625 0.0058111703125 0.2558510640625 0.0058111703125 0.4157092203125
20 0.1713563828125 0.66925531875 0.41460106406249997 0.66925531875 0.41460106406249997 0.3376241140625 0.1713563828125 0.3376241140625 0.1713563828125 0.66925531875
20 0.47863031874999995 1 0.47863031874999995 0.6043971625 0.065837765625 0.6043971625 0.065837765625 1 0.47863031874999995 1
19 0 0.6148758859375001 0.12941489374999998 0.6148758859375001 0.12941489374999998 0.5219326234375 0 0.5219326234375 0 0.6148758859375001
19 0.444215425 0.9390070921874999 0.61105053125 0.9390070921874999 0.61105053125 0.8105673765624999 0.444215425 0.8105673765624999 0.444215425 0.9390070921874999
19 0.53332446875 0.814787234375 0.5993882984375001 0.814787234375 0.5993882984375001 0.7305319156250001 0.53332446875 0.7305319156250001 0.53332446875 0.814787234375
19 0.7752792546875 0.7332624109375 0.8540292546874999 0.7332624109375 0.8540292546874999 0.6165248234375 0.7752792546875 0.6165248234375 0.7752792546875 0.7332624109375
19 0.0713164890625 0.752712765625 0.13235372343750001 0.752712765625 0.13235372343750001 0.6844503546875 0.0713164890625 0.6844503546875 0.0713164890625 0.752712765625