1 0.21654366875000003 0.79473685625 0.300126434375 0.7961957984375 0.30346023125 0.681620634375 0.219877465625 0.6801616921875 0.21654366875000003 0.79473685625
1 0.3583539265625 0.5934485953124999 0.419056875 0.59450816875 0.4224230015625 0.47882189375 0.361720053125 0.4777623203125 0.3583539265625 0.5934485953124999
1 0.24145364531250002 0.43726121406249996 0.29603414375 0.4382139203125 0.30124022968749997 0.25929235156249997 0.24665973124999999 0.25833964531250003 0.24145364531250002 0.43726121406249996
1 0.2995007125 0.435642375 0.38884311562499996 0.43720185312500004 0.390628875 0.3758293046875 0.301286471875 0.3742698265625 0.2995007125 0.435642375
1 0.40295935624999996 0.3068263890625 0.46218838125 0.3078602359375 0.4657085515625 0.18687984375 0.4064795265625 0.185845996875 0.40295935624999996 0.3068263890625
1 0.47506199687499995 0.3211634796875 0.6284633562499999 0.3238411109375 0.6315727437499999 0.216978365625 0.47817138437500006 0.214300734375 0.47506199687499995 0.3211634796875
1 0.28610113125000003 0.1480240359375 0.34213287812500004 0.1490020734375 0.34571485625 0.0258974984375 0.28968310937499997 0.0249194609375 0.28610113125000003 0.1480240359375
1 0.18323787656249999 0.140980790625 0.1872448984375 0.003268371875 0.0402380953125 0.0007023578125 0.0362310734375 0.1384147765625 0.18323787656249999 0.140980790625
1 0.048048959375 0.2301054078125 0.08782220156250001 0.2307996515625 0.09002064374999999 0.15524409687500001 0.0502474015625 0.154549853125 0.048048959375 0.2301054078125
1 0.0030908703124999997 0.777965184375 0.0878074234375 0.77944391875 0.090671484375 0.6810125453125 0.00595493125 0.6795338109375 0.0030908703124999997 0.777965184375
1 0 0.8589000562500001 0.053581337500000006 0.8598353234375 0.056125901562500004 0.77238434375 0 0.7714046609375 0 0.8589000562500001
1 0.10486141874999999 0.8946855656249999 0.20329679375 0.8964037625 0.20816626718750003 0.729050821875 0.10973089218750001 0.7273326250000001 0.10486141874999999 0.8946855656249999
1 0.018306021875 0.6293153015625 0.1588048890625 0.63176771875 0.16208068281250002 0.5191860203124999 0.021581815625 0.5167336031249999 0.018306021875 0.6293153015625
5 0.101207378125 0.4202796859375 0.11149927500000001 0.4564253015625 0.132097615625 0.4502455796875 0.12870352812500002 0.41095073125 0.1129256 0.40740569375 0.101207378125 0.4202796859375
1 0.1551342078125 0.5376526359375 0.2122543890625 0.5386496734375 0.21528770625 0.43440130625 0.158167525 0.43340426875000004 0.1551342078125 0.5376526359375
1 0.3897172015625 0.8239166796875 0.451871396875 0.8250015859375001 0.4552070953125 0.7103610625 0.3930529 0.70927615625 0.3897172015625 0.8239166796875
1 0.38660258281250004 0.9309591625 0.45020802499999996 0.9320693999999999 0.45325370468750004 0.8273961984374999 0.3896482625 0.8262859609375001 0.38660258281250004 0.9309591625
1 0.48593766250000003 1 0.48729271562500004 0.9534298437500001 0.349764371875 0.9510292781249999 0.34833946875 1 0.48593766250000003 1
1 0.43518470625 0.532617596875 0.5125543218749999 0.5339680890625 0.5149952390625 0.45007919999999996 0.4376256234375 0.4487287078125 0.43518470625 0.532617596875
1 0.7948699968749999 1 0.7974660250000001 0.910780325 0.6881916484375 0.9088729343749999 0.685540121875 1 0.7948699968749999 1
1 0.8081179687500001 0.9618417546875 0.8858277203125 0.9631981843749999 0.8900439375 0.8182962234375 0.8123341859375 0.8169397937499999 0.8081179687500001 0.9618417546875
1 0.7522446265625 0.51410374375 0.8480949656250001 0.5157768171875 0.8532411453125001 0.338914071875 0.75739080625 0.3372409984375 0.7522446265625 0.51410374375
1 0.7696521109375001 0.28971836875 0.9155024515625 0.292264196875 0.9183094593750001 0.195793609375 0.77245911875 0.19324778125 0.7696521109375001 0.28971836875
1 0.5560287453125 0.90257706875 0.6265956375 0.90380881875 0.6324987203125 0.7009330031250001 0.561931828125 0.699701253125 0.5560287453125 0.90257706875
1 0.8450564765624999 0.81357105625 0.9741947984375001 0.8158251734374999 0.9780924687500001 0.681870925 0.8489541468749999 0.6796168078125 0.8450564765624999 0.81357105625
1 0.8745114890625001 0.6729841546875 0.9478674984375 0.6742645890625 0.9516748343750001 0.5434149171875 0.878318825 0.5421344828125 0.8745114890625001 0.6729841546875
1 0.906040228125 0.4619074546875 0.9870152859375001 0.4633208796875 0.9959165046875 0.157405846875 0.9149414468750001 0.155992421875 0.906040228125 0.4619074546875
1 0.6923762265625 0.14206975625 0.95598166875 0.14667100625 0.9597614296874999 0.016769046875 0.6961559875 0.012167796875000001 0.6923762265625 0.14206975625
1 0.552691015625 0.20755818124999997 0.6424642578124999 0.2091251796875 0.6463362546875 0.076053284375 0.5565630125000001 0.0744862859375 0.552691015625 0.20755818124999997
5 0.43820551874999997 0.5340599203124999 0.44632492968750004 0.56689798125 0.4741063453125 0.54776510625 0.4725043890625 0.5248497078125001 0.44992374062499996 0.521185928125 0.43820551874999997 0.5340599203124999