3 0.81184825625 1 0.817455890625 0.0361294296875 0 0.0075832406249999994 0 1 0.81184825625 1
11 0.9943853328125 1 0.997234059375 0.5103456046875 0.733402284375 0.501132396875 0.7304999578125 1 0.9943853328125 1
2 0.7468222171875001 0.7611962453125 0.7475317640625 0.6392354609375 0.6381392406249999 0.6354153890625 0.6374296937499999 0.7573761734375 0.7468222171875001 0.7611962453125
2 0.6176431953125 0.9770567734375 0.6183139578125 0.86176265625 0.5305102203125001 0.8586964828125 0.5298394578125001 0.9739905999999999 0.6176431953125 0.9770567734375
2 0.8413929421875 0.5772057828125 0.8421336687500001 0.4498855203125 0.77110563125 0.4474051671875 0.7703649046875001 0.5747254296875 0.8413929421875 0.5772057828125
3 0 0.9710469140625 0.8070854078125 0.9992309578125 0.8127336453125 0.028381284375 0 0 0 0.9710469140625
2 0.8547549546875001 0.5419461828125 0.8554352218749999 0.42501807812500003 0.7798744734375 0.4223794390625 0.77919420625 0.53930754375 0.8547549546875001 0.5419461828125
2 0.7376144328125 0.741164815625 0.738167696875 0.6460667765625 0.6677938640625001 0.64360926875 0.6672406 0.7387073078124999 0.7376144328125 0.741164815625
2 0.6046190593749999 0.9863751875 0.6053860234374999 0.854545121875 0.5224888265625001 0.8516502890625001 0.5217218625 0.9834803546875 0.6046190593749999 0.9863751875
3 0.9840435296875001 0.3353724109375 0.9853831515625 0.1051109734375 0.9050093203125 0.10230425781250001 0.9036696984375 0.3325656953125 0.9840435296875001 0.3353724109375
3 0.9157438625 0.47046623906249996 0.9161792500000001 0.3956296390625 0.8631418671875 0.3937775328125 0.8627064796875 0.46861413281250003 0.9157438625 0.47046623906249996
2 0.1090170125 0.18083638124999998 0.1096778875 0.067241609375 0.046406859375 0.0650321359375 0.045745984375 0.17862690781249999 0.1090170125 0.18083638124999998
2 0.0544933921875 0.33000881249999997 0.054990759374999997 0.2445186171875 0.0065795453125 0.242828059375 0.006082178125 0.3283182546875 0.0544933921875 0.33000881249999997
2 0 0.9807220828125001 0.0455104375 0.9823113421875 0.0459591328125 0.9051871578125 0 0.9035822296875 0 0.9807220828125001