2 0.025671015624999998 0.2964988734375 0.022402240625 0.577416746875 0.571270165625 0.5901917906249999 0.574538940625 0.30927391718749997 0.025671015624999998 0.2964988734375
2 0.371907734375 0.199867440625 0.3704012296875 0.32933603906250003 0.59836349375 0.3346419203125 0.5998699984375 0.20517332187499998 0.371907734375 0.199867440625
2 0.5153768875 0.072048021875 0.51377004375 0.210139809375 0.9813172140624999 0.221022090625 0.9829240578125 0.08293030312500001 0.5153768875 0.072048021875
2 0.6022600890625001 0.6371937359375 0.9927506546875 0.6462825046875 0.99761503125 0.2282390265625 0.607124465625 0.21915025781250003 0.6022600890625001 0.6371937359375
2 0.4160539296875 0.57597235625 0.414505265625 0.70906414375 0.5363920578125 0.711901090625 0.537940721875 0.578809303125 0.4160539296875 0.57597235625
2 0.5494889453125 0.6941454765625 0.548551034375 0.7747493421875 0.6869283937499999 0.7779701109375 0.6878663046875 0.6973662453125 0.5494889453125 0.6941454765625
2 0.7804034953125 0.7749873671875 0.9911959484375 0.779893615625 0.9928502921875 0.6377197015625 0.7820578390625 0.632813453125 0.7804034953125 0.7749873671875
4 0.39375672968750003 1 0.397865596875 0.6468847578125 0.0360542765625 0.63846350625 0.031856584375000004 0.9992122984374999 0.06569945625 1 0.39375672968750003 1
4 0.9709507453124999 1 0.9740334390625 0.7350739140625 0.40358060937499995 0.721796478125 0.40036270625 0.998342371875 0.471581175 1 0.9709507453124999 1
4 0.35504208125000003 0.299840228125 0.35843396250000004 0.00834264375 0.021943396875 0.0005107375 0.018551515625 0.292008321875 0.35504208125000003 0.299840228125
4 0.36333948125000004 0.0084689 0.36138299375 0.176608996875 0.51711884375 0.1802337890625 0.51907533125 0.012093692187500001 0.36333948125000004 0.0084689