14 0.57988559375 0.126690465625 0.588692784375 0.139155009375 0.6245245374999999 0.1544677390625 0.6831835468749999 0.15457819374999998 0.70140091875 0.1449618296875 0.7109380484375001 0.11560819375 0.7021625953124999 0.101325465625 0.6820369875 0.09100751093750001 0.63695373125 0.0886847828125 0.5938104515625 0.10447819218750001 0.57988559375 0.126690465625
14 0.7317659062499999 0.21495137656250002 0.7502689078125 0.18897137656250002 0.744099890625 0.1546229671875 0.733003628125 0.1440422859375 0.7150401468750001 0.13911319375 0.6741224640625 0.1566591015625 0.6713573453125 0.18581569375 0.6911973234375 0.2124972859375 0.7317659062499999 0.21495137656250002
14 0.7783195093749999 0.29752011875 0.799079846875 0.2714744359375 0.7882057390625 0.24816648125000002 0.7442039359375 0.23461350312499998 0.7214910484375 0.219418553125 0.6851335656249999 0.2336896296875 0.7156853484375 0.266631934375 0.7466533265625 0.30207602499999997 0.7783195093749999 0.29752011875
14 0.495356675 0.4453529625 0.5409477125000001 0.41858478281249994 0.5595459234375 0.3871502375 0.5623427796875 0.356175465625 0.5447601359375 0.329428190625 0.5246027921875 0.3209284171875 0.5087697 0.3232063734375 0.4622900421875 0.40088364531250004 0.47507238437500005 0.4441259171875 0.495356675 0.4453529625
14 0.6031017796875 0.34772046562500003 0.57601374375 0.348508646875 0.56005370625 0.358059328125 0.55261523125 0.3964381921875 0.576874675 0.42844296406250004 0.6174115203125 0.43271523749999996 0.636485778125 0.374007965625 0.6031017796875 0.34772046562500003
14 0.655278453125 0.46068955625 0.635311528125 0.4412806921875 0.6016419015625 0.4313568296875 0.576747728125 0.4357156921875 0.5605655359374999 0.457993646875 0.5734113515625 0.49759955624999996 0.543748615625 0.5166352375 0.5367861875 0.5277413734375 0.541078703125 0.54033728125 0.5702019218750001 0.5522106921875001 0.5882606125 0.5516852375 0.63362949375 0.5376443281250001 0.661193578125 0.5095834203125 0.663895225 0.48406319375000006 0.655278453125 0.46068955625
14 0.45418914531250004 0.606469553125 0.49208781718749994 0.6326256890625 0.5192075890625001 0.6300193265625 0.5269634296875 0.5734586453125 0.5025770406250001 0.5487266 0.477936759375 0.538540009375 0.4530743234375 0.5410806906250001 0.439244678125 0.5578384171875 0.441057703125 0.5832272796875 0.45418914531250004 0.606469553125
14 0.678049884375 0.6587740906249999 0.6647602015625 0.6930227390625 0.680275928125 0.708926603125 0.7254226546875 0.7076129671875 0.759600065625 0.688445921875 0.75029638125 0.6652666609375 0.7564473359375 0.6526730671875 0.757717534375 0.6478612671875 0.774064440625 0.635324559375 0.7471668234375 0.6252036484375 0.6973727249999999 0.639112484375 0.678049884375 0.6587740906249999
14 0.34445210312499996 0.042677960937499995 0.3492206671875 0.0280011421875 0.29288246875 0.0241886421875 0.2815005765625 0.029971596875 0.27393515625 0.0756231875 0.28051674531250004 0.0863352328125 0.293997290625 0.08957750625000001 0.3076999921875 0.08009250625 0.34445210312499996 0.042677960937499995
14 0 0.781159553125 0.0632296953125 0.7723122734375 0.10659513281249999 0.7437915921875 0.1091063609375 0.7291804578125001 0.10029917031249999 0.7167159109375 0.07108074375 0.710297046875 0.0010081078125 0.717787728125 0 0.718774790625 0 0.781159553125
9 0.521102525 0.829090278125 0.5245925859375 0.6291448234375 0.3033736234375 0.6355816375 0.2998835625 0.8355270921875 0.521102525 0.829090278125
9 0 0.4676441859375 0.341776659375 0.4576995015625 0.3442403625 0.316554046875 0 0.3265704171875 0 0.4676441859375
9 0.5841988546875 0.32422815625 0.5882433515625001 0.092519065625 0.376234321875 0.0986878984375 0.37218982500000003 0.3303969890625 0.5841988546875 0.32422815625
11 0.8980676687500001 0.2855105390625 0.89930475625 0.2146378125 0.788492115625 0.21786213124999998 0.7872550281249999 0.2887348578125 0.8980676687500001 0.2855105390625