12 0.39803671875 0.5301736484374999 0.393603046875 0.276168734375 0.26910042968750003 0.2754444 0.2735341015625 0.5294493140625 0.39803671875 0.5301736484374999
20 1 0.6216152390625 0.7764305031250001 0.6203145515624999 0.7814144171875 0.9058428062500001 1 0.9071144984374999 1 0.6216152390625
20 1 0.045199579687500005 0.7021403609375 0.043466682812500004 0.7105822640625 0.5271030453125001 1 0.5287868296875 1 0.045199579687500005
20 0.700406146875 0.6564164531250001 0.69437106875 0.3106670671875 0.42471138281250004 0.309098234375 0.43074646093749996 0.6548476203125 0.700406146875 0.6564164531250001
20 0.7896526734375 0.9714246203125001 0.78386805625 0.6400241296875 0.16789947031250002 0.636440528125 0.1736840875 0.9678410187500001 0.7896526734375 0.9714246203125001
20 0.3579248578125 0.6315024515625 0.35572045937499996 0.5052125249999999 0.261950825 0.5046669890625 0.26415522343750003 0.630956915625 0.3579248578125 0.6315024515625
20 0.265661034375 0.6369970046875 0.2593227453125 0.2738766125 0.11610285000000001 0.27304338281249996 0.12244113906250001 0.636163775 0.265661034375 0.6369970046875
20 0.3797765265625 0.18285451875 0.3766234640625 0.0022156984375 0.01295854375 0.0000999578125 0.01611160625 0.180738778125 0.3797765265625 0.18285451875
20 0.7057114703125 0.1618292484375 0.702958115625 0.004089690625 0.43191099531250005 0.002512784375 0.43466435 0.1602523421875 0.7057114703125 0.1618292484375
3 0.516050934375 0.2933904953125 0.51388685 0.1694101515625 0.19600726875000002 0.16756078125 0.198171353125 0.291541125 0.516050934375 0.2933904953125
3 0.7959524109375 0.8322247968750001 0.7928212218749999 0.6528390468749999 0.6680830015625 0.6521133421875 0.671214190625 0.8314990921875 0.7959524109375 0.8322247968750001
3 1 0.8759997234375 0.82287386875 0.8749692343750001 0.825056290625 1 1 1 1 0.8759997234375
3 1 0.549239296875 0.8114759484375 0.5481424968749999 0.8128916531250001 0.6292481484375 1 0.6303367125 1 0.549239296875
3 0.6647448171875 0.31390959375 0.6635130984375001 0.24334448437499998 0.5771518421875 0.2428420484375 0.5783835609375 0.3134071578125 0.6647448171875 0.31390959375
3 0.41166895468750003 1 0.40964461874999997 0.8840258890625 0.31522053437499997 0.883476546875 0.317254459375 1 0.41166895468750003 1