3 0.5248654937499999 1 0.5185181203125 0.636359175 0.15366235156250002 0.62574295625 0.16014869375000002 0.9973453296875 0.25138379375 1 0.5248654937499999 1
3 0.28175004062500003 0.41948760781249994 0.2852467515625 0.61981401875 0.6066890593750001 0.6291670359375 0.6031923484374999 0.42884062500000003 0.28175004062500003 0.41948760781249994
3 1 0.5045082671875 0.754744859375 0.497372071875 0.75811933125 0.6906955140625 1 0.697733521875 1 0.5045082671875
3 0.259341 0.1570101625 0.2631132625 0.37312292187499996 0.5653248015625 0.381916378125 0.5615525390625 0.16580361875 0.259341 0.1570101625
3 0.6332819453125 0.0659544 0.635054903125 0.1675271015625 0.8564972109375001 0.1739704140625 0.8547242531249999 0.0723977125 0.6332819453125 0.0659544
3 0.031403478125 0.3524413515625 0.033373259375 0.4652900171875 0.18803672031250002 0.4697902640625 0.1860669390625 0.3569415984375 0.031403478125 0.3524413515625
20 0.0022942921875 0.0089346546875 0.008061196875 0.3393204125 0.2927246578125 0.347603271875 0.286957753125 0.0172175140625 0.0022942921875 0.0089346546875
20 0.1520770125 0.5307895640625 0.009192396875 0.526632046875 0.012463279687499999 0.714020771875 0.15534789531249998 0.7181782890624999 0.1520770125 0.5307895640625
20 0.16036794375000002 0.40013293125000005 0.1645436921875 0.6393614171875 0.3263706140625 0.6440701 0.322194865625 0.4048416140625 0.16036794375000002 0.40013293125000005
20 0.169108771875 1 0.16599730625 0.821744290625 0.0142665375 0.8173293765625 0.017455065625 1 0.169108771875 1
20 1 0.6705811484375 0.5243759140625001 0.6567419 0.53036750625 1 1 1 1 0.6705811484375
20 0.6022712328125001 0.5316102515625001 0.603742740625 0.615912921875 0.8159062031250001 0.6220862484375 0.8144346953125 0.537783578125 0.6022712328125001 0.5316102515625001
20 1 0.181185915625 0.55323299375 0.1681863234375 0.5570938265625001 0.3893732671875 1 0.402260521875 1 0.181185915625
20 1 0.40611612812500003 0.7334351984375 0.3983598859375 0.7350367125 0.49011062812499995 1 0.49782027187500005 1 0.40611612812500003
20 0.3942889046875 0.3410232765625 0.3961436984375 0.447284403125 0.5494610062499999 0.45174548124999997 0.5476062125000001 0.3454843546875 0.3942889046875 0.3410232765625
20 0.6371173359375 0.16868447656250002 0.6344951921875001 0.018461925 0.41348557656249996 0.0120312015625 0.4161077203125 0.162253753125 0.6371173359375 0.16868447656250002
20 0.99337069375 0.102160678125 0.9920913468749999 0.028866909375 0.68233173125 0.019853825 0.683611078125 0.09314759375000001 0.99337069375 0.102160678125