2 0.493868390625 0.7836106953125 0.48973397500000004 0.8554621984375 0.5283381125 0.8893487828125 0.5799384453124999 0.8937650828124999 0.6277888140625 0.8477354546875 0.6197936656249999 0.768120190625 0.5834049734375 0.7448289124999999 0.5366688468749999 0.7429862015625 0.5066788796874999 0.762119134375 0.493868390625 0.7836106953125
2 0.567958759375 0.668002203125 0.574047975 0.7237242875 0.6225043296874999 0.7574389015625 0.6446099140625 0.759711540625 0.686977053125 0.7377040671875 0.70483745625 0.7108073734375 0.7040457640625 0.63904185625 0.6580524640625 0.60528425 0.6009689015624999 0.62489010625 0.567958759375 0.668002203125
2 0.7618232875000001 0.4838406953125 0.705482553125 0.47153165625 0.6656403703125 0.4908365625 0.6504287296875 0.509711540625 0.643831259375 0.5816060359375 0.6674713640625 0.6237293015625001 0.694193546875 0.6392138265625 0.7212871421875 0.63874090625 0.7888419453125 0.592367334375 0.7924192390625 0.544452003125 0.7810325031249999 0.50477335 0.7618232875000001 0.4838406953125
2 0.9583724046875 0.5016778703125 0.9882385656249999 0.48786408281250004 0.991271778125 0.357544934375 0.9545735750000001 0.347551528125 0.9075898375 0.35634711406249997 0.8773522625 0.38611834843750004 0.880607009375 0.45784087187500006 0.9214884953125001 0.49966318750000005 0.9583724046875 0.5016778703125
2 0.5239854453125 0.23011825625000001 0.5153582359375 0.283438725 0.541275690625 0.33349771875 0.592690315625 0.3458927421875 0.6425085187499999 0.32109671562500003 0.6561237390625 0.265030690625 0.64953930625 0.2305852 0.6304538953125001 0.204333396875 0.5768238234374999 0.18134306718749998 0.5239854453125 0.23011825625000001
2 0.3518062234375 0.3288294390625 0.29927735625 0.36430675468749996 0.2932370078125 0.41226508125 0.2999452453125 0.44139142187499997 0.31909255625 0.46498365 0.373032140625 0.47467610625 0.42303605156249996 0.44190135625 0.4315394546875 0.3939000390625 0.4152885125 0.351647796875 0.3862270796875 0.3308871140625 0.3518062234375 0.3288294390625
2 0.263198175 0.327717603125 0.31707585625 0.3400696359375 0.3569180390625 0.32076472968749997 0.3731201171875 0.2593365609375 0.34972762031250004 0.2065749984375 0.2934487875 0.19160638593749998 0.240981821875 0.22442412812499998 0.2323546140625 0.2777445953125 0.263198175 0.327717603125
16 0.07861570625 0.641983296875 0.10134031562500001 0.617660190625 0.08194539375 0.604706259375 0.0350854609375 0.6081826984375 0.004847884375 0.6379539296875001 0.0070014281250000004 0.6512088109375 0.0267058625 0.65086486875 0.07861570625 0.641983296875
2 0 0.6995866171875 0.0247249890625 0.7359712515625 0.07121350625 0.7484522609375001 0.1212793203125 0.7130179359375 0.1279386921875 0.638463865625 0.11384129218750001 0.6094665046875 0.09438446874999999 0.5991721484375 0.047648340625 0.5973294359375 0.0025086359375 0.6326777734375 0 0.6421138078124999 0 0.6995866171875
2 0.26767464687500003 0.9816289812500001 0.3635480546875 0.9879309859375001 0.3956915640625 0.9820529312499999 0.3967439015625 0.936840165625 0.3680538828125 0.9001220359375001 0.3315413859375 0.8821499062499999 0.276611365625 0.915010640625 0.263305659375 0.957778796875 0.26767464687500003 0.9816289812500001
16 0.6145710828125 0.6751640625 0.6439420265625 0.6826268734375 0.6638940703125 0.671644634375 0.6666666343750001 0.65830376875 0.6330505078125 0.6216716250000001 0.6179007703125 0.637887028125 0.6032462484375001 0.6328258359375 0.5956713796875001 0.6409335375 0.6145710828125 0.6751640625
16 0.6864460078125 0.548960265625 0.7384177546874999 0.5374191203125 0.7511663421875 0.5185871343749999 0.7217953984375 0.511124325 0.6791806499999999 0.5437700953125 0.6864460078125 0.548960265625