14 0.5850340140625 0.6605744125 0.5895691609375 0.6344647515624999 0.6122448984375 0.6161879890625 0.64172335625 0.5195822453125001 0.6303854875 0.49086161875 0.6054421765625 0.47258485625 0.580498865625 0.4960835515625 0.5623582765624999 0.54569190625 0.560090703125 0.6135770234375 0.5714285718750001 0.6605744125 0.5850340140625 0.6605744125
14 0.5691609984375 0.7806788515624999 0.6009070296875 0.7806788515624999 0.6485260765625 0.7441253265625 0.653061225 0.70234986875 0.646258503125 0.681462140625 0.6077097499999999 0.6527415140625 0.57596371875 0.6657963453125 0.5419501140625 0.7075718015625 0.5396825390625 0.7336814625 0.5555555562500001 0.7702349875000001 0.5691609984375 0.7806788515624999
14 0.5419501140625 0.6840731078125 0.528344671875 0.603133159375 0.4535147390625 0.5979112265625 0.42403628125 0.6292428203125 0.42630385468750004 0.663185378125 0.44444444375 0.6840731078125 0.5124716546875 0.6971279375 0.5419501140625 0.6840731078125
14 0.349186646875 0.7485538375 0.3945578234375 0.7232375984375 0.39229025 0.6919060046875 0.3718820859375 0.6684073109375 0.276643990625 0.663185378125 0.265306121875 0.6788511749999999 0.2712981546875 0.708226203125 0.28617570937500003 0.7223408906250001 0.3106799859375 0.7374637546875 0.349186646875 0.7485538375
14 0.2040816328125 0.887728459375 0.1950113375 0.8433420359375001 0.156462584375 0.79373368125 0.124716553125 0.7832898171875 0.08843537343749999 0.8198433421875 0.1065759640625 0.8798955609375 0.136054421875 0.9112271546875 0.1927437640625 0.9086161875000001 0.2040816328125 0.887728459375
14 0.591836734375 0.9634464749999999 0.5873015875 0.8851174937499999 0.5714285718750001 0.8668407312499999 0.537414965625 0.8668407312499999 0.5170068031249999 0.8851174937499999 0.5034013609375 0.9634464749999999 0.5396825390625 0.9817232375 0.5736961453125 0.9817232375 0.591836734375 0.9634464749999999
14 0.961451246875 0.7832898171875 1 0.7597911234375 0.9977324265625 0.6788511749999999 0.9569160999999999 0.6945169718749999 0.9297052156250001 0.7258485640625 0.9160997734375 0.754569190625 0.9206349203125 0.772845953125 0.961451246875 0.7832898171875
14 0.7641723359375 0.38120104375 0.8072562359375001 0.3681462140625 0.8299319734375 0.3315926890625 0.832199546875 0.2898172328125 0.8231292515625 0.2741514359375 0.7664399093750001 0.26109660625000003 0.7460317453124999 0.2741514359375 0.70521541875 0.3289817234375 0.7029478453125 0.360313315625 0.7165532875 0.378590078125 0.7641723359375 0.38120104375
14 0.9297052156250001 0.34725848593749997 0.941043084375 0.3315926890625 0.9433106578125001 0.29503916406249997 0.8707483 0.263707571875 0.8480725625 0.2898172328125 0.8548752828125 0.3315926890625 0.8798185937499999 0.355091384375 0.9115646265624999 0.35770235 0.9297052156250001 0.34725848593749997
14 0.7641723359375 0.2584856390625 0.7596371875 0.22454308125 0.7460317453124999 0.20887728437500003 0.723356009375 0.20887728437500003 0.6916099765625 0.2375979109375 0.700680271875 0.2663185375 0.7142857140625 0.2767624015625 0.7573696140624999 0.2689295046875 0.7641723359375 0.2584856390625
7 0.7157709750000001 0.9954960828124999 0.8926643984375 0.9954960828124999 0.8926643984375 0.41030026093750005 0.7157709750000001 0.41030026093750005 0.7157709750000001 0.9954960828124999
7 0.349523809375 0.5905744125 0.556145125 0.5905744125 0.556145125 0.3750130546875 0.349523809375 0.3750130546875 0.349523809375 0.5905744125
7 0.3818934234375 0.8652349875 0.49348072500000006 0.8652349875 0.49348072500000006 0.7260966062499999 0.3818934234375 0.7260966062499999 0.3818934234375 0.8652349875
7 0.23710884375000002 0.9986422968750001 0.36543083906249996 0.9986422968750001 0.36543083906249996 0.8182767625 0.23710884375000002 0.8182767625 0.23710884375000002 0.9986422968750001
7 0.9099433109374999 0.6627676234375001 0.9999886625000001 0.6627676234375001 0.9999886625000001 0.3887206265625 0.9099433109374999 0.3887206265625 0.9099433109374999 0.6627676234375001