3 0 0.9604875749999999 0.9832431375 0.989097028125 1 0.029097028125 0.009574468749999999 0.0002785890625 0 0.54879953125 0 0.9604875749999999
3 0 0.9287158906249999 0.9792761562500001 0.9572099156249999 0.995284390625 0.0400988046875 0.0095929015625 0.011418112499999999 0 0.5609950609375 0 0.9287158906249999
20 0.8434501265625001 0.0630725625 0.6577586375 0.057669492187500004 0.6550022890625 0.215580603125 0.8406937781250001 0.2209836734375 0.8434501265625001 0.0630725625
20 0.33555882812500004 0.1576165984375 0.254814146875 0.1552671671875 0.2534782515625 0.2318005 0.33422293281250004 0.23414993125 0.33555882812500004 0.1576165984375
20 0.19686821875 0.08843693281250001 0.12912885624999998 0.08646591875000001 0.1256936984375 0.28326591875 0.19343306093749998 0.2852369328125 0.19686821875 0.08843693281250001
20 0.5521681546874999 0.538153703125 0.45051921874999995 0.5351960203125 0.4486076953125 0.64470713125 0.55025663125 0.6476648140625 0.5521681546874999 0.538153703125
20 0.40146721718749995 0.344517128125 0.342025728125 0.34278755781250003 0.33713365624999997 0.6230542234375 0.39657514531250004 0.62478379375 0.40146721718749995 0.344517128125
20 0.54484710625 0.23727694375000002 0.4570013609375 0.23472089375 0.45484081249999997 0.358498671875 0.5426865578125 0.361054721875 0.54484710625 0.23727694375000002
20 0.4486447375 0.07472998125 0.364362821875 0.072277628125 0.361798090625 0.2192109625 0.44608000625 0.221663315625 0.4486447375 0.07472998125
20 0.7833281453125001 0.3556726125 0.747184528125 0.354620940625 0.74582225625 0.4326653859375 0.7819658734375 0.4337170578125 0.7833281453125001 0.3556726125
20 0.705335065625 0.7696367609375 0.6557605984375 0.7681942921875 0.6543727265625 0.8477054031250001 0.70394719375 0.8491478718750001 0.705335065625 0.7696367609375
20 0.6925358328125 0.5127785874999999 0.6175624296875 0.5105970828124999 0.6156873671875001 0.6180193046875 0.6906607703125001 0.620200809375 0.6925358328125 0.5127785874999999
20 0.688528153125 0.2919054671875 0.6176238984375 0.28984236406249997 0.6161142296875 0.376331253125 0.687018484375 0.37839435625 0.688528153125 0.2919054671875
20 0.85342561875 0.21263859687500003 0.7735851921875 0.210315478125 0.7712958624999999 0.341471034375 0.8511362890624999 0.343794153125 0.85342561875 0.21263859687500003