14 0.6207423765625 0.6043364921875 0.6469575953125 0.6004090546875 0.647274265625 0.5868036125 0.6005407671875 0.5743718671875 0.532602871875 0.575059396875 0.482572290625 0.5920453390625 0.4584930328125 0.6164417109375 0.47618923437499994 0.64181041875 0.50464596875 0.6538167671874999 0.60193783125 0.6265868328125 0.6207423765625 0.6043364921875
14 0.7666925859375 0.61907753125 0.7674314828125001 0.5873315 0.7573042890624999 0.573482975 0.7211202125 0.5567591640625 0.694957771875 0.5584190312499999 0.652390640625 0.5914602999999999 0.6385969125 0.622902478125 0.66642030625 0.6621197109375 0.6871497 0.6694086 0.7290307140625 0.6658457859375 0.7666925859375 0.61907753125
14 0.6737285484375 0.460366421875 0.6532630453125 0.441739665625 0.619373265625 0.4386820703125 0.587355553125 0.46743127656250005 0.5908358 0.5423827515624999 0.671459078125 0.5578720921875 0.6852000265625 0.5286974875 0.6737285484375 0.460366421875
14 0.7404264281249999 0.36660943125 0.7302325984375 0.3278446453125 0.7156800765625 0.30298837968750003 0.70191166875 0.287782303125 0.67267610625 0.2811065578125 0.6567464171874999 0.2920798015625 0.659751659375 0.3874394390625 0.6827753484375 0.40839454062499997 0.7140541625 0.411391365625 0.7404264281249999 0.36660943125
14 0.9041300265625001 0.213892040625 0.9080604531249999 0.15726346875 0.8774149781249999 0.12705576093749998 0.8177849859374999 0.1075174390625 0.7803870078124999 0.1429478265625 0.7900919734375 0.174936940625 0.838803096875 0.214640340625 0.88297840625 0.22474374218749998 0.9041300265625001 0.213892040625
14 0.9683703109374999 0.5965460078125 0.9691619875 0.5625324015625 0.951729678125 0.5258258265625 0.8730840265625 0.5376081421875 0.854332259375 0.5575909078125 0.853540584375 0.5916045140625 0.8714478968750001 0.6079029265625 0.9496713218749999 0.6142612 0.9683703109374999 0.5965460078125
14 0.74786863125 1 0.760911790625 0.9796825203124999 0.7514179375000001 0.938623109375 0.7332467312500001 0.9336625656249999 0.7042094343749999 0.946599528125 0.6722445031250001 0.9730811625 0.661187409375 1 0.74786863125 1
14 0.3493571171875 0.815824934375 0.3634147359375 0.7730448890625 0.361912115625 0.7253650687500001 0.34395202343750003 0.7113342312500001 0.312567653125 0.712872553125 0.2567873546875 0.752412690625 0.24325751874999998 0.772517 0.25499289062499997 0.829510196875 0.2704475734375 0.8389451171875001 0.3122758078125 0.8376498796874999 0.3493571171875 0.815824934375
14 0.3364854484375 0.9198902406249999 0.3346133796875 0.8880834375 0.31169524531250004 0.8625931890625 0.270078125 0.8548181328125001 0.2434406796875 0.8768861625 0.2730833640625 0.9501777703125001 0.30968966875000004 0.9487609906250001 0.32561935625 0.937787746875 0.3364854484375 0.9198902406249999
14 0.25130153125 0.7636290171875 0.2601372171875 0.7207274296875 0.2500100234375 0.7068789046874999 0.221500509375 0.6971401296875 0.19204098593750002 0.7282176828125 0.191513203125 0.75089341875 0.20686232968749999 0.7648634859375 0.24069933125 0.77018865625 0.25130153125 0.7636290171875
7 0.39364050625 0.7253208203125 0.3895232671875 0.9022142437499999 0.9747190890624999 0.9158348265624999 0.978836328125 0.738941403125 0.39364050625 0.7253208203125
7 0.3668777984375 0.35825233437500004 0.3620686328125 0.56487365 0.577629990625 0.5698908968749999 0.58243915625 0.36326958125000003 0.3668777984375 0.35825233437500004
7 0.7172079375 0.398793509375 0.714610715625 0.5103808109375 0.8537490968749999 0.5136192921875 0.85634631875 0.402031990625 0.7172079375 0.398793509375
7 0.8127579921875 0.256154446875 0.809771265625 0.3844764421875 0.9901367999999999 0.388674496875 0.9931235265625 0.2603525015625 0.8127579921875 0.256154446875
7 0.6398514125 1 0.6415884578125 0.9253693984375 0.3675414609375 0.9189908843750001 0.365655953125 1 0.6398514125 1