3 0.41531660312499996 0 0.3865714953125 0.98790528125 0.97088904375 0.9709033765624999 0.999139446875 0 0.41531660312499996 0
3 0.20846104062499998 0.12904004687499998 0.09113513437500001 0.13245388281249998 0.082786665625 0.41937212031250004 0.200112571875 0.415958284375 0.20846104062499998 0.12904004687499998
3 0.4174114015625 0.24078490156250001 0.27448660937499997 0.24494358906249997 0.2624305578125 0.6592832109375 0.40535534999999995 0.6551245234375 0.4174114015625 0.24078490156250001
2 0.6816294125 0.36660017031250003 0.5856127 0.3693939703125 0.5812884046875 0.5180103218750001 0.6773051171875 0.515216521875 0.6816294125 0.36660017031250003
2 0.5210038671875 0.387015275 0.451338128125 0.389042340625 0.4388684953125 0.8175958 0.508534234375 0.815568734375 0.5210038671875 0.387015275
2 0.3987952796875 0.6419305171875 0.2405222984375 0.646535790625 0.234091671875 0.8675420796875001 0.392364653125 0.8629368062499999 0.3987952796875 0.6419305171875
2 0.1494346890625 0.48423160468750004 0.04183023125 0.487362575 0.0381006875 0.615538675 0.1457051453125 0.6124077046874999 0.1494346890625 0.48423160468750004
2 0 0.9991533640625001 0.169384865625 0.9942247671875 0.178534875 0.6797593578125001 0 0.6849541921875 0 0.9991533640625001
20 0.9692405421875 0.002181040625 0.790772575 0.007373928125 0.784208359375 0.23297141250000003 0.9626763265625 0.227778525 0.9692405421875 0.002181040625
20 0.9511688109374999 0.406138609375 0.7554863593750001 0.41183238749999995 0.7464040609375 0.7239707515625 0.9420865125000001 0.7182769734375001 0.9511688109374999 0.406138609375
20 0.8089230531249999 0.8279110749999999 0.804621634375 0.9757412640625001 0.8800255343750001 0.973547234375 0.884326953125 0.8257170453124999 0.8089230531249999 0.8279110749999999
20 0.636693821875 0.0165701484375 0.35190273437499997 0.0248567234375 0.3399473328125 0.4357372265625 0.6247384203124999 0.4274506515625 0.636693821875 0.0165701484375
20 0.3442834359375 0.0251098421875 0.1652583671875 0.030318940625000002 0.150094971875 0.551451015625 0.329120040625 0.5462419171875 0.3442834359375 0.0251098421875
20 0.0128999328125 0 0 0.44334194218749995 0 0.5191827109375 0.15146826875 0.514775434375 0.1664467046875 0 0.0128999328125 0
2 0 0.9991533640625001 0.3898444765625 0.9878100468750001 0.3999506609375 0.6404830031250001 0 0.6521203796874999 0 0.9991533640625001
6 0.39171755625000004 0.6881352171875 0.3829921078125 0.9880094312500001 0.48449628593750005 0.9850559609375 0.49322173437499994 0.685181746875 0.39171755625000004 0.6881352171875
6 0.3547452671875 0.0342942484375 0.21574805156250002 0.0383386546875 0.21220516875 0.1600996609375 0.351202384375 0.15605525468749998 0.3547452671875 0.0342942484375
3 0.7292545515625 0.4003733078125 0.6429592875 0.40288424375 0.626807690625 0.9579785828125 0.7131029546875001 0.955467646875 0.7292545515625 0.4003733078125
3 0.6332499796875 0.5027050515625 0.495116275 0.5067243312499999 0.48667264687499995 0.7969130109375 0.6248063515625 0.79289373125 0.6332499796875 0.5027050515625
3 0.84330914375 0.6882544484374999 0.7311085859374999 0.6915191515625 0.7246376984375 0.9139090890625001 0.8368382562500001 0.9106443859375 0.84330914375 0.6882544484374999
3 0.8895205984375 0.90021965 0.9730303484375 0.8977897640625001 0.979887365625 0.6621293875 0.8963776156250001 0.6645592734375 0.8895205984375 0.90021965
3 0.9741291609375 0.2311214109375 0.7888088265625 0.2365136828125 0.784167940625 0.3960105390625 0.969488275 0.3906182671875 0.9741291609375 0.2311214109375
3 0.1872237421875 0.18027547500000002 0.1036861375 0.182706171875 0.09895924375000001 0.3451590015625 0.1824968484375 0.3427283046875 0.1872237421875 0.18027547500000002
3 0.22838921562499997 0.7282664125 0.16602152812499998 0.7300811265625 0.1621712046875 0.8624081718750001 0.2245388921875 0.8605934578125 0.22838921562499997 0.7282664125
3 0.2985859484375 0.840466715625 0.1992544734375 0.8433569656250001 0.19615445 0.9498978453125 0.29548592500000004 0.9470075953125001 0.2985859484375 0.840466715625
3 0.173002775 0.5566285703125 0.069214475 0.5596485015625 0.064957890625 0.7059378109375001 0.16874619062500001 0.7029178796875 0.173002775 0.5566285703125
3 0.4331272078125 0.4237885140625 0.3575561765625 0.42598740625 0.3517971609375 0.6239119343749999 0.4273681921875 0.6217130421875 0.4331272078125 0.4237885140625
2 0.4982743 0.4292766078125 0.4383857203125 0.4310191875 0.4359335171875 0.5152959171875 0.495822096875 0.5135533375 0.4982743 0.4292766078125
2 0.641494271875 0.3881909296875 0.5961460828125 0.3895104265625 0.593907990625 0.46642866562499996 0.6392561796875 0.46510916875 0.641494271875 0.3881909296875
2 0.6345774828125 0.8736413875 0.5829897390625 0.8751424374999999 0.579873246875 0.9822493546875 0.631460990625 0.9807483046875 0.6345774828125 0.8736413875
2 0.554042675 0.7939158859375001 0.5055747078125 0.7953261609375 0.5026009546875 0.89752741875 0.551068921875 0.89611714375 0.554042675 0.7939158859375001
2 0 0.59446483125 0.13850990937500002 0.5904346046875 0.141196353125 0.49810756093749997 0 0.5022159546875 0 0.59446483125
2 0.16326038437499998 0.3677641453125 0.11955564999999999 0.3690358234375 0.11666424687500002 0.46840689218750003 0.16036898125000001 0.4671352140625 0.16326038437499998 0.3677641453125
2 0.11317830468750001 0.20417255937499998 0.050225657812500005 0.2060042953125 0.0476105859375 0.295878509375 0.1105632328125 0.29404677343749996 0.11317830468750001 0.20417255937499998
2 0.218790509375 0.0743830328125 0.1739994234375 0.0756863203125 0.1689303171875 0.24990015781250002 0.21372140312500001 0.24859687031250002 0.218790509375 0.0743830328125