1 0.066742209375 0.3127312390625 0.1295184140625 0.3127312390625 0.1295184140625 0.26217277499999997 0.066742209375 0.26217277499999997 0.066742209375 0.3127312390625
1 0.13597733750000002 0.137390925 0.212577903125 0.137390925 0.212577903125 0.07988656250000001 0.13597733750000002 0.07988656250000001 0.13597733750000002 0.137390925
1 0.7088385265625 0.29565445 0.826742209375 0.29565445 0.826742209375 0.24277486874999998 0.7088385265625 0.24277486874999998 0.7088385265625 0.29565445
1 0.46082152968749995 0.13103839374999998 0.565467421875 0.13103839374999998 0.565467421875 0.0223298421875 0.46082152968749995 0.0223298421875 0.46082152968749995 0.13103839374999998
1 0.720467421875 0.08113437968750001 0.8083711046875001 0.08113437968750001 0.8083711046875001 0.03439790625 0.720467421875 0.03439790625 0.720467421875 0.08113437968750001
1 0.6535410765624999 0.11817626562500001 0.7287252125 0.11817626562500001 0.7287252125 0.060567190625 0.6535410765624999 0.060567190625 0.6535410765624999 0.11817626562500001
1 0.226883853125 0.7088656203125 0.3226345609375 0.7088656203125 0.3226345609375 0.6115881328125 0.226883853125 0.6115881328125 0.226883853125 0.7088656203125
1 0.331203965625 0.54799301875 0.4025070828125 0.54799301875 0.4025070828125 0.4926003484375 0.331203965625 0.4926003484375 0.331203965625 0.54799301875
1 0.47328611875000004 0.53266143125 0.572946175 0.53266143125 0.572946175 0.49397033125 0.47328611875000004 0.49397033125 0.47328611875000004 0.53266143125
1 0.617577903125 0.598342059375 0.766444759375 0.598342059375 0.766444759375 0.5309075046875 0.617577903125 0.5309075046875 0.617577903125 0.598342059375
1 0.51990085 0.68478185 0.6066713874999999 0.68478185 0.6066713874999999 0.6266317625 0.51990085 0.6266317625 0.51990085 0.68478185
1 0.7241501421875001 0.647582896875 0.7700141640625 0.647582896875 0.7700141640625 0.61021815 0.7241501421875001 0.61021815 0.7241501421875001 0.647582896875
1 0.2402124640625 0.8623211171875 0.33684135937500004 0.8623211171875 0.33684135937500004 0.8044153578125 0.2402124640625 0.8044153578125 0.2402124640625 0.8623211171875
1 0.3955807359375 0.9673821984375 0.4966005671875 0.9673821984375 0.4966005671875 0.9179232109375001 0.3955807359375 0.9179232109375001 0.3955807359375 0.9673821984375
1 0.8640084984374999 0.4588481671875 0.912082153125 0.4588481671875 0.912082153125 0.4146596859375 0.8640084984374999 0.4146596859375 0.8640084984374999 0.4588481671875