4 0.3685062484375 0.97465235625 0.36467286250000003 0.6452119671875 0.105232471875 0.6482308296875 0.1090658578125 0.97767121875 0.3685062484375 0.97465235625
4 0.6085238578125 0.789340871875 0.60612105625 0.582844521875 0.34264173750000004 0.58591038125 0.3450445390625 0.79240673125 0.6085238578125 0.789340871875
4 0.804326 0.813136596875 0.8010928187499999 0.535277715625 0.6114821140625 0.5374840359374999 0.6147152953125 0.8153429171875001 0.804326 0.813136596875
4 0.7446649609375 0.46967230156250006 0.742845659375 0.3133219359375 0.532432034375 0.3157703203125 0.5342513359375001 0.4721206859375 0.7446649609375 0.46967230156250006
4 0.960969775 0.36285900937500004 0.95964083125 0.2486497640625 0.7680593234375 0.250879015625 0.7693882671875001 0.3650882609375 0.960969775 0.36285900937500004
4 1 0.3517464734375 0.9395683984375 0.352449659375 0.9431101749999999 0.656829221875 1 0.6561672484375001 1 0.3517464734375
4 0.651932584375 0.1804809 0.6510506796875 0.10469014531250001 0.5629971515625 0.105714740625 0.56387905625 0.1815054953125 0.651932584375 0.1804809
2 0.5808937265624999 0 0.582012240625 0.096124815625 0.6833017781249999 0.09494620468750001 0.682196978125 0 0.5808937265624999 0
2 0.381486609375 0.310506315625 0.38001695468749996 0.1842046125 0.0946398265625 0.187525275 0.09610948124999999 0.313826978125 0.381486609375 0.310506315625
4 0.103493103125 0.4579698328125 0.0053422515625 0.45911192187500005 0.007284140625 0.6259975671875 0.1054349921875 0.624855478125 0.103493103125 0.4579698328125
4 0.378594021875 0.6181971953125001 0.37595453437500004 0.3913602125 0.3160275265625 0.39205752656250004 0.3186670140625 0.618894509375 0.378594021875 0.6181971953125001