3 0.0372604796875 0.8260441765625 0.4557335328125 0.8260441765625 0.4557335328125 0.1615060234375 0.0372604796875 0.1615060234375 0.0372604796875 0.8260441765625
3 0.4331287421875 0.9867469874999999 0.84992515 0.9867469874999999 0.84992515 0.384658634375 0.4331287421875 0.384658634375 0.4331287421875 0.9867469874999999
3 0.0471257484375 0.751405621875 0.3102395203125 0.751405621875 0.3102395203125 0.1767068265625 0.0471257484375 0.1767068265625 0.0471257484375 0.751405621875
3 0.312679640625 0.9232730921875 0.6225898203125 0.9232730921875 0.6225898203125 0.36178714843750004 0.312679640625 0.36178714843750004 0.312679640625 0.9232730921875
3 0.79857784375 1 0.79857784375 0.48054216875 0.6141766468750001 0.48054216875 0.6141766468750001 1 0.79857784375 1
3 0.8216467062499999 0.6382329312499999 0.9391317359375 0.6382329312499999 0.9391317359375 0.457831325 0.8216467062499999 0.457831325 0.8216467062499999 0.6382329312499999
3 0.8268562875000001 0.9999799203125 0.9287125749999999 0.9999799203125 0.9287125749999999 0.8367269078125 0.8268562875000001 0.8367269078125 0.8268562875000001 0.9999799203125
20 0.7604790421875001 0.8128714859375 0.9891017968750001 0.8128714859375 0.9891017968750001 0.63242971875 0.7604790421875001 0.63242971875 0.7604790421875001 0.8128714859375
20 0.5892814375000001 0.4857831328125 0.7539520953125 0.4857831328125 0.7539520953125 0.19951807187499998 0.5892814375000001 0.19951807187499998 0.5892814375000001 0.4857831328125
20 0.7558682640625001 0 0.7558682640625001 0.2692369484375 0.9192814374999999 0.2692369484375 0.9192814374999999 0 0.7558682640625001 0
20 0.284041915625 0.328052209375 0.45080838281249996 0.328052209375 0.45080838281249996 0.0125903609375 0.284041915625 0.0125903609375 0.284041915625 0.328052209375
20 0 0 0 0.15751004062500001 0.2645059875 0.15751004062500001 0.2645059875 0 0 0
20 1 0.2413253015625 0.9310179640625 0.2413253015625 0.9310179640625 0.4803614453125 1 0.4803614453125 1 0.2413253015625