1 0.5197518515625 0.8765342953124999 0.52306138125 0.6869314078125 0.3902289109375 0.6869314078125 0.38691938124999997 0.8765342953124999 0.5197518515625 0.8765342953124999
1 0.39470053437499997 0.6202346578125 0.39857530625000004 0.398249096875 0.33722815625 0.398249096875 0.333353384375 0.6202346578125 0.39470053437499997 0.6202346578125
1 0.29743833125 0.9487184109375001 0.29999231718749997 0.802400721875 0.171235840625 0.802400721875 0.16868185468750002 0.9487184109375001 0.29743833125 0.9487184109375001
1 0.1403367546875 0.7465523468749999 0.14556004218750002 0.44731046875 0.064109265625 0.44731046875 0.058885978125 0.7465523468749999 0.1403367546875 0.7465523468749999
1 0.2126519015625 0.6599277984375 0.2153048203125 0.5079422375 0.14457943125 0.5079422375 0.1419265125 0.6599277984375 0.2126519015625 0.6599277984375
1 0.36179985625 0.327797834375 0.36586178281250004 0.095090253125 0.28031774062500003 0.095090253125 0.2762558140625 0.327797834375 0.36179985625 0.327797834375
1 0.762301975 0.3386101078125 0.7643858703124999 0.2192238265625 0.6678919140625 0.2192238265625 0.6658080187500001 0.3386101078125 0.762301975 0.3386101078125
1 0.8079084640625 0.2989169671875 0.811113390625 0.115306859375 0.737434634375 0.115306859375 0.7342297078125 0.2989169671875 0.8079084640625 0.2989169671875
1 0.9489391015624999 0.23393501875 0.9506568828124999 0.135523465625 0.9070644812499999 0.135523465625 0.9053467 0.23393501875 0.9489391015624999 0.23393501875
1 0.976008075 0.76102888125 0.9789136812500001 0.5945667875 0.8921433875 0.5945667875 0.88923778125 0.76102888125 0.976008075 0.76102888125
1 0.8858370531249999 0.8801624546875001 0.88815158125 0.7475631765624999 0.8175989046875 0.7475631765624999 0.8152843765625001 0.8801624546875001 0.8858370531249999 0.8801624546875001
1 0.8675293734375 0.3458664265625 0.8698905328125001 0.2105956671875 0.825590015625 0.2105956671875 0.8232288562500001 0.3458664265625 0.8675293734375 0.3458664265625
1 0.5374328828125 0.4577617328125 0.54068948125 0.2711913359375 0.48179483437500004 0.2711913359375 0.4785382359375 0.4577617328125 0.5374328828125 0.4577617328125
1 0.48929188281249997 0 0.48791816250000003 0.0787003609375 0.5475036546875 0.0787003609375 0.548877375 0 0.48929188281249997 0
1 0.38839378281250003 0 0.38538168125 0.1725631765625 0.45778237187500004 0.1725631765625 0.46079447343749996 0 0.38839378281250003 0
1 0.2828392515625 0.20146209375000002 0.2861065625 0.014277978124999998 0.21539844531250002 0.014277978124999998 0.212131134375 0.20146209375000002 0.2828392515625 0.20146209375000002
1 0 0.5119133578125 0.0563494921875 0.5119133578125 0.0633731078125 0.1095306859375 0 0.1095306859375 0 0.5119133578125
1 0.1377505859375 0.39998195000000003 0.1405024375 0.2423285203125 0.0704506234375 0.2423285203125 0.067698771875 0.39998195000000003 0.1377505859375 0.39998195000000003
1 0.14930051875 0 0.1473596671875 0.1111913359375 0.22741147968750003 0.1111913359375 0.22935233125 0 0.14930051875 0
1 0.8919043640625001 0.5335559562500001 0.8936618421875 0.43287003593750006 0.8452162453125001 0.43287003593750006 0.8434587671875 0.5335559562500001 0.8919043640625001 0.5335559562500001