1 0.4349881796875 0.4416390734375 0.5132860515625 0.4416390734375 0.5132860515625 0.31955297968749996 0.4349881796875 0.31955297968749996 0.4349881796875 0.4416390734375
1 0.34336879374999996 0.7032947015625 0.42585106406250006 0.7032947015625 0.42585106406250006 0.5844536421875001 0.34336879374999996 0.5844536421875001 0.34336879374999996 0.7032947015625
1 0.1779078015625 0.6900331125 0.253345153125 0.6900331125 0.253345153125 0.6134105953125 0.1779078015625 0.6134105953125 0.1779078015625 0.6900331125
1 0.1956382984375 0.52774834375 0.26280141874999996 0.52774834375 0.26280141874999996 0.41887417187500003 0.1956382984375 0.41887417187500003 0.1956382984375 0.52774834375
1 0.6359456265625 0.1501655625 0.6999881796875 0.1501655625 0.6999881796875 0.0504966890625 0.6359456265625 0.0504966890625 0.6359456265625 0.1501655625
1 0.8693735218749999 0.6966556296874999 0.9363002359375001 0.6966556296874999 0.9363002359375001 0.5637417218749999 0.8693735218749999 0.5637417218749999 0.8693735218749999 0.6966556296874999
1 0.5915957453125 0.623774834375 0.6621631203125 0.623774834375 0.6621631203125 0.509933775 0.5915957453125 0.509933775 0.5915957453125 0.623774834375
3 0.227269503125 0.7680629140625 0.29807328593750004 0.7680629140625 0.29807328593750004 0.6869701984375001 0.227269503125 0.6869701984375001 0.227269503125 0.7680629140625
5 0.338061465625 0.678807946875 0.34042553125 0.64238410625 0.3309692671875 0.605960265625 0.297872340625 0.5927152312499999 0.2671394796875 0.6158940390625001 0.262411346875 0.66225165625 0.2789598109375 0.6920529796875 0.309692671875 0.698675496875 0.338061465625 0.678807946875
1 0.3943144203125 0.958824503125 0.609420803125 0.958824503125 0.609420803125 0.7046192046875001 0.3943144203125 0.7046192046875001 0.3943144203125 0.958824503125
5 0.4846335703125 0.66225165625 0.4799054375 0.61258278125 0.4373522453125 0.5993377484375 0.40898345156250004 0.63245033125 0.41134751718749996 0.6721854296875 0.4349881796875 0.698675496875 0.47281323906250006 0.6887417218749999 0.4846335703125 0.66225165625
5 0 0.6821192046875 0.030732860937500002 0.6887417218749999 0.049645390625 0.66225165625 0.0472813234375 0.6192052984374999 0.01182033125 0.5894039734375001 0 0.605960265625 0 0.6821192046875
3 0.038156028125000005 0.9570860921875 0.2627895984375 0.9570860921875 0.2627895984375 0.7832450328125 0.038156028125000005 0.7832450328125 0.038156028125000005 0.9570860921875
3 0.0271158390625 0.5984768218750001 0.1569030734375 0.5984768218750001 0.1569030734375 0.5258278140625 0.0271158390625 0.5258278140625 0.0271158390625 0.5984768218750001
3 0.077541371875 0.77511589375 0.1594326234375 0.77511589375 0.1594326234375 0.6958112578125 0.077541371875 0.6958112578125 0.077541371875 0.77511589375
3 0.71112293125 0.14978476875 0.7720449171875 0.14978476875 0.7720449171875 0.06445364218750001 0.71112293125 0.06445364218750001 0.71112293125 0.14978476875
3 0.7077423171875 0.316125828125 0.7694208031249999 0.316125828125 0.7694208031249999 0.224006621875 0.7077423171875 0.224006621875 0.7077423171875 0.316125828125
3 0.7443025999999999 0.2277980125 0.8104018906249999 0.2277980125 0.8104018906249999 0.14273178749999998 0.7443025999999999 0.14273178749999998 0.7443025999999999 0.2277980125
1 0.9301773046875 0.66738410625 0.9999881796875 0.66738410625 0.9999881796875 0.521423840625 0.9301773046875 0.521423840625 0.9301773046875 0.66738410625
7 0.020815603125000002 0.44480132499999997 0.378758865625 0.44480132499999997 0.378758865625 0.33155629062499997 0.020815603125000002 0.33155629062499997 0.020815603125000002 0.44480132499999997
1 0.13112293125000002 0.33528145625 0.2703427890625 0.33528145625 0.2703427890625 0.247698675 0.13112293125000002 0.247698675 0.13112293125000002 0.33528145625
7 0.3123758859375 0.3158443703125 0.517411346875 0.3158443703125 0.517411346875 0.009254967187500001 0.3123758859375 0.009254967187500001 0.3123758859375 0.3158443703125
7 0.5424704484375 0.5172019875 0.726654846875 0.5172019875 0.726654846875 0.26975165625 0.5424704484375 0.26975165625 0.5424704484375 0.5172019875
7 0.8119739953125 0.398890728125 0.9999881796875 0.398890728125 0.9999881796875 0.0070695359375 0.8119739953125 0.0070695359375 0.8119739953125 0.398890728125
7 0.5850118203125 0.99998344375 0.7367375890625001 0.99998344375 0.7367375890625001 0.693592715625 0.5850118203125 0.693592715625 0.5850118203125 0.99998344375
7 0.985070921875 1 0.985070921875 0.8878642390625 0.7379078015625 0.8878642390625 0.7379078015625 1 0.985070921875 1
7 0.7757210406249999 0.78748344375 0.987588653125 0.78748344375 0.987588653125 0.6847682125000001 0.7757210406249999 0.6847682125000001 0.7757210406249999 0.78748344375