9 0.580042134375 0 0.580042134375 0.6790476187500001 0.9758005624999999 0.6790476187500001 0.9758005624999999 0 0.580042134375 0
2 0.046362359375 0.8525510203125 0.43043539375 0.8525510203125 0.43043539375 0.02636054375 0.046362359375 0.02636054375 0.046362359375 0.8525510203125
2 0.9999859546875 1 0.9999859546875 0.64712585 0.5624859546875001 0.64712585 0.5624859546875001 1 0.9999859546875 1
2 0.54286516875 1 0.54286516875 0.8384353734375001 0.004213482812500001 0.8384353734375001 0.004213482812500001 1 0.54286516875 1
2 0.4185393265625 0.7811224484375 0.596292134375 0.7811224484375 0.596292134375 0.272959184375 0.4185393265625 0.272959184375 0.4185393265625 0.7811224484375
3 0.325112359375 0 0.325112359375 0.2870748296875 1 0.2870748296875 1 0 0.325112359375 0
3 1 0.28748299374999997 0.6382584265625 0.28748299374999997 0.6382584265625 0.7091156468750001 1 0.7091156468750001 1 0.28748299374999997
3 0.5870084265625 0.8773979593749999 0.66389045 0.8773979593749999 0.66389045 0.770085034375 0.5870084265625 0.770085034375 0.5870084265625 0.8773979593749999
2 0.6439606734375001 0.99998299375 0.9915449437499999 0.99998299375 0.9915449437499999 0.69770408125 0.6439606734375001 0.69770408125 0.6439606734375001 0.99998299375
2 0.9143960671875 0.6567176875 0.9999859546875 0.6567176875 0.9999859546875 0.349540815625 0.9143960671875 0.349540815625 0.9143960671875 0.6567176875
2 0.384887640625 0.124319728125 0.5956179781250001 0.124319728125 0.5956179781250001 0.00826530625 0.384887640625 0.00826530625 0.384887640625 0.124319728125
2 0.0028792140625 0.75326530625 0.33706460625 0.75326530625 0.33706460625 0.011020407812499999 0.0028792140625 0.011020407812499999 0.0028792140625 0.75326530625
2 0.333637640625 0.7780782312500001 0.5691713484375 0.7780782312500001 0.5691713484375 0.2943707484375 0.333637640625 0.2943707484375 0.333637640625 0.7780782312500001
2 0.569157303125 1 0.569157303125 0.777006803125 0 0.777006803125 0 1 0.569157303125 1