3 0.665137190625 0.3056445578125 0.6671952515624999 0.4235508078125 0.9865858765625 0.43098470625 0.984527815625 0.31307845625 0.665137190625 0.3056445578125
3 1 0.55223995625 0.531455615625 0.5413344640625 0.533221578125 0.6425063390625 1 0.653370728125 1 0.55223995625
3 0.7198271359375 0.058752717187500005 0.7213468171875 0.14581521718749998 0.8789093171875001 0.149482525 0.8773896359375 0.062420025000000004 0.7198271359375 0.058752717187500005
3 0.8407979609374999 0.1292439640625 0.842662925 0.2360877140625 0.9888035500000001 0.23948917500000003 0.9869385859375001 0.132645425 0.8407979609374999 0.1292439640625
3 0.21093525937500002 0.0347568171875 0.21305495937500002 0.15619431718750001 0.375008084375 0.1599638171875 0.372888384375 0.0385263171875 0.21093525937500002 0.0347568171875
3 0.3102527484375 0.15680885312499998 0.311711609375 0.240386978125 0.473680359375 0.2441568421875 0.47222149843750005 0.1605787171875 0.3102527484375 0.15680885312499998
3 0.209598275 0.753183690625 0.2112908703125 0.8501524406250001 0.3482283703125 0.8533396968750001 0.346535775 0.756370946875 0.209598275 0.753183690625
3 0.502951484375 0.857190815625 0.5047406296875 0.959690815625 0.6459281296875 0.9629769906250001 0.644138984375 0.860476990625 0.502951484375 0.857190815625
3 0.0165520765625 0.332203515625 0.018585590625000002 0.448703515625 0.182913715625 0.4525282953125 0.1808802015625 0.3360282953125 0.0165520765625 0.332203515625
2 0.418429815625 0.528278309375 0.42262639062499996 0.5002624109375 0.41766615625 0.484528309375 0.4001513734375 0.46537826562499995 0.348397959375 0.453240634375 0.3329638734375 0.463814459375 0.3275320796875 0.5105439890625 0.3309843625 0.5293667234375 0.3389332296875 0.5373610625 0.37818664375 0.5492077515625 0.418429815625 0.528278309375
2 0.1814752859375 0.554000434375 0.21571391874999998 0.5469880218750001 0.23578095625 0.5333983 0.2447741265625 0.51174150625 0.2444741171875 0.49455400625 0.23320933593749998 0.47554943281249995 0.190694553125 0.4558175078125 0.0940650140625 0.46762521718750005 0.080220703125 0.47979790937500005 0.0838639 0.50955814375 0.093538909375 0.52696385 0.1376980125 0.5514196421875 0.1814752859375 0.554000434375
2 0.33429236875 0.629403090625 0.340024171875 0.5998610625 0.3285684734375 0.5699189890625 0.300252559375 0.5583268718750001 0.2736627859375 0.5561461234375 0.256720746875 0.5698085796875 0.259101453125 0.616719946875 0.2686946421875 0.629438153125 0.3032878296875 0.6427382390624999 0.33429236875 0.629403090625
2 0.19420493125 0.746406140625 0.23639243125 0.747388065625 0.2625731015625 0.7261313140625 0.26041058437500003 0.6917199468749999 0.23809920624999997 0.6662108 0.1847832921875 0.654036803125 0.17085715937499998 0.66152199375 0.16339921562499998 0.68165265625 0.16715150781250002 0.7176628921875 0.178389015625 0.7351049640625 0.19250606406249998 0.7385572734375 0.19420493125 0.746406140625
2 0.180161796875 0.8366674640625 0.1940606546875 0.8276197734374999 0.1918163171875 0.7885209046874999 0.17109471406250001 0.7646106265625 0.1161617515625 0.7492752609375 0.089790165625 0.7595945125 0.0962583546875 0.7722399828125 0.09713110781249999 0.8222399828125001 0.14584134375 0.8389923781249999 0.180161796875 0.8366674640625
2 0.3112675203125 0.9209359750000001 0.30589818125 0.881764371875 0.2649186265625 0.8605063140625001 0.22895385156249998 0.858107359375 0.2182890875 0.8734777875 0.2140379640625 0.8983686843750001 0.2189982 0.9141027875000001 0.270860709375 0.9324904171874999 0.297423209375 0.9331086671875 0.3112675203125 0.9209359750000001
2 0.42513555625 0.6440124109375 0.489143509375 0.6423784828125 0.5107185015625 0.6257001296875 0.5167503124999999 0.6133455999999999 0.51650485 0.5992831 0.5002798328125 0.5645444234375 0.468757096875 0.548192071875 0.4157411921875 0.5532055734375 0.383174153125 0.5665043546875 0.3631889359375 0.5847815749999999 0.36343439843750003 0.5988440749999999 0.3746991796875 0.6178486484375 0.391913953125 0.6198111921875 0.42513555625 0.6440124109375
2 0.5670036828125 0.5395457296874999 0.5853991265625 0.519669640625 0.5878968359375001 0.48380487656250004 0.564022959375 0.45825936250000004 0.52633204375 0.446449040625 0.49820704375 0.4457944234375 0.475178646875 0.46868640937499995 0.48073889999999997 0.5187955125 0.5155502765625 0.5445956 0.54370255 0.546812715625 0.5670036828125 0.5395457296874999
2 0.73109345625 0.5449268265625 0.7698014 0.5255235171875 0.778876390625 0.508554221875 0.773507053125 0.4693826203125 0.748152496875 0.4484882375 0.71514908125 0.43678701875000003 0.67611385625 0.4374403296875 0.6280036375 0.455062934375 0.6094172796875 0.46400152187500004 0.6003422875 0.4809708171875 0.6023684390625 0.507569684375 0.6167582203124999 0.52664699375 0.673335503125 0.5467062265625 0.73109345625 0.5449268265625
2 0.9354536734375 0.53094098125 0.9491888906250001 0.512518290625 0.9456275140624999 0.48744555468749995 0.9326638640624999 0.4605921140625 0.91841045 0.44932730625 0.8791297609375001 0.435918115625 0.8572547609375001 0.43540897031250003 0.8324456765624999 0.4457645875 0.8016593265624999 0.4715997359375 0.8103718531249999 0.523344075 0.8309570890625 0.539441853125 0.8997616359375 0.5441670265624999 0.9354536734375 0.53094098125
2 0.737654921875 0.7418745625 0.768795828125 0.7363519140625 0.7886174046875001 0.7086996921875001 0.7864548859375 0.674288325 0.769021925 0.65982578125 0.7265616890625 0.6432188562500001 0.6891707828125 0.648596034375 0.6708298859374999 0.6715971234375 0.653669659375 0.6727595796875 0.652298075 0.6836607124999999 0.6572310359375 0.697832315625 0.6696219421875 0.69187325625 0.691987865625 0.7205074015624999 0.737654921875 0.7418745625
2 0.687974296875 0.8484869312500001 0.722103834375 0.8352245187499999 0.72975269375 0.82603135625 0.7317594781250001 0.7620415921875 0.72701743125 0.7588074890625001 0.632858328125 0.733187934375 0.600618571875 0.7652367140624999 0.6122924578125 0.8076787875000001 0.639645890625 0.8536095359375 0.6599856640625 0.8556448156249999 0.687974296875 0.8484869312500001
2 0.6173151484375 0.7375117578125 0.6280071859375 0.72370383125 0.6209662546875 0.6782458609375001 0.60194351875 0.66218445 0.5720378296875 0.648993465625 0.5360457828125 0.6450320109375001 0.48620942500000003 0.6532432484374999 0.46756851875 0.6590568359375 0.4568219328125 0.6697397640625 0.4639446859375 0.719885234375 0.5363651578125 0.75280814375 0.5971662890625 0.7464139796875 0.6173151484375 0.7375117578125
2 0.37513910625 0.9114895453124999 0.45356411406249997 0.9304954249999999 0.46908002031249996 0.9246091015625 0.47511183125 0.912254571875 0.4665356734375 0.868322734375 0.42410271093749996 0.853278309375 0.3849856640625 0.84924411875 0.36949703125 0.85669294375 0.37869960625 0.8572103953125 0.37113803125 0.8613948421875 0.37896610625 0.8724781109374999 0.37919453281250004 0.8855646765625 0.379270675 0.8899268921875001 0.383730275 0.8954812249999999 0.37513910625 0.9114895453124999
2 0.28394217187500004 0.2502597984375 0.29627853125 0.2411757390625 0.305244428125 0.21795644531249997 0.30782395625 0.1867791796875 0.276192128125 0.164176828125 0.23077053281249998 0.15687216875 0.1671171359375 0.17881859687499999 0.15518988125 0.21134015625 0.1665637578125 0.2365947296875 0.21535581406249998 0.25803462499999996 0.24663308750000001 0.2603244765625 0.28394217187500004 0.2502597984375
2 0.20907063125 0.3453527875 0.22760244375 0.3332891984375 0.2334978875 0.31312216875 0.2314717375 0.2865233 0.218671728125 0.269044859375 0.13712171875 0.2499662453125 0.1199614921875 0.2511287015625 0.079718321875 0.27205814375 0.067354690625 0.27957970312499997 0.064447878125 0.29200696875 0.0729422171875 0.33125130625 0.1295467734375 0.3528730390625 0.17644904687500002 0.3555265671875 0.20907063125 0.3453527875
2 0.12453989843749999 0.24498780468749998 0.14104555937500002 0.2063253484375 0.13904668281250002 0.1812889796875 0.11851599531250001 0.1683162015625 0.0701875890625 0.17343880625000002 0.042335325 0.18840918906249998 0.043262625 0.24153418906250002 0.0670274078125 0.260829703125 0.088875134375 0.25977635 0.12453989843749999 0.24498780468749998
2 0.6080579625 0.02820949375 0.59375 0.013819684374999999 0.515625 0.0120013046875 0.5176511500000001 0.0386001734375 0.5256818390625 0.0512820109375 0.536701159375 0.056224084375000004 0.5601659328124999 0.058332096874999996 0.5803693390625 0.0525548765625 0.6080579625 0.02820949375
2 0.7879391140625 0.938278090625 0.8174357000000001 0.928031575 0.8296629640625 0.9126975156249999 0.8255288437500001 0.8548122796875001 0.7611390609375001 0.8345712078125 0.7173617875 0.8319904156250001 0.6694152109375 0.8589880203125 0.6540902203125001 0.8758118453125 0.6560890968749999 0.9008482125 0.6672720578125 0.9151652859375 0.736458434375 0.9417654593749999 0.7879391140625 0.938278090625
2 0.12255957656250001 0.936847996875 0.134895934375 0.9277639375 0.12799137031250002 0.8901184671875001 0.1151913609375 0.8726400265625 0.0805981734375 0.8593399390625001 0.052445900000000004 0.8571228218750001 0.0371209078125 0.8739466468750001 0.0423538796875 0.9053057484375 0.05038456718749999 0.9179875875000001 0.1038641234375 0.939536584375 0.12255957656250001 0.936847996875
2 0.0080184203125 0.459375 0.0095457390625 0.546875 0.0361355125 0.5490557484374999 0.0656048234375 0.5372467328125 0.07772299375 0.5156626734375 0.0726536640625 0.493678571875 0.0347172875 0.46780574843749995 0.0080184203125 0.459375
2 0.4144083375 0.7452839703125 0.43458446874999995 0.73794425 0.44678446093749996 0.7210476906250001 0.4463753578125 0.6976101906250001 0.4333298859375 0.66606925 0.395584425 0.6511339281249999 0.33782647187500003 0.6529133265625 0.30232534843750003 0.677076871875 0.2947310359375 0.689395034375 0.3014174125 0.7145405046875 0.33625606406249997 0.7419030906249999 0.351962884375 0.7469542671875 0.4144083375 0.7452839703125