3 0.3871689390625 0 0.3940734671875 0.3955601640625 1 0.37440074375 1 0 0.3871689390625 0
3 1 0.4935763171875 0.9980260953125001 0.3804913828125 0.54999635625 0.3961369265625 0.55494630625 0.6797194 1 0.6641777828125 1 0.4935763171875
3 0.072033009375 0.2163163109375 0.080564846875 0.705104971875 0.3216057390625 0.6966876390625 0.31307390156250003 0.20789897812499997 0.072033009375 0.2163163109375
3 0.3808549265625 0.7741129124999999 0.38382048750000003 0.9440098203125 0.6357535734375 0.9352121234374999 0.6327880125 0.765315215625 0.3808549265625 0.7741129124999999
3 0.08627932499999999 0 0.0876447640625 0.078226009375 0.2778678125 0.0715832734375 0.276618321875 0 0.08627932499999999 0
2 0.26626395468749997 0.133482134375 0.2674259765625 0.2000543 0.37036277968750003 0.19645966718750002 0.3692007578125 0.1298875015625 0.26626395468749997 0.133482134375
2 0.165006259375 0.0755760625 0.1655748984375 0.1081533828125 0.242489396875 0.10546747031249999 0.2419207578125 0.07289015 0.165006259375 0.0755760625
2 0.20930722968749998 0.130919365625 0.2097562015625 0.156641015625 0.2568565734375 0.154996234375 0.2564076015625 0.129274584375 0.20930722968749998 0.130919365625
2 0.3943639734375 0.049927103125 0.39548685625 0.11425700000000001 0.4778288640625 0.1113815546875 0.47670598125 0.047051657812499995 0.3943639734375 0.049927103125
2 0.3974797234375 0.17515238125000002 0.3984955375 0.2333482578125 0.49288215468749996 0.23005220468749998 0.491866340625 0.171856328125 0.3974797234375 0.17515238125000002
2 0.8225987312499999 0.0829530765625 0.823473734375 0.1330819421875 0.9003882328125 0.130396028125 0.8995132296874999 0.0802671625 0.8225987312499999 0.0829530765625
19 1 0.726586934375 0.8356632515625 0.7323257 0.838766025 0.9100834328125 1 0.90445301875 1 0.726586934375
3 0.0638949171875 0.761262190625 0.06698779218749999 0.9384529125000001 0.232303778125 0.93267995 0.22921090312499998 0.755489228125 0.0638949171875 0.761262190625