1 0.1234657046875 0.59778065625 0.3130685921875 0.59778065625 0.3130685921875 0.46494818593750004 0.1234657046875 0.46494818593750004 0.1234657046875 0.59778065625
1 0.3797653421875 0.6558203796875001 0.601750903125 0.6558203796875001 0.601750903125 0.5944732296875 0.3797653421875 0.5944732296875 0.3797653421875 0.6558203796875001
1 0.0512815890625 0.814758203125 0.197599278125 0.814758203125 0.197599278125 0.6860017265625 0.0512815890625 0.6860017265625 0.0512815890625 0.814758203125
1 0.253447653125 0.9280829015625001 0.55268953125 0.9280829015625001 0.55268953125 0.846632125 0.253447653125 0.846632125 0.253447653125 0.9280829015625001
1 0.3400722015625 0.8465544046875 0.4920577625 0.8465544046875 0.4920577625 0.7758290156250001 0.3400722015625 0.7758290156250001 0.3400722015625 0.8465544046875
1 0.672202165625 0.718022453125 0.904909746875 0.718022453125 0.904909746875 0.6324784109375 0.672202165625 0.6324784109375 0.672202165625 0.718022453125
1 0.6613898921875 0.3282815203125 0.7807761734375 0.3282815203125 0.7807761734375 0.2317875640625 0.6613898921875 0.2317875640625 0.6613898921875 0.3282815203125
1 0.7010830328125001 0.26055267656250003 0.884693140625 0.26055267656250003 0.884693140625 0.1868739203125 0.7010830328125001 0.1868739203125 0.7010830328125001 0.26055267656250003
1 0.76606498125 0.0905699484375 0.864476534375 0.0905699484375 0.864476534375 0.046977546875 0.76606498125 0.046977546875 0.76606498125 0.0905699484375
1 0.23897111875000002 0.09747841093750001 0.40543321250000003 0.09747841093750001 0.40543321250000003 0.010708117187500001 0.23897111875000002 0.010708117187500001 0.23897111875000002 0.09747841093750001
1 0.11983754531249999 0.16935233125 0.25243682343749996 0.16935233125 0.25243682343749996 0.0987996546875 0.11983754531249999 0.0987996546875 0.11983754531249999 0.16935233125
1 0.6541335734375 0.1707340234375 0.7894043328125 0.1707340234375 0.7894043328125 0.12643350625 0.6541335734375 0.12643350625 0.6541335734375 0.1707340234375
1 0.5422382671875 0.513471503125 0.7288086640625 0.513471503125 0.7288086640625 0.45457685625 0.5422382671875 0.45457685625 0.5422382671875 0.513471503125
1 1 0.451122625 0.9212996390624999 0.451122625 0.9212996390624999 0.5107081171875001 1 0.5107081171875001 1 0.451122625
1 1 0.5392055265625 0.8274368234375 0.5392055265625 0.8274368234375 0.6116062171875 1 0.6116062171875 1 0.5392055265625
1 0.79853790625 0.78435233125 0.9857220218749999 0.78435233125 0.9857220218749999 0.7136442140625 0.79853790625 0.7136442140625 0.79853790625 0.78435233125
1 0.8904693140625 1 0.8904693140625 0.9347150265625 0.4880866421875 0.9347150265625 0.4880866421875 1 0.8904693140625 1
1 0.60001805 0.9253195171874999 0.7576714796874999 0.9253195171874999 0.7576714796874999 0.8552677031249999 0.60001805 0.8552677031249999 0.60001805 0.9253195171874999
1 1 0.77064766875 0.8888086640624999 0.77064766875 0.8888086640624999 0.8506994812500001 1 0.8506994812500001 1 0.77064766875
1 0.46644404375 0.1472279796875 0.5671299640624999 0.1472279796875 0.5671299640624999 0.0987823828125 0.46644404375 0.0987823828125 0.46644404375 0.1472279796875