3 0.5043049328125 0.674561753125 0.7286995515625 0.674561753125 0.7286995515625 0.47563744999999996 0.5043049328125 0.47563744999999996 0.5043049328125 0.674561753125
3 0.597443946875 0.49555776875 0.8004932734375 0.49555776875 0.8004932734375 0.23352589687499997 0.597443946875 0.23352589687499997 0.597443946875 0.49555776875
3 0.6699103140625 0.32878486093750003 0.927578475 0.32878486093750003 0.927578475 0.0404581671875 0.6699103140625 0.0404581671875 0.6699103140625 0.32878486093750003
3 0.8354708515624999 0.6402390437500001 0.9690134531249999 0.6402390437500001 0.9690134531249999 0.4266135453125 0.8354708515624999 0.4266135453125 0.8354708515624999 0.6402390437500001
3 0.06278026875 0.824163346875 0.28681614375 0.824163346875 0.28681614375 0.6196613546874999 0.06278026875 0.6196613546874999 0.06278026875 0.824163346875
3 0.387040359375 0.9173904374999999 0.63484305 0.9173904374999999 0.63484305 0.6442031874999999 0.387040359375 0.6442031874999999 0.387040359375 0.9173904374999999
3 0.82858744375 0.824163346875 0.982802690625 0.824163346875 0.982802690625 0.653366534375 0.82858744375 0.653366534375 0.82858744375 0.824163346875
13 0.2522869953125 0.173286853125 0.482421525 0.173286853125 0.482421525 0.0000199203125 0.2522869953125 0.0000199203125 0.2522869953125 0.173286853125
13 0.000022421875 0.4954581671875 0.10410313906249999 0.4954581671875 0.10410313906249999 0.3364143421875 0.000022421875 0.3364143421875 0.000022421875 0.4954581671875
20 0.2396860984375 0.472191234375 0.3938565015625 0.472191234375 0.3938565015625 0.271553784375 0.2396860984375 0.271553784375 0.2396860984375 0.472191234375
20 0.0055381171875 0.3433067734375 0.148363228125 0.3433067734375 0.148363228125 0.2335059765625 0.0055381171875 0.2335059765625 0.0055381171875 0.3433067734375
20 0.47235425937500003 0.1529880484375 0.5770627796875 0.1529880484375 0.5770627796875 0.0407968125 0.47235425937500003 0.0407968125 0.47235425937500003 0.1529880484375
20 0.3429147984375 0.8624103578125 0.5897309421875 0.8624103578125 0.5897309421875 0.7278685265625 0.3429147984375 0.7278685265625 0.3429147984375 0.8624103578125
20 0.6122869953125 0.9999800796875 0.9056502234374999 0.9999800796875 0.9056502234374999 0.7502191234375 0.6122869953125 0.7502191234375 0.6122869953125 0.9999800796875
20 0.884215246875 0 0.884215246875 0.1141832671875 1 0.1141832671875 1 0 0.884215246875 0
3 0.612354259375 0.629681275 0.77697309375 0.629681275 0.77697309375 0.047848606249999995 0.612354259375 0.047848606249999995 0.612354259375 0.629681275
3 0.7960986546875 0.3343824703125 0.9525112109375 0.3343824703125 0.9525112109375 0.07023904375 0.7960986546875 0.07023904375 0.7960986546875 0.3343824703125
3 0.8640582953125 0.6475896421875 0.9545067265625 0.6475896421875 0.9545067265625 0.4862749 0.8640582953125 0.4862749 0.8640582953125 0.6475896421875
3 1 0.6741832671875 0.836390134375 0.6741832671875 0.836390134375 0.812270915625 1 0.812270915625 1 0.6741832671875
3 0.4461210765625 0.7192031875 0.6041031390625 0.7192031875 0.6041031390625 0.58247011875 0.4461210765625 0.58247011875 0.4461210765625 0.7192031875
3 0.27995515625 0.590318725 0.43304932812499997 0.590318725 0.43304932812499997 0.47956175312499993 0.27995515625 0.47956175312499993 0.27995515625 0.590318725
3 0.05838565 0.8068924296875 0.3025112109375 0.8068924296875 0.3025112109375 0.6339043828125 0.05838565 0.6339043828125 0.05838565 0.8068924296875