2 0.23702100937499998 0.46871428593750003 0.2551221171875 0.43861593593750003 0.2516456796875 0.39189529218749997 0.22706461875 0.3556459515625 0.1471054125 0.34811530625 0.10270950937500001 0.3962288921875 0.10893150625 0.44779825781250004 0.144193859375 0.48620111093749996 0.2159593765625 0.48164864375 0.23702100937499998 0.46871428593750003
2 0.3710685734375 0.3736346109375 0.3886967625 0.3164426640625 0.35330543125 0.27065064843750003 0.28145392812500003 0.270277009375 0.25515913281249997 0.2882922453125 0.23461341406249997 0.3307832515625 0.237659921875 0.352873353125 0.273094246875 0.4011284234375 0.32907428906249997 0.40689248593749994 0.3710685734375 0.3736346109375
2 0.48461341406249997 0.3235089953125 0.502972478125 0.3081889703125 0.5209016156249999 0.26823840312499997 0.506614909375 0.21197508593749997 0.4849943703125 0.1928897375 0.4448857890625 0.181735253125 0.39705644375000004 0.1855912484375 0.35300448125 0.2534092703125 0.3534774015625 0.28050286562500004 0.36990776875 0.3071321484375 0.41289088906250004 0.33052451718750003 0.48461341406249997 0.3235089953125
2 0.4885366203125 0 0.481898890625 0.015549835937500001 0.4852033578125 0.0524182625 0.5284874265624999 0.0930520125 0.6003819218750001 0.09588870625 0.6291213296875 0.0654808140625 0.636283190625 0.0184506265625 0.630600790625 0 0.4885366203125 0
2 0.815819409375 0.39519395625 0.7909373984375 0.341703234375 0.7639977109375 0.3227726578125 0.7292942640625 0.316389509375 0.673658165625 0.33032988125 0.65058185 0.38028743593750003 0.6647825703125 0.43162464375000004 0.7157874046875 0.4572479125 0.7688499171875 0.4483110359375 0.815819409375 0.39519395625
2 0.6424001171875 0.6737778125 0.6760717374999999 0.6210476609375 0.6728102640625 0.5866422874999999 0.6510177546875 0.5577047234375 0.6081636140625 0.5417015140625 0.560420253125 0.5504836203125001 0.5293652140625 0.6006733328125 0.540949353125 0.6545509828125 0.565229465625 0.67355894375 0.5946137625000001 0.6800968625 0.6424001171875 0.6737778125
2 0.8154444281250001 0.6785999578124999 0.7984981484375 0.622414025 0.74487673125 0.5993311984374999 0.683964475 0.6158893937500001 0.6660353375 0.6558399609375 0.6802790515625 0.709640225 0.731369871875 0.7401896015625 0.7844323828124999 0.7312527249999999 0.8154444281250001 0.6785999578124999
16 0.40939536875 0.8924877999999999 0.395753553125 0.8731702968749999 0.37220431718749997 0.8960342546875 0.36512844218749996 0.9479905499999999 0.36547238437499996 0.967694984375 0.3788132515625 0.969771109375 0.40755265625000003 0.939363215625 0.40939536875 0.8924877999999999
2 0.417975990625 0.926738403125 0.41449955312500003 0.880017759375 0.4035173125 0.8606228687499999 0.3740040375 0.8466957859375001 0.2996219390625 0.85378869375 0.265907325 0.9040557921874999 0.280022059375 0.9504668921875 0.333858440625 0.9858649921874999 0.3841753921875 0.9720793921875 0.417975990625 0.926738403125
2 0.12300922656249999 0.6445330515625 0.1037473140625 0.6081289390625 0.0659973578125 0.5796556875000001 0.0207845921875 0.5809712453125 0.0160243484375 0.6131457203124999 0.025679790624999997 0.7089726781250001 0.0497019453125 0.7132023140625 0.0920401734375 0.699648871875 0.12300922656249999 0.6445330515625
16 0.357469753125 0.356780159375 0.3731692421875 0.3415375203125 0.3353333015625 0.30813816250000003 0.322078421875 0.31098814375 0.31178406718749996 0.3310021203125 0.320278703125 0.3603266140625 0.3551971125 0.3790250328125 0.3630468578125 0.3714037125 0.357469753125 0.356780159375
16 0.4538103546875 0.23569028749999998 0.44407490625 0.28772396875 0.44952303281250006 0.294958359375 0.4807070484375 0.252157809375 0.47221241249999996 0.22283331562500003 0.4538103546875 0.23569028749999998