4 0.19423625312499998 0.5550511953124999 0.3370875765625 0.5550511953124999 0.3370875765625 0.2572354953125 0.19423625312499998 0.2572354953125 0.19423625312499998 0.5550511953124999
4 0.33573319687500003 0.4238566546875 0.5438594703125 0.4238566546875 0.5438594703125 0.2248805453125 0.33573319687500003 0.2248805453125 0.33573319687500003 0.4238566546875
4 0.44720977656249994 0.6580716718749999 0.54704684375 0.6580716718749999 0.54704684375 0.42786689375 0.44720977656249994 0.42786689375 0.44720977656249994 0.6580716718749999
4 0.1985132390625 0.7477645046875 0.327515275 0.7477645046875 0.327515275 0.620085325 0.1985132390625 0.620085325 0.1985132390625 0.7477645046875
4 0.2467617109375 0.9886348125 0.35067209843749997 0.9886348125 0.35067209843749997 0.7996928328124999 0.2467617109375 0.7996928328124999 0.2467617109375 0.9886348125
4 0 0.419846415625 0.079236253125 0.419846415625 0.079236253125 0.2518259390625 0 0.2518259390625 0 0.419846415625
4 0.4504276984375 0 0.4504276984375 0.22313993124999998 0.5446435843749999 0.22313993124999998 0.5446435843749999 0 0.4504276984375 0
4 0.658370671875 0.41450511875 0.7290427703125 0.41450511875 0.7290427703125 0.2751877140625 0.658370671875 0.2751877140625 0.658370671875 0.41450511875
4 0.7344806515625 0.3047610921875 0.84319755625 0.3047610921875 0.84319755625 0.147662115625 0.7344806515625 0.147662115625 0.7344806515625 0.3047610921875
4 0.8073828921875 0.4385836171875 0.8751425656249999 0.4385836171875 0.8751425656249999 0.3057167234375 0.8073828921875 0.3057167234375 0.8073828921875 0.4385836171875
4 0.696975559375 0.644709896875 0.870356415625 0.644709896875 0.870356415625 0.5320819109375 0.696975559375 0.5320819109375 0.696975559375 0.644709896875
4 0.653024440625 0.8949658703125 0.737036659375 0.8949658703125 0.737036659375 0.7601877140625 0.653024440625 0.7601877140625 0.653024440625 0.8949658703125
4 0.690733196875 1 0.690733196875 0.8679863484375 0.5543991859374999 0.8679863484375 0.5543991859374999 1 0.690733196875 1
4 0.7441344203125 0.985972696875 0.842423625 0.985972696875 0.842423625 0.8033105796875001 0.7441344203125 0.8033105796875001 0.7441344203125 0.985972696875
4 1 0.6883276453125 0.936008146875 0.6883276453125 0.936008146875 0.8748805453124999 1 0.8748805453124999 1 0.6883276453125
2 0.020580448437500003 0.25255972656250003 0.3801934828125 0.25255972656250003 0.3801934828125 0.0057337890624999995 0.020580448437500003 0.0057337890624999995 0.020580448437500003 0.25255972656250003
2 0.082749490625 0.49749146718750004 0.1798167 0.49749146718750004 0.1798167 0.2464675765625 0.082749490625 0.2464675765625 0.082749490625 0.49749146718750004
2 0.00664969375 0.6701194546875 0.2676476578125 0.6701194546875 0.2676476578125 0.51049488125 0.00664969375 0.51049488125 0.00664969375 0.6701194546875
2 0.008798370312500001 0.8521160406250001 0.1678615078125 0.8521160406250001 0.1678615078125 0.67395904375 0.008798370312500001 0.67395904375 0.008798370312500001 0.8521160406250001
2 0.3346639515625 0.7116040953125 0.457637475 0.7116040953125 0.457637475 0.4098976109375 0.3346639515625 0.4098976109375 0.3346639515625 0.7116040953125
2 0.40005091718749997 0.8026279859375001 0.6212932796875 0.8026279859375001 0.6212932796875 0.6596245734374999 0.40005091718749997 0.6596245734374999 0.40005091718749997 0.8026279859375001
2 0.6348065171874999 0 0.6348065171874999 0.1709215015625 0.8200611 0.1709215015625 0.8200611 0 0.6348065171874999 0
2 0.7012627296875 0.3542662109375 0.767372709375 0.3542662109375 0.767372709375 0.158430034375 0.7012627296875 0.158430034375 0.7012627296875 0.3542662109375
2 1 0.018310579687500002 0.9049287171874999 0.018310579687500002 0.9049287171874999 0.413156996875 1 0.413156996875 1 0.018310579687500002
2 0.8427393078125001 0.5871672359375 0.9999898171874999 0.5871672359375 0.9999898171874999 0.424300340625 0.8427393078125001 0.424300340625 0.8427393078125001 0.5871672359375
2 0.9637576375 1 0.9637576375 0.65959044375 0.8395417515625001 0.65959044375 0.8395417515625001 1 0.9637576375 1
2 0.6455091656249999 0.7758532421875 0.817668025 0.7758532421875 0.817668025 0.611109215625 0.6455091656249999 0.611109215625 0.6455091656249999 0.7758532421875
2 0.5383197562500001 0.4559897609375 0.625264765625 0.4559897609375 0.625264765625 0.28776450468750003 0.5383197562500001 0.28776450468750003 0.5383197562500001 0.4559897609375
2 0.3389409375 0.99267918125 0.5191038703124999 0.99267918125 0.5191038703124999 0.7907337890624999 0.3389409375 0.7907337890624999 0.3389409375 0.99267918125