14 0.8519499890625 0.9155889687500001 0.841323115625 0.8960806671875 0.8111295109375 0.8832393937499999 0.7572500375 0.9137711828124999 0.73849133125 0.9493787578124999 0.74030253125 0.9737168421875 0.8369556078124999 0.975477796875 0.85177258125 0.9460826109375 0.8519499890625 0.9155889687500001
14 0.6553149828125 0.9807629999999999 0.724659790625 0.9772208484375 0.7208954640624999 0.9529395953125 0.702544796875 0.9184117921875 0.6625500859375 0.9119533984375 0.64676541875 0.9398523187500001 0.6553149828125 0.9807629999999999
14 0.4465080140625 0.95635018125 0.4573655171875 0.9362167484375 0.44987234843749996 0.8815555109375 0.4102147109375 0.817159196875 0.372173125 0.8106439734374999 0.35644168125000003 0.8293948 0.3580932140625 0.8811771640625 0.3657637890625 0.9053447578125 0.3919447 0.9365958734375001 0.4465080140625 0.95635018125
14 0.8631880921875 0.6622075828125 0.8648928453125 0.704841853125 0.894962265625 0.7390286749999999 0.92615904375 0.7472674859375 0.9398486593750001 0.7438203109375 0.9438258718749999 0.73150919375 0.9712051031250001 0.7246148406249999 0.9782450578124999 0.6893482468750001 0.9686745812499999 0.6560893906249999 0.9503061703125001 0.624610953125 0.9103469390625 0.61205383125 0.8878239109375 0.6233801515625 0.8631880921875 0.6622075828125
14 0.9592105468750001 0.6045343484375 0.957452571875 0.5710481734374999 0.948778821875 0.5514830390625 0.9215947375000001 0.5248343828124999 0.8913301703125001 0.52419056875 0.8772680015625 0.59167439375 0.8820532390625001 0.608303821875 0.9289282390625001 0.6069398984375 0.9503416515625001 0.618512225 0.9592105468750001 0.6045343484375
14 0.8590334703125 0.70501234375 0.8475985703125 0.656563496875 0.8222611687500001 0.64815419375 0.8046120812499999 0.6608631218750001 0.7965512109375 0.7037815421875 0.800244575 0.7402602546875 0.8127890890625 0.7658104546875 0.838215196875 0.758972934375 0.8590334703125 0.70501234375
14 0.7835534828124999 0.5883035109375 0.8019396328124999 0.616732584375 0.8233885265625001 0.622206184375 0.8469679515624999 0.5971293046875 0.8664814609375 0.59961036875 0.8773034828125 0.5855756640625 0.8854353140625 0.5304597859375 0.8650605578125001 0.5081862703125 0.8465147406250001 0.507201475 0.810284353125 0.5250243375 0.7916143515625 0.5453850921875001 0.7835534828124999 0.5883035109375
14 0.8027121781250001 0.6517718578125 0.7920320828125 0.64141165 0.7442426125 0.6321312140625001 0.7324529 0.6446696515625 0.726469340625 0.6661856921875 0.7301804421875 0.6996150390625 0.748619815625 0.718896021875 0.791588565625 0.7176457578125001 0.8027121781250001 0.6517718578125
14 0.6547811125 0.7368706875 0.7260790453125 0.73327170625 0.7263274140625 0.69058060625 0.7079767453125 0.6560528046874999 0.6962225140625 0.6624925125 0.6787685734375 0.641658434375 0.66412900625 0.6405599765625001 0.658109965625 0.668174746875 0.6404076546875 0.6900317671875 0.6403189515625 0.7052785874999999 0.6547811125 0.7368706875
14 0.653582790625 0.7750161578125 0.6479540453125 0.7355449125 0.6199087125 0.6891038015625 0.5965599171875 0.6745389421875 0.5838557343749999 0.67643301875 0.5641293359375 0.710544328125 0.5677872171875 0.7531217671875 0.6113688453125 0.8143550578125 0.6367772109375001 0.8105669015625001 0.653582790625 0.7750161578125
14 0.6925114109375 0.6290631656250001 0.7374155453125 0.6308054375000001 0.7589886234375001 0.6149334843750001 0.7678930015625001 0.5948568812499999 0.7660818015624999 0.5705187984375 0.739900890625 0.539267678125 0.7213373328125 0.5413322453125 0.687131034375 0.5469008203125 0.6664369453125001 0.5795158625 0.6682836265625001 0.5977552187499999 0.6925114109375 0.6290631656250001
14 0.794135178125 0.4477486046875 0.760319175 0.3862311640625 0.7320254734375 0.3824811546875 0.7123345578125 0.41049373281249996 0.715921475 0.46526863125 0.7516906031249999 0.526729240625 0.79265300625 0.5346839 0.8035105078125 0.514550465625 0.794135178125 0.4477486046875
14 0.8043265796875 0.3742797109375 0.8158679234375 0.40443237187500003 0.8195258031250001 0.4470098125 0.8417827234375 0.4814239546875 0.8789098390625 0.4772948171875 0.89173820625 0.4540551875 0.8901044140625001 0.3992234625 0.8717360031249999 0.367745025 0.86003499375 0.3650366421875 0.8465582671874999 0.33189144531250003 0.8183000453125 0.32204270625000003 0.8064571125000001 0.3437292375 0.8043265796875 0.3742797109375
14 0.9890041625 0.518299696875 0.9910282499999999 0.5060454109375 0.9832334906250001 0.503223365625 0.9635425734374999 0.5312359468750001 0.95750579375 0.5619000796875 0.9777918453125001 0.5994204171875 0.9953167484375 0.6080570390625 0.9966924765625 0.539417928125 0.9890041625 0.518299696875
14 0.5266216203125 0.9479214171875 0.5375323453124999 0.9186398921875 0.5377274921875 0.8850968859374999 0.528157015625 0.851838028125 0.4981762984375 0.8024043828125 0.4787160109375 0.790775228125 0.46210557812499997 0.7927829656250001 0.45026264375 0.8144694984375 0.4672553265625 0.9145870468749999 0.48951224531250004 0.9490011890625001 0.5266216203125 0.9479214171875
14 0.5216847609374999 0.789524965625 0.5404612078125 0.750868025 0.55454111875 0.6803348359375 0.5517267453125 0.6605992140625 0.527321553125 0.65978490625 0.4998003953125 0.6910741734375 0.4917572671875 0.7309432296875 0.4935684671875 0.7552813125 0.5138545203125 0.7928016515625 0.5216847609374999 0.789524965625
14 0.5791059765625 0.6537048609375 0.5966841015625 0.653193390625 0.6114478531249999 0.6329462968749999 0.6116430015625001 0.5994032921875 0.59719858125 0.564761828125 0.56804363125 0.5412193656250001 0.5397144484374999 0.5435680859375001 0.515220553125 0.5580006 0.5062274734375001 0.5933240265624999 0.5226250171875 0.627908659375 0.5791059765625 0.6537048609375
14 0.67877661875 0.47244713125000004 0.6720027734375 0.46197326250000004 0.65541008125 0.46093163437499995 0.6368287828125 0.4660455671875 0.5963018515625 0.5510681046875 0.6203344890625 0.615919059375 0.6437897296874999 0.6121877328124999 0.6803749296875 0.5333775859375 0.67877661875 0.47244713125000004
14 0.6277034718750001 0.691925846875 0.6512119359375 0.6790464265625 0.664217709375 0.6253131546875 0.6574438640625 0.6148392874999999 0.62130218125 0.6174153265625 0.609281840625 0.6695955 0.6277034718750001 0.691925846875
14 0.534369553125 0.45530701249999994 0.530214934375 0.49811177031250004 0.5389241640625 0.511578175 0.5544959421875 0.5202716265625 0.5759980578125 0.5165971296875 0.624106859375 0.47098900937500005 0.635967534375 0.446253115625 0.6401044140625001 0.40649771875 0.637112634375 0.4172557390625 0.625571290625 0.387103078125 0.6089785984375 0.386061453125 0.557034509375 0.419585775 0.534369553125 0.45530701249999994
14 0.5938680781250001 0.2980845296875 0.6142073546875 0.3264567734375 0.6318032203125 0.3228959375 0.6465847140625 0.299599478125 0.6586227953125 0.2443699421875 0.6589598671875 0.1864320203125 0.6512538125 0.16836315468750002 0.651377996875 0.14701760625 0.63385309375 0.1383809828125 0.6141444375 0.16944292656249998 0.5903521234375 0.2311121765625 0.5938680781250001 0.2980845296875
14 0.5059064890625 0.3128393421875 0.5243103828125 0.3382190546875 0.5456883125 0.3558901046875 0.5750029296875 0.351988290625 0.58582495 0.33795358593749997 0.5841201953125 0.2953193140625 0.569622553125 0.2698259453125 0.5365968343749999 0.240298415625 0.5102207765625 0.242590303125 0.4984133234375 0.25817810625000004 0.498271396875 0.2825730203125 0.5059064890625 0.3128393421875
14 0.5643841015625 0.1632686859375 0.6163991546875 0.11754690625 0.615626609375 0.08250763125 0.55918113125 0.050612698437500006 0.5328050734375 0.052904585937500005 0.510264303125 0.06728027343750001 0.49938906093749996 0.090463071875 0.5011470375 0.123949246875 0.5195509296874999 0.1493289578125 0.5643841015625 0.1632686859375
14 0.5709688171875 0 0.5720272390625001 0.0243237046875 0.592331034375 0.0587946796875 0.644958965625 0.07555645 0.6616403609375 0.06135125625 0.663699928125 0.042998240625 0.650258684375 0.003754315625 0.6474729109374999 0 0.5709688171875 0
14 0.5483962421874999 0.393921915625 0.5504912921875 0.36947017031249996 0.545670571875 0.3589394703125 0.5242926421874999 0.3412684171875 0.509635334375 0.3432193234375 0.46550374375 0.376516328125 0.4526398953125 0.40585468437500005 0.4903976296875 0.46115973437499996 0.5315729218749999 0.4325220234375 0.5483962421874999 0.393921915625
14 0.48744133125 0.46581902499999994 0.46523763437500004 0.422256790625 0.44282104687499996 0.415286928125 0.41712883125 0.4678649109375 0.416898203125 0.5075066500000001 0.43700685000000006 0.575520628125 0.47598064687499997 0.589630846875 0.4928217078125 0.547981371875 0.48744133125 0.46581902499999994
14 0.530214934375 0.49811177031250004 0.530427821875 0.46151939999999997 0.5187268125 0.4588110171875 0.495129646875 0.48693725624999995 0.4987343046875 0.5386627890625 0.51523829375 0.5549512375 0.5583312281249999 0.5323554234375 0.5564490671875 0.520214796875 0.530214934375 0.49811177031250004
14 0.42531553750000006 0.7389741812499999 0.45151418750000005 0.7671759359375 0.48091750624999996 0.7480272984375 0.49387005781250004 0.7034421203125001 0.493976503125 0.6851459328125 0.48241741875 0.6580426375 0.460968525 0.652569040625 0.44238722656249996 0.6576829703125 0.435489196875 0.6685546546875 0.42346885468749995 0.7207348265625 0.42531553750000006 0.7389741812499999
14 0.27016545937499997 0.55446000625 0.2912595375 0.620920890625 0.30968117031250003 0.6432512375 0.32335304531250003 0.6428534265625 0.35974309843749996 0.5975862859375 0.3580028609375 0.56105074375 0.344597096875 0.515708090625 0.3204047921875 0.47830141406250004 0.290193446875 0.46850950625000004 0.2813955140625 0.4702899234375 0.27052027343749996 0.493472721875 0.27016545937499997 0.55446000625
14 0.34244077812499996 0.7185192296875 0.395281596875 0.6986886328125 0.41097756093750004 0.6860365328125 0.429718525 0.6534783234375 0.43186679687499996 0.619878484375 0.42512843437500003 0.6033058859375 0.3792920875 0.5939686203125001 0.36069304999999996 0.6021319171874999 0.326256121875 0.6473422281250001 0.32794313750000004 0.6930258593749999 0.34244077812499996 0.7185192296875
14 0.4173417203125 0.4312725421875 0.40667936562499996 0.4178629671875 0.3822564328125 0.420098025 0.35672388125 0.44523173125 0.35651099375 0.48182410468750003 0.37878565468750003 0.51318888125 0.40810027031249996 0.5092870656249999 0.41300969375 0.50457094375 0.4173417203125 0.4312725421875
14 0.2334544234375 0.3192424640625 0.2685219703125 0.33346634218750004 0.31159716406250004 0.31391989374999996 0.3264141375 0.28452470625 0.3246206796875 0.257137259375 0.31204068125 0.2376857890625 0.2779585671875 0.22190881093749998 0.226120921875 0.23713694843750002 0.2192228921875 0.2480086296875 0.21505053125 0.2938627546875 0.2334544234375 0.3192424640625
14 0.310318184375 0.1981008828125 0.3338089078125 0.188270828125 0.3553997265625 0.16934950937499998 0.37415843125000003 0.13374193437499998 0.3743358390625 0.103248290625 0.36177358125 0.08074745625 0.3276382453125 0.07411857187500001 0.276608625 0.11828725468750001 0.27256045156250003 0.1427958296875 0.2810567921875 0.1928546046875 0.310318184375 0.1981008828125
14 0.20948305312499998 0.0760321140625 0.19484348437500001 0.0749336578125 0.1830537734375 0.0874720953125 0.1770702140625 0.10898813437499999 0.18463434375 0.1514519140625 0.1590663125 0.1826843484375 0.158977609375 0.197931171875 0.16960448125 0.217439475 0.19298875937499999 0.22590560312500002 0.20671385625 0.2163597015625 0.224238759375 0.22499632187500002 0.251653471875 0.21200324375 0.262635159375 0.170524259375 0.2569177078125 0.1462998359375 0.232778628125 0.09974506562499999 0.20948305312499998 0.0760321140625
14 0.20510316718750002 0 0.2067041609375 0.050197764062500004 0.2367381 0.0904833125 0.27185886875 0.0955590984375 0.2924997359375 0.0720921515625 0.29267714218749996 0.04159850625 0.27236942656249996 0 0.20510316718750002 0
14 0.199720728125 0.74706274375 0.2086428453125 0.723936778125 0.20329795 0.6356757046875 0.19272430000000002 0.607019309375 0.16833684843750002 0.6031556390625 0.14671054687500001 0.628175684375 0.1384367890625 0.7076864765625 0.158705103125 0.7482561765625 0.18794875625000002 0.7565518171875001 0.199720728125 0.74706274375
14 0.28348251874999997 0.6150494828124999 0.2598676125 0.6462250859374999 0.255801696875 0.6737830265625 0.2742055875 0.6991627359375 0.325004578125 0.6946357859375001 0.32428525625 0.6504484203125 0.30382179531250003 0.643421728125 0.28348251874999997 0.6150494828124999
14 0.2810503953125 0.6974391484375 0.2515406328125 0.734883971875 0.24747471718749997 0.762441909375 0.2522954375 0.772972609375 0.312913275 0.7590134171875 0.3296478921875 0.7356601296874999 0.317156596875 0.7009618390625 0.2810503953125 0.6974391484375
14 0.22659352500000002 0.65938865625 0.20889121562500002 0.681245678125 0.2125668359375 0.7207737515625 0.22511135312500002 0.7463239515625 0.24656024687500003 0.7517975515625 0.26739626250000004 0.69478759375 0.2451216015625 0.6634228140625 0.22659352500000002 0.65938865625
14 0.42179958125 0.672001828125 0.40900669531249995 0.689142728125 0.3521886625 0.72128444375 0.347226015625 0.735148659375 0.3510258234375 0.7533311859375 0.42237697812499997 0.7405841078125001 0.42957660000000003 0.6778732375 0.42179958125 0.672001828125
14 0.2675817140625 0.4950826484375 0.2853195046875 0.4671268984375 0.32334335 0.4766914875 0.32550936406250003 0.44004228437500004 0.31979191406249996 0.41581786093749995 0.30527653125 0.3933738578125 0.2926078296875 0.38916920625 0.28268253906249996 0.4168976328125 0.2630271046875 0.4388114859375 0.262743253125 0.4876013140625 0.2675817140625 0.4950826484375
14 0.22889176875 0.43218260312499995 0.25818864375 0.43133014999999997 0.28468888593749997 0.40769271093750004 0.2888257640625 0.3679373140625 0.27821663281250003 0.3453796515625 0.25099706718750003 0.324829721875 0.207113846875 0.3154356234375 0.19530639375 0.3310234265625 0.1892341296875 0.3677862890625 0.21138460625 0.42049661406250005 0.22889176875 0.43218260312499995
14 0.2259983875 0.5938557390625 0.25454045625 0.554914646875 0.2645367125 0.5149887625 0.26267229062499997 0.49979877031250003 0.23346411875 0.4854044015625 0.194206471875 0.5200840109375 0.1861810828125 0.5569037015625 0.1860391578125 0.581298615625 0.1927952625 0.5948218515625 0.2259983875 0.5938557390625
14 0.24141854375 0.4607821671875 0.228874028125 0.43523196718749996 0.1947209515625 0.4316524484375 0.18490210468749999 0.44108469218749996 0.18282479375 0.46248707187500004 0.1922533453125 0.520140840625 0.19712728906250002 0.5215234484375 0.2383380609375 0.48678700781249995 0.24141854375 0.4607821671875
14 0.153679540625 0.605106546875 0.1803039671875 0.5601235578125 0.1884358 0.5050076812500001 0.1732010953125 0.4383763078125 0.1421285015625 0.4087919484375 0.1342627796875 0.4181673609375 0.12421330312500001 0.4672413390625 0.124000415625 0.503833709375 0.1332338203125 0.5950304890625 0.153679540625 0.605106546875
14 0.08719428125 0.78844753125 0.06613568125 0.7158879203125 0.0447045296875 0.7073649578125 0.026860295312499997 0.7536168937500001 0.024552356249999997 0.8146610093750001 0.0476173015625 0.8780156968749999 0.06415677187499999 0.8882054171875 0.0828977375 0.8556472046874999 0.08719428125 0.78844753125
14 0 0.99983071875 0.028361857812500002 0.9990054734375 0.035313109375 0.9789857 0.0377452328125 0.896596034375 0.0300746578125 0.872428440625 0.016473746875 0.8606287953124999 0.0046662921875 0.8762165968750001 0 0.8920635015625 0 0.99983071875
14 0 0.182818859375 0.0232265515625 0.203405546875 0.048599434375 0.20571612031250003 0.0681839078125 0.195999725 0.08099453437500001 0.1758094625 0.08312506562500001 0.1452589890625 0.05896824375 0.10175358281249999 0.037572571875 0.08713189375 0.021947571875 0.087586534375 0.02004766875 0.078495271875 0 0.077587734375 0 0.182818859375
14 0.0566310375 0 0.056402239062500005 0.0393268609375 0.08631199375000001 0.10095796093750001 0.111596175 0.1185153546875 0.1380077140625 0.1101247375 0.1440977171875 0.07031251093749999 0.11617657031249999 0.002525853125 0.063232875 0 0.0566310375 0
14 0.18263769218749998 0.3268187765625 0.2151392359375 0.27861593125 0.21524567968750002 0.260319746875 0.19881265312500002 0.2318338421875 0.1353804421875 0.22605741093749998 0.1196667390625 0.24175887187499998 0.11556534375000001 0.275415540625 0.12321817500000001 0.30263249999999997 0.1494168265625 0.3308342515625 0.18263769218749998 0.3268187765625
14 0.185523028125 0.3343569421875 0.1435574515625 0.3310047421875 0.12897110625 0.3207581953125 0.126840575 0.3513086671875 0.1382399921875 0.4058562421875 0.166444990625 0.42485307343749995 0.18405859687499998 0.4182428734375 0.1890035015625 0.407428025 0.185523028125 0.3343569421875
14 0.1219402921875 0 0.1422510359375 0.05207315781250001 0.156784159375 0.0714678 0.18222800625 0.061580914062500006 0.20109315625000002 0.007677153125 0.199465290625 0 0.1219402921875 0
14 0.1424203984375 0.1907908171875 0.16204035156250002 0.17497569375 0.1788636734375 0.136375584375 0.17129954218750001 0.093911803125 0.1479684875 0.07629758125 0.13010650937499998 0.12559888125000002 0.1424203984375 0.1907908171875
14 0.9994422828125 0.0667664640625 0.9702163703125001 0.0554214578125 0.9583911765625001 0.074058625 0.9619958343749999 0.12578415781250002 0.9977649625 0.1872447671875 0.9994422828125 0.0667664640625