1 0.24968916718749998 0.156907959375 0.10415131875000001 0.15182566718749999 0.10380051562499999 0.212123640625 0.24933836406249998 0.2172059328125 0.24968916718749998 0.156907959375
1 0.2825763359375 0.09891447656249999 0.230438221875 0.0970937734375 0.230099621875 0.1552940109375 0.2822377359375 0.1571147140625 0.2825763359375 0.09891447656249999
1 0.15736780781249998 0.308477090625 0.06643819375 0.305301759375 0.0660891234375 0.365301759375 0.1570187375 0.368477090625 0.15736780781249998 0.308477090625
1 0.428627478125 0.3023028859375 0.3145371734375 0.2983187640625 0.3140242484375 0.3864832453125 0.428114553125 0.39046736718749997 0.428627478125 0.3023028859375
1 0.30748025 0.612885978125 0.233270421875 0.6102945140625 0.23257283750000002 0.7301991625 0.306782665625 0.7327906265624999 0.30748025 0.612885978125
1 0.23594656875000003 0.38775037343749996 0.145428640625 0.3845894171875 0.14476371562499998 0.49888023906249995 0.23528164375 0.5020411953125 0.23594656875000003 0.38775037343749996
1 0.1639938109375 0.5017751046875001 0.047871632812499995 0.497720028125 0.0468645046875 0.6708308749999999 0.1629866828125 0.6748859515625 0.1639938109375 0.5017751046875001
1 0.12198493749999999 0.7977284874999999 0.005464353125 0.7936595 0.0049992734375 0.8735999046874999 0.1215198578125 0.8776688921875 0.12198493749999999 0.7977284874999999
1 0.351752825 0.729216946875 0.26747659687500003 0.72627395625 0.2670359265625 0.8020188906250001 0.3513121546875 0.80496188125 0.351752825 0.729216946875
1 0.6693275171875 0.2428697453125 0.590057928125 0.2401015890625 0.58916868125 0.39295021874999997 0.6684382703125 0.395718375 0.6693275171875 0.2428697453125
1 0.7846726171875 0.39647514687499996 0.6957615953125 0.3933703046875 0.6952971390625 0.47320343906250006 0.7842081609375 0.47630828125 0.7846726171875 0.39647514687499996
1 0.8049174656250001 0.11193346875000001 0.70903433125 0.10858515625000001 0.7084731421875 0.205045228125 0.8043562765625 0.208393540625 0.8049174656250001 0.11193346875000001
1 0.6733490375 0.0847420359375 0.511542928125 0.0790916421875 0.51101218125 0.17031929375 0.672818290625 0.1759696875 0.6733490375 0.0847420359375
1 0.8800377140625001 0.2537029875 0.7934905703124999 0.2506806953125 0.793002053125 0.3346497046875 0.879549196875 0.337671996875 0.8800377140625001 0.2537029875
1 0.9312020890625 0.562166996875 0.9969192203125001 0.5644618890624999 0.9974586343749999 0.47174436875000003 0.931741503125 0.46944947656249997 0.9312020890625 0.562166996875
1 0.7531159609375 0.75888561875 0.664576784375 0.7557937625 0.6641705078125 0.8256268984374999 0.752709684375 0.8287187546875 0.7531159609375 0.75888561875
1 0.6984748921875 0.8265506421875 0.5866687828125 0.8226462859374999 0.5861085640625 0.9189394921874999 0.6979146734375 0.9228438484374999 0.6984748921875 0.8265506421875
1 0.53198754375 0.44058804531250007 0.46764491406250003 0.43834115 0.4671652734375 0.5207845343749999 0.531507903125 0.5230314296875 0.53198754375 0.44058804531250007