14 0.701171875 0.2771604890625 0.69140625 0.3302563671875 0.7041015625 0.34618513125 0.732421875 0.3472470484375 0.7919921875 0.3143276046875 0.8066406234375 0.2962750046875 0.814453125 0.258045971875 0.8037109390625 0.2378695375 0.7587890609375 0.22725036250000002 0.701171875 0.2771604890625
14 0.71875 0.2453029609375 0.7441406234375 0.2219407734375 0.7275390609375 0.18052598749999998 0.6865234375 0.193269 0.6640625015625 0.2113215984375 0.6845703125 0.2399933734375 0.71875 0.2453029609375
14 0.40625 0.5829927500000001 0.40234375 0.6190979484375 0.4287109390625 0.6498935578125 0.4746093765625 0.659450815625 0.5078125015625 0.6467078046875 0.5058593765625 0.593611925 0.4755859390625 0.57131165625 0.4384765625 0.562816315625 0.4169921875 0.5691878203125 0.40625 0.5829927500000001
14 0.5410156234375 0.506534684375 0.53515625 0.5787450796875 0.55859375 0.5893642546875 0.5839843765625 0.5723735734375001 0.6035156234375 0.53202070625 0.6035156234375 0.47680099218749994 0.5869140609375 0.4502530546875 0.55859375 0.46405798125000003 0.5410156234375 0.506534684375
14 0.6152343765625 0.4364481234375 0.6503906234375 0.410962103125 0.6464843765625 0.38759991562499996 0.6259765625 0.369547315625 0.5839843765625 0.4024667609375 0.591796875 0.4258289484375 0.6152343765625 0.4364481234375
14 0.83203125 0.28140815625000004 0.8603515625 0.31220376875 0.8964843765625 0.319637190625 0.921875 0.30477034375 0.921875 0.264417475 0.8623046875 0.23149803124999999 0.8408203125 0.2378695375 0.828125 0.25379830000000003 0.83203125 0.28140815625000004
14 0.5097656234375 0.6849368375 0.515625 0.727413540625 0.5527343765625 0.7422803859375 0.6103515625 0.7072371046875 0.62890625 0.6849368375 0.62109375 0.6509554750000001 0.5849609390625 0.6222837 0.5458984375 0.6392743796875 0.5097656234375 0.6849368375
14 0.9169921875 0.7348469640624999 0.95703125 0.74015655 0.9902343765625 0.699803684375 0.9921874984375 0.672193825 0.9775390609375 0.6498935578125 0.9482421875 0.658388896875 0.908203125 0.716794365625 0.9169921875 0.7348469640624999
14 0.234375 0.648831640625 0.2285156234375 0.672193825 0.2373046875 0.6902464234375 0.2705078125 0.7051132703125 0.33203125 0.7082990234375 0.36328125 0.6849368375 0.359375 0.659450815625 0.3408203125 0.6371505453124999 0.3193359390625 0.62865520625 0.2607421875 0.630779040625 0.234375 0.648831640625
14 0.046875 0.750775728125 0.046875 0.79112859375 0.06835937656249999 0.8463483078125 0.0908203125 0.8665247421875 0.142578125 0.869710496875 0.15625 0.8484721437499999 0.140625 0.7953762640625001 0.10058593906249999 0.7454661390624999 0.07128906093750001 0.7348469640624999 0.0556640609375 0.7412184671875 0.046875 0.750775728125
14 0.484375 0.9100633625000001 0.5146484375 0.9429828078125 0.546875 0.9419208921875001 0.564453125 0.9143110328124999 0.560546875 0.8505959796875 0.5419921875 0.8261718734375 0.5185546875 0.8261718734375 0.4921874984375 0.8505959796875 0.484375 0.9100633625000001
7 0.6983333328125 0.642416453125 0.9978368796874999 0.642416453125 0.9978368796874999 0.37537275000000003 0.6983333328125 0.37537275000000003 0.6983333328125 0.642416453125
7 0.6452718671875 0.990102828125 0.875815603125 0.990102828125 0.875815603125 0.6638303343749999 0.6452718671875 0.6638303343749999 0.6452718671875 0.990102828125
7 0.164468084375 0.9626992281250001 0.4567612296875 0.9626992281250001 0.4567612296875 0.7521593828124999 0.164468084375 0.7521593828124999 0.164468084375 0.9626992281250001
7 0.293806146875 0.5601670953125 0.497872340625 0.5601670953125 0.497872340625 0.324871465625 0.293806146875 0.324871465625 0.293806146875 0.5601670953125