4 0.0211922140625 0.3571167890625 0.350632603125 0.3571167890625 0.350632603125 0.0976763984375 0.0211922140625 0.0976763984375 0.0211922140625 0.3571167890625
4 0.20368613125 0.5992579078125 0.41018248125 0.5992579078125 0.41018248125 0.3357785890625 0.20368613125 0.3357785890625 0.20368613125 0.5992579078125
4 0.177615571875 0.794756690625 0.455474453125 0.794756690625 0.455474453125 0.6051459859375 0.177615571875 0.6051459859375 0.177615571875 0.794756690625
4 0.52172749375 0.73909975625 0.678077859375 0.73909975625 0.678077859375 0.52868613125 0.52172749375 0.52868613125 0.52172749375 0.73909975625
4 0.6260097328125 0.9566180046874999 0.7402189781249999 0.9566180046874999 0.7402189781249999 0.765036496875 0.6260097328125 0.765036496875 0.6260097328125 0.9566180046874999
4 0.3322871046875 0.9999878343749999 0.6366666671875 0.9999878343749999 0.6366666671875 0.9353406328125 0.3322871046875 0.9353406328125 0.3322871046875 0.9999878343749999
4 0.8119586375000001 0.649744525 0.8877493921875 0.649744525 0.8877493921875 0.561690996875 0.8119586375000001 0.561690996875 0.8119586375000001 0.649744525
2 0.8971167890625 0.6821046234375 0.997773721875 0.6821046234375 0.997773721875 0.5808150859375 0.8971167890625 0.5808150859375 0.8971167890625 0.6821046234375
2 0.6850973234375 0.37782238437500004 0.8113990265625001 0.37782238437500004 0.8113990265625001 0.09244525625 0.6850973234375 0.09244525625 0.6850973234375 0.37782238437500004
4 0.3740024328125 0 0.3740024328125 0.0981508515625 0.540888078125 0.0981508515625 0.540888078125 0 0.3740024328125 0
4 0.3774817515625 0.371350365625 0.6043187343749999 0.371350365625 0.6043187343749999 0.31142335781249997 0.3774817515625 0.31142335781249997 0.3774817515625 0.371350365625