14 0.7470703140625 0.9039783390625 0.7480468734375 0.9959302921875001 0.7890624984375 0.998520484375 0.7792968734375 0.9208146140625001 0.7470703140625 0.9039783390625
14 0.46875 0.5400558281250001 0.4960937515625 0.532285240625 0.4814453140625 0.486956815625 0.4365234375 0.4506940734375 0.3984375015625 0.47271073750000003 0.4091796859375 0.510268575 0.46875 0.5400558281250001
14 0.4208984375 0.4506940734375 0.447265625 0.449398975 0.484375 0.42608721093749996 0.4765624984375 0.3950048625 0.4560546859375 0.3781685875 0.4267578125 0.3885293734375 0.412109375 0.42608721093749996 0.4208984375 0.4506940734375
14 0.5488281265625 0.400185253125 0.5419921875 0.36521760937500003 0.5126953140625 0.36780780625 0.4960937515625 0.40536564375 0.525390625 0.44680877656250007 0.5488281265625 0.400185253125
14 0.599609375 0.4209068203125 0.5751953140625 0.39111956718749996 0.552734375 0.4105460390625 0.546875 0.43903818906250003 0.583984375 0.47012054062499997 0.599609375 0.4209068203125
14 0.6171875015625 0.5633675874999999 0.65625 0.5296950421875 0.6591796859375 0.4947273984375 0.6220703140625 0.48436661875000003 0.6015624984375 0.5037930859374999 0.5898437515625 0.5555970046875001 0.6171875015625 0.5633675874999999
14 0.1855468734375 0.4105460390625 0.208984375 0.4312676046875 0.224609375 0.400185253125 0.2304687515625 0.33284016250000004 0.2021484375 0.3160038890625 0.1835937515625 0.33284016250000004 0.177734375 0.3794636859375 0.1855468734375 0.4105460390625
14 0.7460937515625 0.31729898749999996 0.744140625 0.2784460515625 0.6865234375 0.2616097765625 0.693359375 0.322479378125 0.7304687515625 0.33543035625 0.7460937515625 0.31729898749999996
14 0.2617187515625 0.34320094375 0.287109375 0.325069575 0.2890624984375 0.2862166390625 0.2490234375 0.277150953125 0.2255859390625 0.29010193125 0.2324218734375 0.33543035625 0.2617187515625 0.34320094375
14 0.3671875015625 0.2654950734375 0.3525390609375 0.22016664375 0.296875 0.27585585468749996 0.2929687515625 0.3095283984375 0.3085937515625 0.322479378125 0.3671875015625 0.2654950734375
14 0.11230468593750001 0.6786313046875 0.11132812656249999 0.7291401203125 0.15625 0.73950090625 0.162109375 0.7161891421875 0.11230468593750001 0.6786313046875
11 0.2753559875 0.2246995703125 0.35991909375 0.2246995703125 0.35991909375 0.11478540781249999 0.2753559875 0.11478540781249999 0.2753559875 0.2246995703125
9 0.717637540625 0.6897639484375 0.9002912625 0.6897639484375 0.9002912625 0.3937553640625 0.717637540625 0.3937553640625 0.717637540625 0.6897639484375
9 0.287475728125 0.8929828328125 0.46559870625000005 0.8929828328125 0.46559870625000005 0.5314806859375001 0.287475728125 0.5314806859375001 0.287475728125 0.8929828328125
9 0.482993528125 0.9302145921875 0.7190776703124999 0.9302145921875 0.7190776703124999 0.7442918453125 0.482993528125 0.7442918453125 0.482993528125 0.9302145921875