11 0.250846625 0.668014278125 0.7229964625 0.6762556843749999 0.73427424375 0.1917162109375 0.26212440625 0.1834748046875 0.250846625 0.668014278125
11 0 0.5100865359375 0.24129203437500002 0.514298303125 0.25175416093749997 0.0648026890625 0.00566295625 0.06050715156249999 0 0.3038108421875 0 0.5100865359375
11 0.29702022499999997 0.20081219843749998 0.5352124078125 0.20496985781250002 0.5379840015624999 0.0858909109375 0.29979181875 0.0817332515625 0.29702022499999997 0.20081219843749998
11 0.7499605703125 0.6913594796875 0.9169801140624999 0.6942748171875001 0.9212804218749999 0.5095160453124999 0.754260878125 0.5066007078125 0.7499605703125 0.6913594796875
11 0.1665965734375 0.845717328125 0.49301351093749995 0.8514149578125 0.49487910468749996 0.77126145 0.1684621671875 0.7655638203125 0.1665965734375 0.845717328125
11 0 0.8958243265625001 0.10094945625 0.89758640625 0.1023806796875 0.836095178125 0 0.834308115625 0 0.8958243265625001
11 0 0.8336718921875 0.0524606296875 0.8345875953125 0.056564424999999995 0.6582718062499999 0 0.6572844703125 0 0.8336718921875
7 0.4026713359375 1 0.40622648124999994 0.8472564671875 0.1381645921875 0.8425774296874999 0.134500540625 1 0.4026713359375 1
7 0.9192059374999999 0.4785900984375 0.9892385109375 0.479812521875 0.9999997453124999 0.01746603125 0.929967171875 0.016243607812499998 0.9192059374999999 0.4785900984375
7 0.893612221875 0.1581998296875 0.8969299671875 0.0156559703125 0.5906596093750001 0.0103100015625 0.5873418640625 0.1528538609375 0.893612221875 0.1581998296875
7 0.026723312500000002 0.84692863125 0.1585474171875 0.8492296296875 0.16577397656249998 0.5387471749999999 0.033949871874999996 0.5364461765625 0.026723312500000002 0.84692863125