1 0.1436682765625 0.3197176078125 0.1431153921875 0.3434717609375 0.183616584375 0.3434717609375 0.18416946875 0.3197176078125 0.1436682765625 0.3197176078125
1 0.43347070624999995 0.11646179375000001 0.43293174062500006 0.139617940625 0.483242003125 0.139617940625 0.48378096875 0.11646179375000001 0.43347070624999995 0.11646179375000001
1 0.35720313593749997 0.20681063125 0.3565443140625 0.2351162796875 0.3919858421875 0.2351162796875 0.3926446640625 0.20681063125 0.35720313593749997 0.20681063125
1 0.608164421875 0.2777906984375 0.607476215625 0.3073588046875 0.648096740625 0.3073588046875 0.648784946875 0.2777906984375 0.608164421875 0.2777906984375
1 0.7604493359375 0.0083803984375 0.7581152375 0.10866279062499999 0.8159195328125 0.10866279062499999 0.81825363125 0.0083803984375 0.7604493359375 0.0083803984375
1 0.4743255390625 0.1535631234375 0.473779228125 0.17703488437499998 0.502752975 0.17703488437499998 0.5032992859375 0.1535631234375 0.4743255390625 0.1535631234375
1 0.063284703125 0.18905315625000002 0.062663771875 0.21573089687499997 0.1124012421875 0.21573089687499997 0.11302217343750001 0.18905315625000002 0.063284703125 0.18905315625000002
1 0.008376775 0.45682724218750004 0.0066516218749999995 0.53094684375 0.1050525765625 0.53094684375 0.10677772968749999 0.45682724218750004 0.008376775 0.45682724218750004
1 0.46923123125000005 0.5713621265625 0.46834043125 0.6096345515625 0.5724454437500001 0.6096345515625 0.57333624375 0.5713621265625 0.46923123125000005 0.5713621265625
1 0.569259646875 0.6552491687499999 0.5683394625 0.694784053125 0.61683588125 0.694784053125 0.617756065625 0.6552491687499999 0.569259646875 0.6552491687499999
1 0.7201421265625 0.545556478125 0.7189601921875 0.596337209375 0.83609623125 0.596337209375 0.837278165625 0.545556478125 0.7201421265625 0.545556478125