1 0.00466751875 0.330957446875 0.07581841406249999 0.330957446875 0.07581841406249999 0.249418021875 0.00466751875 0.249418021875 0.00466751875 0.330957446875
1 0.125511509375 0.0901939921875 0.20975703281250002 0.0901939921875 0.20975703281250002 0.01701501875 0.125511509375 0.01701501875 0.125511509375 0.0901939921875
1 0.49654092031249997 0.267859825 0.5675 0.267859825 0.5675 0.16020025 0.49654092031249997 0.16020025 0.49654092031249997 0.267859825
1 0.490172634375 0.4666833546875 0.654430946875 0.4666833546875 0.654430946875 0.2971464328125 0.490172634375 0.2971464328125 0.490172634375 0.4666833546875
1 0.43081841406250004 0.7771902374999999 0.54253196875 0.7771902374999999 0.54253196875 0.637453065625 0.43081841406250004 0.637453065625 0.43081841406250004 0.7771902374999999
1 0.555895140625 0.9000688359375 0.7205498718750001 0.9000688359375 0.7205498718750001 0.7951501875 0.555895140625 0.7951501875 0.555895140625 0.9000688359375
1 0.26968030625 0.7734418015625 0.332289003125 0.7734418015625 0.332289003125 0.69554443125 0.26968030625 0.69554443125 0.26968030625 0.7734418015625
1 0.1152685421875 1 0.1152685421875 0.942478096875 0.0491815859375 0.942478096875 0.0491815859375 1 0.1152685421875 1
1 0.693708440625 0.672152690625 0.7677493609375 0.672152690625 0.7677493609375 0.6249937421875 0.693708440625 0.6249937421875 0.693708440625 0.672152690625
1 0.6958312015625 0.5409887359375001 0.7813043484375 0.5409887359375001 0.7813043484375 0.4486232796875 0.6958312015625 0.4486232796875 0.6958312015625 0.5409887359375001
1 0.6555370843749999 0.1590801 0.7219565218749999 0.1590801 0.7219565218749999 0.11245932343750001 0.6555370843749999 0.11245932343750001 0.6555370843749999 0.1590801
1 0.87390665 0.8199436796875 0.9457608703125 0.8199436796875 0.9457608703125 0.6955506890625001 0.87390665 0.6955506890625001 0.87390665 0.8199436796875
1 0.8272762140625 0.48452440625 0.9627237859375001 0.48452440625 0.9627237859375001 0.3842866078125 0.8272762140625 0.3842866078125 0.8272762140625 0.48452440625