10 0.45872628437499996 0.0163954640625 0.4581892328125 0.0471630765625 0.732314946875 0.0391868328125 0.7328519984375 0.0084192203125 0.45872628437499996 0.0163954640625
10 0.561669209375 0 0.26081173125 0.0087540578125 0.2589179203125 0.11725037812500001 0.6064379203125 0.1071385796875 0.60830803125 0 0.561669209375 0
10 0.14113393125 0.19043704687500002 0.1402406203125 0.2416147546875 0.28370347812499996 0.23744041093749998 0.28459678906249997 0.18626270312499998 0.14113393125 0.19043704687500002
10 0.17771624218749998 0.43055394375 0.1763005640625 0.5116580453124999 0.459683421875 0.503412446875 0.46109910000000004 0.42230834531249994 0.17771624218749998 0.43055394375
10 0.2554255765625 0.5676384296875 0.2542167546875 0.636891846875 0.5449024687499999 0.62843375625 0.5461112906250001 0.5591803390625001 0.2554255765625 0.5676384296875
10 0.1982757859375 0.6711318015625001 0.196575065625 0.76856608125 0.39222078125 0.7628733734375001 0.3939215015625 0.66543909375 0.1982757859375 0.6711318015625001
10 0.10319919375 0.778408759375 0.1022755984375 0.8313214828125 0.4762870265625 0.8204388609375 0.477210621875 0.7675261375 0.10319919375 0.778408759375
10 0.2103206890625 0.8985625359375 0.2091170046875 0.9675215265625001 0.5041684328125 0.9589364078125 0.5053721171875 0.8899774171875 0.2103206890625 0.8985625359375
10 0.48546593906249996 0.3197741125 0.48428905312500004 0.387197878125 0.6785404828125 0.3815457390625 0.67971736875 0.3141219734375 0.48546593906249996 0.3197741125
10 0.73058830625 0.29254684062499997 0.72892943125 0.38758364375 0.8964265734374999 0.382709975 0.8980854484374999 0.28767317187499997 0.73058830625 0.29254684062499997
10 0.8485461015625001 0.125638278125 0.8471634625 0.204849634375 0.9437920343749999 0.2020380296875 0.9451746734375 0.1228266734375 0.8485461015625001 0.125638278125
10 0.3084598203125 0.198973746875 0.3065065421875 0.31087700625000003 0.461957971875 0.30635383125 0.46391125000000005 0.19445057187499998 0.3084598203125 0.198973746875
10 0.0064449953125 0.3149520171875 0.00526884375 0.3823337203125 0.09942884375 0.37959394375 0.1006049953125 0.31221224062499997 0.0064449953125 0.3149520171875