12 0.2482033421875 0.92014184375 0.4617130921875 0.92014184375 0.4617130921875 0.2787234046875 0.2482033421875 0.2787234046875 0.2482033421875 0.92014184375
20 0.46686629531249996 0 0.46686629531249996 0.3412765953125 0.7903481890624999 0.3412765953125 0.7903481890624999 0 0.46686629531249996 0
20 1 0.1085106390625 0.7899721453125 0.1085106390625 0.7899721453125 1 1 1 1 0.1085106390625
20 0.71658774375 1 0.71658774375 0.5588652484375001 0.41533426249999994 0.5588652484375001 0.41533426249999994 1 0.71658774375 1
20 1 0.4826063828125 0.6883008359375 0.4826063828125 0.6883008359375 0.7711524828125 1 0.7711524828125 1 0.4826063828125
20 0 0.9046099296874999 0.17994428906249998 0.9046099296874999 0.17994428906249998 0.09439716249999999 0 0.09439716249999999 0 0.9046099296874999
3 0.433426184375 0.6207801421875 0.6783844015625 0.6207801421875 0.6783844015625 0.4950354609375 0.433426184375 0.4950354609375 0.433426184375 0.6207801421875
3 0.57827298125 0.515797871875 0.7073537609375 0.515797871875 0.7073537609375 0.378031915625 0.57827298125 0.378031915625 0.57827298125 0.515797871875
3 0.7844150421875 0.17668439687499998 0.9769777156250001 0.17668439687499998 0.9769777156250001 0.009202128125 0.7844150421875 0.009202128125 0.7844150421875 0.17668439687499998
3 0.1674233984375 0.890354609375 0.283161559375 0.890354609375 0.283161559375 0.6492907796875 0.1674233984375 0.6492907796875 0.1674233984375 0.890354609375
3 0 0 0 0.0872340421875 0.18690807812500002 0.0872340421875 0.18690807812500002 0 0 0