20 0.0000158734375 0.6140776703124999 0.1351587296875 0.6140776703124999 0.1351587296875 0.4900970875 0.0000158734375 0.4900970875 0.0000158734375 0.6140776703124999
20 1 0.014223301562499999 0.44468253906250005 0.014223301562499999 0.44468253906250005 0.1738349515625 1 0.1738349515625 1 0.014223301562499999
20 0.5886666671875 0.49012135937499995 0.988476190625 0.49012135937499995 0.988476190625 0.1563834953125 0.5886666671875 0.1563834953125 0.5886666671875 0.49012135937499995
20 1 0.482330096875 0.7621428578125 0.482330096875 0.7621428578125 0.9007766984375 1 0.9007766984375 1 0.482330096875
2 0.8879841265625 0.6788106796875 0.9458571421874999 0.6788106796875 0.9458571421874999 0.589830096875 0.8879841265625 0.589830096875 0.8879841265625 0.6788106796875
2 0.0127142859375 0.46235436874999997 0.256619046875 0.46235436874999997 0.256619046875 0.00725728125 0.0127142859375 0.00725728125 0.0127142859375 0.46235436874999997
2 0.24393650781249998 0.44415048593749995 0.3392380953125 0.44415048593749995 0.3392380953125 0.3375 0.24393650781249998 0.3375 0.24393650781249998 0.44415048593749995
2 0.2448095234375 1 0.2448095234375 0.4788349515625 0.136269840625 0.4788349515625 0.136269840625 1 0.2448095234375 1
2 0.4724603171875 1 0.4724603171875 0.8828155343749999 0.24741269843749997 0.8828155343749999 0.24741269843749997 1 0.4724603171875 1
2 0.517222221875 0.9493203890625 0.5903333328125 0.9493203890625 0.5903333328125 0.8550485437500001 0.517222221875 0.8550485437500001 0.517222221875 0.9493203890625
3 0.265523809375 0.8757766984375 0.5422857140625 0.8757766984375 0.5422857140625 0.00033980625 0.265523809375 0.00033980625 0.265523809375 0.8757766984375
3 0.552396825 0.98956310625 0.7526825390624999 0.98956310625 0.7526825390624999 0.34364077656249997 0.552396825 0.34364077656249997 0.552396825 0.98956310625