1 0.24440619687499998 0.2653634359375 0.3635111875 0.2653634359375 0.3635111875 0.162257709375 0.24440619687499998 0.162257709375 0.24440619687499998 0.2653634359375
1 0.51068846875 0.5821365640625 0.5470051640625 0.5821365640625 0.5470051640625 0.515925109375 0.51068846875 0.515925109375 0.51068846875 0.5821365640625
1 0.4867986234375 0.3933810578125 0.5429087781249999 0.3933810578125 0.5429087781249999 0.3302753296875 0.4867986234375 0.3302753296875 0.4867986234375 0.3933810578125
1 0.241015490625 0.8600660796874999 0.272650603125 0.8600660796874999 0.272650603125 0.810814978125 0.241015490625 0.810814978125 0.241015490625 0.8600660796874999
1 0.790602409375 0.8181057265625 0.8439586921875 0.8181057265625 0.8439586921875 0.7496475765625 0.790602409375 0.7496475765625 0.790602409375 0.8181057265625
1 0.7223407921875 0.15741189375 0.7825473328125 0.15741189375 0.7825473328125 0.0484911890625 0.7223407921875 0.0484911890625 0.7223407921875 0.15741189375
1 0.6557659203124999 0.258788546875 0.7183821 0.258788546875 0.7183821 0.170814978125 0.6557659203124999 0.170814978125 0.6557659203124999 0.258788546875
1 0.6119191046875 1 0.6119191046875 0.9287665203125 0.56701376875 0.9287665203125 0.56701376875 1 0.6119191046875 1
1 0.8238984515625001 1 0.8238984515625001 0.950616740625 0.7684251296875 0.950616740625 0.7684251296875 1 0.8238984515625001 1
1 0.7871944921875 0.23955947187499999 0.8825817562499999 0.23955947187499999 0.8825817562499999 0.0987224671875 0.7871944921875 0.0987224671875 0.7871944921875 0.23955947187499999
1 0.477779690625 0.8214096921875 0.52067125625 0.8214096921875 0.52067125625 0.7292511015625001 0.477779690625 0.7292511015625001 0.477779690625 0.8214096921875