9 0 0.419957865625 0.6790476187500001 0.4081050453125 0.6790476187500001 0.0123466171875 0 0.0241994375 0 0.419957865625
2 0.8525510203125 0.9387563078125 0.8525510203125 0.5546832734375 0.02636054375 0.56910448125 0.02636054375 0.953177515625 0.8525510203125 0.9387563078125
2 0.64712585 0 0.64712585 0.426218421875 1 0.42005897968749994 1 0 0.64712585 0
2 1 0.43967976562500005 0.8384353734375001 0.4424998875 0.8384353734375001 0.9811515734375 1 0.9783314515624999 1 0.43967976562500005
2 0.7811224484375 0.5678261296875 0.7811224484375 0.390073321875 0.272959184375 0.39894334531250003 0.272959184375 0.576696153125 0.7811224484375 0.5678261296875
3 0 0 0 0.674887640625 0.2870748296875 0.66987673125 0.2870748296875 0 0 0
3 0.28748299374999997 0 0.28748299374999997 0.3567235390625 0.7091156468750001 0.3493639140625 0.7091156468750001 0 0.28748299374999997 0
3 0.8773979593749999 0.397676534375 0.8773979593749999 0.3207945109375 0.770085034375 0.322667665625 0.770085034375 0.3995496890625 0.8773979593749999 0.397676534375
2 0.69770408125 0 0.69770408125 0.34386085624999996 0.99998299375 0.3385845578125 0.99998299375 0 0.69770408125 0
2 0.349540815625 0 0.349540815625 0.079502675 0.6567176875 0.0741408828125 0.6567176875 0 0.349540815625 0
2 0.124319728125 0.61294235 0.124319728125 0.4022120125 0.00826530625 0.40423774999999995 0.00826530625 0.6149680875 0.124319728125 0.61294235
2 0.75326530625 0.983972490625 0.75326530625 0.6497870984375 0.011020407812499999 0.66274303125 0.011020407812499999 0.9969284234375 0.75326530625 0.983972490625
2 0.7780782312500001 0.652780953125 0.7780782312500001 0.41724724531249996 0.2943707484375 0.42569039062499997 0.2943707484375 0.6612240984375 0.7780782312500001 0.652780953125
2 1 0.41338763125 0.777006803125 0.4172799921875 0.777006803125 0.9864372953125 1 0.982544934375 1 0.41338763125