2 0.29582125625 0.5779811328125 0.5767391296875 0.5779811328125 0.5767391296875 0.029113207812500003 0.29582125625 0.029113207812500003 0.29582125625 0.5779811328125
2 0.1911594203125 0.6020943390625 0.32062801875 0.6020943390625 0.32062801875 0.374132075 0.1911594203125 0.374132075 0.1911594203125 0.6020943390625
2 0.06003623125 0.9836226421875001 0.19812801875 0.9836226421875001 0.19812801875 0.516075471875 0.06003623125 0.516075471875 0.06003623125 0.9836226421875001
2 0.6230072468750001 1 0.6230072468750001 0.6095094343749999 0.20496376875000002 0.6095094343749999 0.20496376875000002 1 0.6230072468750001 1
2 0.566135265625 0.5445283015625 0.699227053125 0.5445283015625 0.699227053125 0.422641509375 0.566135265625 0.422641509375 0.566135265625 0.5445283015625
2 0.681171496875 0.6957924531249999 0.7617753625 0.6957924531249999 0.7617753625 0.55741509375 0.681171496875 0.55741509375 0.681171496875 0.6957924531249999
2 0.7566183578125 1 0.7566183578125 0.7892075468749999 0.61444444375 0.7892075468749999 0.61444444375 1 0.7566183578125 1
4 0.6374516906250001 0.40528301874999995 0.9982004828125 0.40528301874999995 0.9982004828125 0.0434716984375 0.6374516906250001 0.0434716984375 0.6374516906250001 0.40528301874999995
4 0.7122101453125 0.9823207546875 0.9887560390625 0.9823207546875 0.9887560390625 0.41186792499999997 0.7122101453125 0.41186792499999997 0.7122101453125 0.9823207546875
4 0 0.35843396250000004 0.291497584375 0.35843396250000004 0.291497584375 0.021943396875 0 0.021943396875 0 0.35843396250000004
4 0.0000120765625 0.519075471875 0.1681521734375 0.519075471875 0.1681521734375 0.363339621875 0.0000120765625 0.363339621875 0.0000120765625 0.519075471875