3 0.055385756249999994 0.9999818843750001 0.9999851625 0.9999818843750001 0.9999851625 0.121105071875 0.055385756249999994 0.121105071875 0.055385756249999994 0.9999818843750001
3 0 0.9958695656250001 0.0737685453125 0.9958695656250001 0.0737685453125 0.7531884062499999 0 0.7531884062499999 0 0.9958695656250001
20 0 0.73358695625 0.07655786406250001 0.73358695625 0.07655786406250001 0.4853260875 0 0.4853260875 0 0.73358695625
20 0 0.3592391296875 0.087893175 0.3592391296875 0.087893175 0.26996376875 0 0.26996376875 0 0.3592391296875
20 0.1726706234375 0.1318840578125 0.3698219578125 0.1318840578125 0.3698219578125 0.007246376562499999 0.1726706234375 0.007246376562499999 0.1726706234375 0.1318840578125
20 0.6304896140625 0.15121376875 0.721320475 0.15121376875 0.721320475 0.07625 0.6304896140625 0.07625 0.6304896140625 0.15121376875
20 0.767551928125 0.21749999999999997 0.8343471812500001 0.21749999999999997 0.8343471812500001 0.1107608703125 0.767551928125 0.1107608703125 0.767551928125 0.21749999999999997
20 0.865059346875 0.24786231875000003 0.9609347187499999 0.24786231875000003 0.9609347187499999 0.157355071875 0.865059346875 0.157355071875 0.865059346875 0.24786231875000003
20 0.6502818984375 0.6220108703125 0.8117359046875 0.6220108703125 0.8117359046875 0.48516304374999997 0.6502818984375 0.48516304374999997 0.6502818984375 0.6220108703125
20 0.729406528125 0.45358695625 0.800445103125 0.45358695625 0.800445103125 0.3281521734375 0.729406528125 0.3281521734375 0.729406528125 0.45358695625
20 0.10986646874999999 0.8146920296875001 0.2772551921875 0.8146920296875001 0.2772551921875 0.6620471015625 0.10986646874999999 0.6620471015625 0.10986646874999999 0.8146920296875001
20 0.22777448125 0.9519565218749999 0.3924035609375 0.9519565218749999 0.3924035609375 0.8664492750000001 0.22777448125 0.8664492750000001 0.22777448125 0.9519565218749999
20 0.477893175 0.79733695625 0.551780415625 0.79733695625 0.551780415625 0.6507789859375 0.477893175 0.6507789859375 0.477893175 0.79733695625
20 0.6743026703125 0.92713768125 0.8218991093750001 0.92713768125 0.8218991093750001 0.7474275359375 0.6743026703125 0.7474275359375 0.6743026703125 0.92713768125
20 0.8820029671875 0.798731884375 0.979005934375 0.798731884375 0.979005934375 0.6714855078124999 0.8820029671875 0.6714855078124999 0.8820029671875 0.798731884375
20 1 0.856105071875 0.8622551921875001 0.856105071875 0.8622551921875001 0.9999818843750001 1 0.9999818843750001 1 0.856105071875
20 0.773234421875 0 0.773234421875 0.098768115625 1 0.098768115625 1 0 0.773234421875 0
19 0 0 0 0.1090579703125 0.10201780468749999 0.1090579703125 0.10201780468749999 0 0 0