20 1 0.46108302500000004 0.867692571875 0.46493277656250004 0.8684138703125001 0.588913359375 1 0.5850845953125 1 0.46108302500000004
20 0.488905928125 0 0.0000827484375 0.014223301562499999 0.0010113421875 0.1738349515625 0.556328803125 0.1576768640625 0.555411465625 0 0.488905928125 0
20 0.41224314531250006 0.1444149171875 0.012433621875 0.1560481859375 0.0143752515625 0.48978605000000003 0.414184775 0.47815278125000005 0.41224314531250006 0.1444149171875
20 0.24066325625 0.4754091609375 0.0028061140625 0.482330096875 0.0052405656250000005 0.9007766984375 0.2430977078125 0.8938557625 0.24066325625 0.4754091609375
2 0.1154474046875 0.5865707671875 0.057574389062499995 0.5882547 0.0580920625 0.6772352828125 0.11596507812500001 0.67555135 0.1154474046875 0.5865707671875
2 0.7435067937500001 0 0.7460708515625 0.44072419218750003 0.9899756125 0.4336272890625 0.9874528437500001 0 0.7435067937500001 0
2 0.758027009375 0.3155007984375 0.662725421875 0.31827379218749996 0.663345896875 0.42492427812500005 0.758647484375 0.42215128437500005 0.758027009375 0.3155007984375
2 0.75797625625 0.45686115312500003 0.76100830625 0.9780262015625001 0.8695479890625 0.97486801875 0.8665159390625 0.45370297031250006 0.75797625625 0.45686115312500003
2 0.532675753125 0.867465696875 0.5333575125000001 0.9846501625 0.75840513125 0.9781019453124999 0.7577233718749999 0.8609174796874999 0.532675753125 0.867465696875
2 0.48775230468749997 0.8410011453124999 0.41464119374999997 0.8431284609375 0.41518965156250004 0.93740030625 0.48830076250000004 0.9352729906249999 0.48775230468749997 0.8410011453124999
3 0.45779176875000005 0 0.46280940625 0.8624585734375 0.7395713109375001 0.8544056234375 0.7346005234375 0 0.45779176875000005 0
3 0.44960241874999995 0.3306168546875 0.2493167046875 0.3364445734375 0.2530745703125 0.9823669031250001 0.453360284375 0.9765391843750001 0.44960241874999995 0.3306168546875