1 0.7269677875 0.92037896875 0.7276982546874999 0.8576027640625 0.677139790625 0.8584852656249999 0.6764093234375 0.9212614703125 0.7269677875 0.92037896875
1 0.9100596234375 0.8479620234375 0.9109509515624999 0.7713614578125 0.8534465890625 0.7723652000000001 0.8525552609375 0.8489657656249999 0.9100596234375 0.8479620234375
1 0.7538371609375 0.277944059375 0.75520909375 0.1600403765625 0.7023295125 0.16096339375 0.7009575796874999 0.2788670765625 0.7538371609375 0.277944059375
1 0.9713962484374999 0.522113175 0.9726139140625 0.4174672828125 0.8639053625 0.41936479687499995 0.862687696875 0.5240106890625 0.9713962484374999 0.522113175
1 0.9623494375 0.26267793125 0.9633722890625 0.1747742484375 0.9166358156250001 0.1755900359375 0.9156129640625 0.26349371875 0.9623494375 0.26267793125
1 0.9354013953125 0.3300610625 0.9362762421875 0.2548769265625 0.8786671671875 0.25588249687500003 0.8777923203125001 0.3310666328125 0.9354013953125 0.3300610625
1 0.379415846875 0.7663363921874999 0.38053000625 0.670585684375 0.28325251875 0.6722836703125 0.282138359375 0.7680343781250001 0.379415846875 0.7663363921874999
1 0.4996175046875 0.659939340625 0.5004471921875 0.5886362234375 0.44505452187500005 0.58960310625 0.44422483437500004 0.6609062234375 0.4996175046875 0.659939340625
1 0.4999007984375 0.5178811 0.5010604468750001 0.41822104375 0.462369346875 0.41889640000000006 0.46120969843750004 0.51855645625 0.4999007984375 0.5178811
1 0.4646426109375 0.37423405625 0.466374834375 0.2253672 0.3989402796875 0.22654427500000002 0.39720805625 0.37541113125000003 0.4646426109375 0.37423405625
1 0.367781778125 0.47358198281249997 0.36879144531249997 0.3868114453125 0.3106413578125 0.387826459375 0.30963169062499996 0.474596996875 0.367781778125 0.47358198281249997
1 0.386572046875 0.269046190625 0.387105721875 0.22318216875000002 0.349740975 0.223834371875 0.3492073 0.26969839375000004 0.386572046875 0.269046190625
1 0.1867437140625 0.75637359375 0.1878680921875 0.6597446984374999 0.1299623328125 0.660755446875 0.12883795468749998 0.7573843421875 0.1867437140625 0.75637359375
1 0.075043734375 0.6029866078125 0.07621920625 0.5019667765625 0.02676021875 0.5028300875 0.025584746874999998 0.60384991875 0.075043734375 0.6029866078125
1 0.5837579093749999 0.1257743484375 0.584317296875 0.07770069375000001 0.5401288156249999 0.07847200625 0.539569428125 0.1265456609375 0.5837579093749999 0.1257743484375