3 0 0.9601625109375 0.9848404140625 0.9888184390625 0.99042553125 0.0288184390625 0 0 0 0.9601625109375
3 0 0.9284015796875 0.984812396875 0.9570566921875001 0.99014799375 0.03994558125 0.0044565046875 0.0112648890625 0 0.777272903125 0 0.9284015796875
20 0.15473490781250002 0.2009577984375 0.340426396875 0.20636086874999998 0.341345096875 0.0484497578125 0.15565360781249998 0.0430466875 0.15473490781250002 0.2009577984375
20 0.6605566984375 0.2435693203125 0.7413013796875 0.24591875000000002 0.7417466375 0.1693854171875 0.66100195625 0.16703598749999998 0.6605566984375 0.2435693203125
20 0.800062940625 0.3027934296875 0.867802303125 0.30476444375 0.8689472515625001 0.10796444375 0.8012078890625001 0.1059934296875 0.800062940625 0.3027934296875
20 0.43505041406249995 0.6440988796875 0.53669935 0.6470565625 0.5373364671874999 0.5375454515625 0.43568753125 0.53458776875 0.43505041406249995 0.6440988796875
20 0.589160121875 0.6301799 0.6486016109375 0.6319094703125 0.6502321546875 0.35164280468750003 0.5907906656249999 0.349913234375 0.589160121875 0.6301799
20 0.449282225 0.35822008437499997 0.5371279703125 0.360776134375 0.5378480890625 0.23699835625 0.45000234375000003 0.23444230625 0.449282225 0.35822008437499997
20 0.549065784375 0.22458926875000002 0.6333477000000001 0.227041621875 0.6342025328124999 0.0801082875 0.5499206171875 0.077655934375 0.549065784375 0.22458926875000002
20 0.20847465468749998 0.4168910828125 0.244618271875 0.4179427546875 0.245072321875 0.339898309375 0.2089287046875 0.3388466375 0.20847465468749998 0.4168910828125
20 0.276777159375 0.83643804375 0.3263516265625 0.8378805125 0.326814209375 0.7583694015625 0.2772397421875 0.7569269328125 0.276777159375 0.83643804375
20 0.295380146875 0.6084962203125001 0.37035355000000003 0.6106777234375 0.37097851406250004 0.5032555015625 0.29600511093750004 0.5010739984375 0.295380146875 0.6084962203125001
20 0.30464464687500004 0.367147115625 0.3755489015625 0.36921021875000004 0.3760520796875 0.2827213296875 0.30514782500000004 0.2806582265625 0.30464464687500004 0.367147115625
20 0.141442759375 0.323036209375 0.22128318593750002 0.325359328125 0.2220462265625 0.194203771875 0.1422058 0.191880653125 0.141442759375 0.323036209375