12 0.566075828125 0.25227539375 0.39728795 0.2532573734375 0.40726315937499996 0.681833040625 0.5760510375 0.6808510609375 0.566075828125 0.25227539375
20 1 0.085292428125 0.5730410734375 0.087776403125 0.585803096875 0.6360850078125 1 0.63367528125 1 0.085292428125
20 0.5504716765625 0.578478578125 0.5602099890625001 0.9968762046874999 0.8379022968750001 0.9952606390625001 0.8281639843749999 0.5768630124999999 0.5504716765625 0.578478578125
20 0.772532321875 0.7884318859375 0.7773545125 0.9956128953125001 0.9791260734374999 0.994439021875 0.9743038828125 0.7872580124999999 0.772532321875 0.7884318859375
20 1 0.5344927140625 0.8587280109375 0.5353146093750001 0.8637532578125 0.7512196531249999 1 0.75042699375 1 0.5344927140625
20 0.3000639359375 0 0.30534795625 0.2270230609375 0.6307092625 0.2251301640625 0.6254693 0 0.3000639359375 0
20 0.026926721874999997 0 0.0356613125 0.37527363281250004 0.347549425 0.37345912187499997 0.33885706875 0 0.026926721874999997 0
20 0.49775014687499997 0.393730575 0.1710601703125 0.3956312015625 0.18510474999999998 0.9990436640624999 0.5117947265625 0.9971430375000001 0.49775014687499997 0.393730575
20 0.21415246875 0.356977671875 0.008348271875 0.35817500625 0.015785995312500002 0.677729903125 0.2215901921875 0.67653256875 0.21415246875 0.356977671875
3 0.8933638500000001 0.5625352140625 0.789237975 0.5631410015625 0.7943046609375 0.7808264625 0.8984305359375 0.780220675 0.8933638500000001 0.5625352140625
3 0.676076065625 0.347301203125 0.55169378125 0.3480248375 0.5540047312499999 0.44731267187499996 0.678387015625 0.4465890375 0.676076065625 0.347301203125
3 0.586752171875 0.22212136249999997 0.505982940625 0.2225912640625 0.5082282765625 0.31906010625 0.5889975078125 0.3185902046875 0.586752171875 0.22212136249999997
3 0.2825031390625 0.0528296953125 0.1795660765625 0.053428565625 0.18203933125 0.15968969375 0.28497639375 0.1590908234375 0.2825031390625 0.0528296953125
3 0.6299425703125 0.073496884375 0.5771453671875 0.07380405 0.579797503125 0.1877506375 0.63259470625 0.187443471875 0.6299425703125 0.073496884375
3 1 0.48698376562499995 0.9979620921875 0.399426934375 0.9079854015625 0.39995040312499996 0.9107542593750001 0.5189118265625 1 0.5183926109375 1 0.48698376562499995
3 0.884723515625 0 0.8872745140625 0.1096013015625 0.9999318562499999 0.1089458796875 0.9973961125 0 0.884723515625 0
3 0.7608877484375001 0.075287340625 0.6919133890625 0.075688621875 0.6937049625 0.152661915625 0.762679321875 0.15226063437499998 0.7608877484375001 0.075287340625
3 1 0.86149544375 0.9726201046874999 0.8616547359375 0.975710809375 0.9944440531250001 1 0.9943027421874999 1 0.86149544375
3 0.5810433109375001 0.8702987109375 0.4621855015625 0.8709902046875 0.46361516875 0.9324145359375 0.582472978125 0.9317230421874999 0.5810433109375001 0.8702987109375
3 0.5123167796875 0.649971334375 0.4338785515625 0.650427675 0.43578270156250004 0.7322377640625 0.5142209296875 0.7317814234375 0.5123167796875 0.649971334375