12 0.4398717953125 0.6841097921875 0.6086596734375 0.6841097921875 0.6086596734375 0.255534125 0.4398717953125 0.255534125 0.4398717953125 0.6841097921875
20 0.000011654687500000001 0.639406528125 0.4290792546875 0.639406528125 0.4290792546875 0.09109792343749999 0.000011654687500000001 0.09109792343749999 0.000011654687500000001 0.639406528125
20 0.46306526875 1 0.46306526875 0.5816023734375 0.1853729609375 0.5816023734375 0.1853729609375 1 0.46306526875 1
20 0.2459207453125 1 0.2459207453125 0.792818990625 0.044149184375 0.792818990625 0.044149184375 1 0.2459207453125 1
20 0 0.7561424328124999 0.153846153125 0.7561424328124999 0.153846153125 0.5402373890625001 0 0.5402373890625001 0 0.7561424328124999
20 0.374615384375 0.2287685453125 0.699976690625 0.2287685453125 0.699976690625 0.000014837499999999998 0.374615384375 0.000014837499999999998 0.374615384375 0.2287685453125
20 0.6611888109375 0 0.6611888109375 0.3754302671875 0.9730769234375 0.3754302671875 0.9730769234375 0 0.6611888109375 0
20 0.5114801859375 0.9999851625 0.8381701625 0.9999851625 0.8381701625 0.3965727 0.5114801859375 0.3965727 0.5114801859375 0.9999851625
20 0.7941841484375 0.6777299703125 0.9999883453124999 0.6777299703125 0.9999883453124999 0.3581750734375 0.7941841484375 0.3581750734375 0.7941841484375 0.6777299703125
3 0.119848484375 0.7853412468750001 0.22397435937500002 0.7853412468750001 0.22397435937500002 0.5676557859375 0.119848484375 0.5676557859375 0.119848484375 0.7853412468750001
3 0.33209790156249996 0.450474778125 0.45648018593749995 0.450474778125 0.45648018593749995 0.35118694375000004 0.33209790156249996 0.35118694375000004 0.33209790156249996 0.450474778125
3 0.418496503125 0.32197329375 0.49926573437500005 0.32197329375 0.49926573437500005 0.22550445156249999 0.418496503125 0.22550445156249999 0.418496503125 0.32197329375
3 0.7187645687499999 0.160727003125 0.8217016312500001 0.160727003125 0.8217016312500001 0.054465875 0.7187645687499999 0.054465875 0.7187645687499999 0.160727003125
3 0.37185314687500004 0.1910979234375 0.42465035 0.1910979234375 0.42465035 0.0771513359375 0.37185314687500004 0.0771513359375 0.37185314687500004 0.1910979234375
3 0.01146853125 0.524139465625 0.101445221875 0.524139465625 0.101445221875 0.4051780421875 0.01146853125 0.4051780421875 0.01146853125 0.524139465625
3 0.002738928125 0.114747775 0.1153962703125 0.114747775 0.1153962703125 0.0050741843750000005 0.002738928125 0.0050741843750000005 0.002738928125 0.114747775
3 0.24096736562499999 0.1566765578125 0.309941725 0.1566765578125 0.309941725 0.0797032640625 0.24096736562499999 0.0797032640625 0.24096736562499999 0.1566765578125
3 0 0.9999851625 0.047564103125 0.9999851625 0.047564103125 0.8671958453125 0 0.8671958453125 0 0.9999851625
3 0.43928904375 0.9349851625 0.558146853125 0.9349851625 0.558146853125 0.8735608312500001 0.43928904375 0.8735608312500001 0.43928904375 0.9349851625
3 0.5028787875 0.734673590625 0.581317015625 0.734673590625 0.581317015625 0.6528635015625001 0.5028787875 0.6528635015625001 0.5028787875 0.734673590625