1 0.2949732375 0.3500616015625 0.35896075 0.3500616015625 0.35896075 0.24024640625 0.2949732375 0.24024640625 0.2949732375 0.3500616015625
1 0.147939340625 0.08515913750000001 0.23933987499999998 0.08515913750000001 0.23933987499999998 0.00042607812499999997 0.147939340625 0.00042607812499999997 0.147939340625 0.08515913750000001
1 0.0000044609375 0.2669455859375 0.082975021875 0.2669455859375 0.082975021875 0.1362987671875 0.0000044609375 0.1362987671875 0.0000044609375 0.2669455859375
1 0.12026761875 0.31913244375 0.1832827828125 0.31913244375 0.1832827828125 0.24033367499999997 0.12026761875 0.24033367499999997 0.12026761875 0.31913244375
1 0.2973595 0.2494763859375 0.4182337203125 0.2494763859375 0.4182337203125 0.0471355234375 0.2973595 0.0471355234375 0.2973595 0.2494763859375
1 0.4596922390625 0.1735061609375 0.534776984375 0.1735061609375 0.534776984375 0.083228953125 0.4596922390625 0.083228953125 0.4596922390625 0.1735061609375
1 0.5205619984375 0 0.5205619984375 0.0613757703125 0.5967261374999999 0.0613757703125 0.5967261374999999 0 0.5205619984375 0
1 0.435704728125 0.7777669406250001 0.6055798390625 0.7777669406250001 0.6055798390625 0.6967915812500001 0.435704728125 0.6967915812500001 0.435704728125 0.7777669406250001
1 0.146097234375 0.9590503078125 0.379879571875 0.9590503078125 0.379879571875 0.7710934296875 0.146097234375 0.7710934296875 0.146097234375 0.9590503078125
1 0.7087154328125 0.8018942499999999 0.8007404109375 0.8018942499999999 0.8007404109375 0.6437114984375001 0.7087154328125 0.6437114984375001 0.7087154328125 0.8018942499999999
1 0.618331846875 0.9615965093750001 0.69453166875 0.9615965093750001 0.69453166875 0.8560215609374999 0.618331846875 0.8560215609374999 0.618331846875 0.9615965093750001
1 0.7603702046875 0.2561806984375 0.868603925 0.2561806984375 0.868603925 0.125687884375 0.7603702046875 0.125687884375 0.7603702046875 0.2561806984375
1 0.920856378125 0.3292299796875 0.9851382687499999 0.3292299796875 0.9851382687499999 0.2424537984375 0.920856378125 0.2424537984375 0.920856378125 0.3292299796875
1 0.7806645859375 0.5280030796874999 0.8184433546875001 0.5280030796874999 0.8184433546875001 0.4781160171875 0.7806645859375 0.4781160171875 0.7806645859375 0.5280030796874999
1 1 0.43522587343749997 0.9271364859375 0.43522587343749997 0.9271364859375 0.5432956875 1 0.5432956875 1 0.43522587343749997
1 0.8027966109375001 0.9374024640625 0.8730285453125 0.9374024640625 0.8730285453125 0.8538911703125001 0.8027966109375001 0.8538911703125001 0.8027966109375001 0.9374024640625
1 0.9485281000000001 0.9119199171875 0.9939875109375 0.9119199171875 0.9939875109375 0.8475256671875 0.9485281000000001 0.8475256671875 0.9485281000000001 0.9119199171875
1 0.2564986625 0.5792094453125001 0.3327252453125 0.5792094453125001 0.3327252453125 0.4687166328125 0.2564986625 0.4687166328125 0.2564986625 0.5792094453125001