9 0.311177753125 0.4292966265625 0.990225371875 0.44905489374999996 0.9994367515624999 0.053296465625 0.32038913281250003 0.0335381984375 0.311177753125 0.4292966265625
2 0.95144329375 0.9819676546875 0.9603826921874999 0.5978946203125 0.134192215625 0.5738549328125 0.1252528171875 0.9579279671875 0.95144329375 0.9819676546875
2 0 0.4378103484375 0.342690896875 0.44778163437499996 0.3528738234375 0.010281634375 0 0.000014054687499999999 0 0.4378103484375
2 0.1383987859375 1 0.1509246953125 0.46183588125 0 0.457444421875 0 0.9964609046874999 0.12163083906250001 1 0.1383987859375 1
2 0.71350716875 0.6026154 0.7176444109375 0.4248625921875 0.20948114687500002 0.41007655156249995 0.2053439046875 0.5878293593749999 0.71350716875 0.6026154
3 0.984291815625 0.70398466875 1 0.029097028125 0.7129251703125 0.020744003125 0.6972169859374999 0.69563164375 0.984291815625 0.70398466875
3 0.704097378125 0.3824737015625 0.7125170062499999 0.020732128125 0.290884353125 0.0084638703125 0.28246472499999997 0.37020544375000003 0.704097378125 0.3824737015625
3 0.2203024796875 0.41968141562500005 0.2220919296875 0.3427993921875 0.11477900468749999 0.3396769046875 0.11298955468750001 0.416558928125 0.2203024796875 0.41968141562500005
2 0 0.3562804515625 0.2940090109375 0.3648352390625 0.30209912499999997 0.01725096875 0 0.008460782812500001 0 0.3562804515625
2 0.64846673125 0.1045303625 0.6504588578125 0.018940475000000002 0.3432819859375 0.010002540625 0.341289859375 0.09559242812499999 0.64846673125 0.1045303625
2 0.9774177953125 0.6439688921875 0.9823225984375 0.4332385546875 0.8662681765625001 0.429861715625 0.8613633734375 0.640592053125 0.9774177953125 0.6439688921875
2 0.9663741109374999 1 0.9735495999999999 0.6917117609375001 0.2313047015625 0.670114640625 0.223626534375 1 0.9663741109374999 1
2 0.6901194953124999 0.6868940734375 0.695601603125 0.451360365625 0.2118941203125 0.43728591562499997 0.20641201250000002 0.6728196234375 0.6901194953124999 0.6868940734375
2 0.199868959375 1 0.212965221875 0.4373311359375 0 0.43113448125 0 1 0.199868959375 1