1 0.2493842484375 0 0.24897692343750003 0.0700131453125 0.3305163484375 0.06811529375 0.33091263125000003 0 0.2493842484375 0
1 0.0162848140625 0.1251154796875 0.015794687499999998 0.209361003125 0.0889736609375 0.20765774375 0.0894637875 0.12341222031250002 0.0162848140625 0.1251154796875
1 0.157311459375 0.49281221875 0.15689863125 0.5637712984375 0.26455820625 0.56126549375 0.26497103437499997 0.49030641406250003 0.157311459375 0.49281221875
1 0.2942946921875 0.483256475 0.293339065625 0.6475147875 0.46287598750000003 0.643568771875 0.4638316140625 0.479310459375 0.2942946921875 0.483256475
1 0.6349466375 0.4159815296875 0.63429670625 0.527695084375 0.774033878125 0.524442665625 0.774683809375 0.41272911093750003 0.6349466375 0.4159815296875
1 0.791916084375 0.5373878140625 0.7909581515624999 0.7020425453125 0.8958767999999999 0.6996005375000001 0.8968347328125 0.53494580625 0.791916084375 0.5373878140625
1 0.6939754765624999 0.2534913296875 0.6936112296875 0.31610002656249997 0.7715086 0.3142869453125 0.771872846875 0.25167824843750003 0.6939754765624999 0.2534913296875
1 0.9418074843750001 0.0933321203125 0.9993293875000001 0.091993284375 0.9997138703124999 0.025906328125 0.9421919671874999 0.0272451640625 0.9418074843750001 0.0933321203125
1 0.6209578640625 0.67916155 0.6205271078125 0.7532024703125 0.66768605625 0.7521048328125 0.6681168125 0.6780639125000001 0.6209578640625 0.67916155
1 0.4445750515625 0.685389378125 0.444077784375 0.770862525 0.5364432406249999 0.7687126953125001 0.5369405078125 0.6832395484375 0.4445750515625 0.685389378125
1 0.10864552031250001 0.6529195640625 0.108259103125 0.7193390015625 0.1548798796875 0.7182538921875 0.155266296875 0.6518344546875 0.10864552031250001 0.6529195640625
1 0.6904664484375 0.857717528125 0.6900484125 0.9295717484375 0.8144414031249999 0.92667646875 0.8148594390625 0.8548222484375 0.6904664484375 0.857717528125
1 0.37947365624999996 0.81833184375 0.3786856453125 0.9537794156249999 0.47892344375 0.9514463546874999 0.4797114546875 0.8159987828125 0.37947365624999996 0.81833184375