19 0.7299987109375 0.295552809375 0.723707865625 0.025272435937499997 0.016179775 0.0005650109375000001 0.022470620312500002 0.270845384375 0.7299987109375 0.295552809375
19 0.9961343062499999 0.439213803125 0.8364713859374999 0.4336382515625 0.8386583906249999 0.52760086875 0.9983213109375001 0.5331764203125 0.9961343062499999 0.439213803125
19 0.8038122671875 0.39853474218749996 0.6824920421875 0.39429814687500003 0.6842044046875 0.467868240625 0.8055246296874999 0.47210483593749997 0.8038122671875 0.39853474218749996
19 0.4396466453125 0.42826924843749997 0.268860128125 0.4223052515625 0.2711659015625 0.521370671875 0.44195241875 0.52733466875 0.4396466453125 0.42826924843749997
19 0.22050028125 0.44098309843749994 0.048730618749999996 0.43498477031249994 0.050720109375 0.52046140625 0.222489771875 0.526459734375 0.22050028125 0.44098309843749994
3 0.6689390421875 0.5228694265625 0.029837918749999998 0.5005515234375 0.0355383984375 0.7454674109375 0.674639521875 0.7677853140625001 0.6689390421875 0.5228694265625
3 0.6850171625 0.7747124640624999 0.38906210625000004 0.764377484375 0.3906500453125 0.832601784375 0.6866051015625 0.8429367640625 0.6850171625 0.7747124640624999
3 0.44529151875000006 1 0.441588828125 0.8409173453125 0.019229278125 0.826168225 0.0232752578125 1 0.44529151875000006 1
3 0.1944057171875 0.74399285625 0.02926526875 0.738226025 0.031739407812499995 0.8445250890624999 0.19687985624999998 0.8502919203125 0.1944057171875 0.74399285625
3 1 0.7806225875 0.936359284375 0.77840020625 0.9383191921874999 0.8626058140625 1 0.8647597546875 1 0.7806225875
3 0.7705952921875 0.5836531578125 0.69326383125 0.5809526843749999 0.6956087578125 0.6817003484375 0.77294021875 0.684400821875 0.7705952921875 0.5836531578125
3 0.8128586015625 0.8963338203125 0.7002181515625 0.8924003296875 0.70167209375 0.95486761875 0.8143125437500001 0.958801109375 0.8128586015625 0.8963338203125
20 0.5827522093749999 0.10835333437500001 0.5807022468749999 0.02027856875 0.38384831406250003 0.013404278124999999 0.3858982765625 0.10147904375000001 0.5827522093749999 0.10835333437500001
20 0.5173907515625 0.15084752343750002 0.23373906562500002 0.1409421875 0.23649424843750003 0.2593160203125 0.520145934375 0.26922135625 0.5173907515625 0.15084752343750002
20 0.218360365625 0.019839675 0.018500815625 0.012860425 0.023557854687499998 0.230131453125 0.22341740468750002 0.23711070312500002 0.218360365625 0.019839675
20 0.7331106140625 0.1006518859375 0.6613409515625001 0.098145634375 0.664807878125 0.2470989046875 0.736577540625 0.24960515625 0.7331106140625 0.1006518859375
20 1 0.36124410625 0.8775593046875001 0.3569683828125 0.87928689375 0.4311926828125 1 0.43540807812500004 1 0.36124410625
20 0.5106604890625001 0.3000236703125 0.3577110515625 0.29468255781249997 0.3603087453125 0.406290034375 0.5132581828125 0.411631146875 0.5106604890625001 0.3000236703125
20 0.246112675 0.3349177796875 0.1810564953125 0.33264596874999997 0.18275276093749998 0.4055244734375 0.247808940625 0.407796284375 0.246112675 0.3349177796875
20 0.11999783281250001 0.28808098125 0.010531540624999999 0.284258334375 0.01372264375 0.42136113750000004 0.1231889359375 0.425183784375 0.11999783281250001 0.28808098125
20 0.9577189453124999 0.65181043125 0.7046290578125001 0.6429723375 0.7093967890624999 0.8478134578125 0.9624866765625001 0.8566515515625 0.9577189453124999 0.65181043125
20 1 0.8570183890624999 0.8155686390625 0.850577903125 0.81726795 0.92358725 1 0.92996839375 1 0.8570183890624999
20 0.6851525828125 1 0.6827524328125001 0.89687973125 0.5124153546875 0.8909314296874999 0.514953953125 1 0.6851525828125 1
20 0.8674914359375 0.5026288734375 0.688952109375 0.4963941421875 0.69091810625 0.58086143125 0.8694574328125 0.5870961625 0.8674914359375 0.5026288734375
20 0.6351315 0.37511648124999997 0.5353000390625 0.371630290625 0.5389514265625001 0.5285087953125001 0.6387828875 0.5319949859374999 0.6351315 0.37511648124999997
20 0.9293198109375 0.30954491875 0.6987018328125 0.3014915609375 0.7007852953125 0.3910055796875 0.9314032734375 0.3990589375 0.9293198109375 0.30954491875
20 0.3244176734375 0.5193268984375 0.034136773437500004 0.5091900671875 0.0364747390625 0.6096386640625 0.3267556390625 0.6197754953125 0.3244176734375 0.5193268984375
20 0.23738076718749998 0.6181672453125 0.0916504296875 0.6130782296875 0.0940205890625 0.71491000625 0.23975092656250002 0.719999021875 0.23738076718749998 0.6181672453125
20 0.6753027046875 0.57741195 0.6377465250000001 0.576100459375 0.6393649171875 0.6456331703125 0.676921096875 0.6469446609375 0.6753027046875 0.57741195
20 0.58480551875 0.5812460296874999 0.491603271875 0.5779913343749999 0.4930228453125 0.6389819890624999 0.5862250921875 0.642236684375 0.58480551875 0.5812460296874999
20 0.6393102140625 0.674635703125 0.5318102140625001 0.6708817218750001 0.5337296625 0.7533490109375001 0.6412296625 0.7571029921875 0.6393102140625 0.674635703125
20 0.3886378234375 0.8679419640624999 0.2913906328125 0.8645460171874999 0.292844575 0.9270133078124999 0.390091765625 0.9304092546874999 0.3886378234375 0.8679419640624999
20 0.24117384999999997 1 0.239678109375 0.9357368718749999 0.08066125625000001 0.93018388125 0.08228624531249999 1 0.24117384999999997 1
20 0.8025009453124999 1 0.8018574968750001 0.972354790625 0.7224192953124999 0.9695807484375001 0.7231273109374999 1 0.8025009453124999 1
20 0.8519490015625 0.1327136890625 0.7771737203125 0.130102478125 0.7788173453125 0.2007193 0.8535926265624999 0.20333051093750001 0.8519490015625 0.1327136890625
20 0.9332726890625 0.032599937499999995 0.8411659468750001 0.0293835 0.8423601640625 0.0806919109375 0.93446690625 0.0839083484375 0.9332726890625 0.032599937499999995