11 0.8291654828125001 0.050765515625 0.7380140625 0.0486439421875 0.7349621265625 0.1797675390625 0.826113546875 0.1818891125 0.8291654828125001 0.050765515625
11 0.7214951203125 0.29560686875000003 0.5226307671875 0.29097825 0.5197305125 0.41558499062500004 0.718594865625 0.420213609375 0.7214951203125 0.29560686875000003
11 0.5251856859374999 0.0194974328125 0.42315098593749995 0.01712255 0.41953625937499994 0.172425921875 0.521570959375 0.1748008046875 0.5251856859374999 0.0194974328125
11 0.92728628125 0.7379594703125 0.8278698765625 0.735645528125 0.8237195578125001 0.913960134375 0.9231359625 0.9162740765624999 0.92728628125 0.7379594703125
9 0.8964224359375 0.1336333875 0.3634413640625 0.121228115625 0.35951176875 0.2900595765625 0.892492840625 0.3024648484375 0.8964224359375 0.1336333875
9 0.5090807109375 0.2941029328125 0.3614466421875 0.2906667125 0.349064728125 0.822644240625 0.49669879687499996 0.8260804609375001 0.5090807109375 0.2941029328125
9 0.743938253125 1 0.7493688625 0.766678884375 0.43015750625000004 0.7592491578125 0.4245539671875 1 0.743938253125 1
9 0.24865291250000002 0.4783129703125 0.07847941093750001 0.47435213750000005 0.06698195625 0.968329665625 0.2371554578125 0.9722904984375 0.24865291250000002 0.4783129703125
9 0.1553366390625 0.3152786296875 0.014295628125000001 0.3119958640625 0.00926241875 0.52824305625 0.1503034296875 0.5315258218750001 0.1553366390625 0.3152786296875
9 0 0.8837144374999999 0.08379576718750001 0.8856648046875 0.087567928125 0.7235973890625 0 0.7215592234375 0 0.8837144374999999
9 0.976806065625 0.1752899234375 0.894361271875 0.17337099843749998 0.8912282656249999 0.307977740625 0.973673059375 0.309896665625 0.976806065625 0.1752899234375