11 0.17010252343750001 0.16257303437499998 0.26125394375 0.16257303437499998 0.26125394375 0.031449437499999996 0.17010252343750001 0.031449437499999996 0.17010252343750001 0.16257303437499998
11 0.272018928125 0.40326966249999996 0.47088328125 0.40326966249999996 0.47088328125 0.27866292187499997 0.272018928125 0.27866292187499997 0.272018928125 0.40326966249999996
11 0.4746451109375 0.16257303437499998 0.5766798109375 0.16257303437499998 0.5766798109375 0.0072696625 0.4746451109375 0.0072696625 0.4746451109375 0.16257303437499998
11 0.0560488953125 0.8943033703125 0.1554653 0.8943033703125 0.1554653 0.7159887640625 0.0560488953125 0.7159887640625 0.0560488953125 0.8943033703125
9 0.100954259375 0.2815393265625 0.63393533125 0.2815393265625 0.63393533125 0.11270786562499999 0.100954259375 0.11270786562499999 0.100954259375 0.2815393265625
9 0.4843533125 0.8140786515625 0.63198738125 0.8140786515625 0.63198738125 0.2821011234375 0.4843533125 0.2821011234375 0.4843533125 0.8140786515625
9 0.2332018921875 0.9994382015625 0.5524132484375001 0.9994382015625 0.5524132484375001 0.7488314609375 0.2332018921875 0.7488314609375 0.2332018921875 0.9994382015625
9 0.7403548890625 0.966247190625 0.9105283906249999 0.966247190625 0.9105283906249999 0.4722696625 0.7403548890625 0.4722696625 0.7403548890625 0.966247190625
9 0.8374132484375 0.5277415734375001 0.9784542593750001 0.5277415734375001 0.9784542593750001 0.31149438125 0.8374132484375 0.31149438125 0.8374132484375 0.5277415734375001
9 0.8956466875 0.8832359546875 0.9910725546875 0.8832359546875 0.9910725546875 0.7211685390625 0.8956466875 0.7211685390625 0.8956466875 0.8832359546875
9 0.019645110937499998 0.2870786515625 0.10208990468750001 0.2870786515625 0.10208990468750001 0.152471909375 0.019645110937499998 0.152471909375 0.019645110937499998 0.2870786515625