14 0.0865191140625 0.205284553125 0.10060362187500001 0.18292682968750001 0.0945674046875 0.164634146875 0.080482896875 0.1626016265625 0.066398390625 0.172764228125 0.0623742453125 0.189024390625 0.0643863171875 0.20325203281249998 0.0724346078125 0.2073170734375 0.0865191140625 0.205284553125
14 0.052313882812500004 0.23983739843750002 0.054325956249999995 0.21951219531250002 0.036217303125 0.213414634375 0.0181086515625 0.22357723593749998 0.0181086515625 0.2357723578125 0.028169014062499997 0.25 0.042253521875 0.2520325203125 0.052313882812500004 0.23983739843750002
14 0.10060362187500001 0.22560975625 0.0845070421875 0.22154471562500003 0.0704225359375 0.2357723578125 0.07444667968749999 0.25609756093749997 0.09054325937499999 0.25609756093749997 0.10060362187500001 0.24186991875000002 0.10060362187500001 0.22560975625
14 0.291750503125 0.2479674796875 0.2837022125 0.23983739843750002 0.26559356093750003 0.23983739843750002 0.25352112656250003 0.25 0.25352112656250003 0.2601626015625 0.271629778125 0.27032520312499997 0.28571428593750003 0.26829268281249996 0.291750503125 0.2479674796875
14 0.227364184375 0.32520325156249996 0.2072434609375 0.32317073125 0.193158953125 0.3414634140625 0.20120724375000001 0.3638211375 0.2213279671875 0.359756096875 0.23138832968749998 0.33943089375 0.227364184375 0.32520325156249996
14 0.3440643859375 0.3658536578125 0.33802816875 0.3536585359375 0.31790744531250004 0.347560975 0.3078470828125 0.35569105625 0.3038229375 0.3739837390625 0.3138833 0.382113821875 0.33802816875 0.3760162609375 0.3440643859375 0.3658536578125
14 0.09255533125 0.569105690625 0.0603621734375 0.552845528125 0.048289739062499996 0.5589430890625 0.046277665625 0.5772357718750001 0.0643863171875 0.5995934953125001 0.078470825 0.5995934953125001 0.09255533125 0.569105690625
14 0.2997987921875 0.697154471875 0.2957746484375 0.6829268296875 0.2756539234375 0.6666666671875 0.2615694171875 0.6666666671875 0.247484909375 0.6788617890624999 0.24949698125 0.697154471875 0.267605634375 0.7093495937500001 0.293762575 0.705284553125 0.2997987921875 0.697154471875
14 0.47484909531249997 0.7317073171875 0.4547283703125 0.7235772359375 0.424547284375 0.74186991875 0.42253521093749996 0.7621951218749999 0.45070422499999996 0.7662601625 0.4768611671875 0.75 0.47484909531249997 0.7317073171875
14 0.4647887328125 0.69308943125 0.4406438625 0.705284553125 0.45070422499999996 0.7317073171875 0.496981890625 0.72560975625 0.48490945625000004 0.6991869921875 0.4647887328125 0.69308943125
14 0.5995975859375 0.8414634140624999 0.6257545265625 0.8495934953125 0.6438631796875 0.8373983734375001 0.6458752515625 0.7967479671875 0.6338028171875 0.7682926828125 0.6177062375 0.7682926828125 0.605633803125 0.782520325 0.6116700203125001 0.80691056875 0.5915492953125 0.8211382109375001 0.5915492953125 0.8313008125 0.5995975859375 0.8414634140624999
14 0.7082494968749999 0.8882113828125 0.71026156875 0.8719512187499999 0.7002012078125001 0.847560975 0.6820925546875001 0.8333333328125001 0.6700201203125 0.8333333328125001 0.6478873234375 0.8516260156250001 0.6237424546875 0.8536585359375 0.6177062375 0.8800813015625 0.6780684109374999 0.8943089437499999 0.7082494968749999 0.8882113828125
14 0.653923540625 0.9369918703125 0.6257545265625 0.8841463421875 0.6036217296874999 0.8800813015625 0.5553319921875 0.9166666671874999 0.55331991875 0.9308943093750001 0.5653923546875 0.9512195125 0.6237424546875 0.9491869921875 0.653923540625 0.9369918703125
14 0.7062374250000001 0.987804878125 0.72032193125 0.9715447156250001 0.72032193125 0.9308943093750001 0.7082494968749999 0.9166666671874999 0.6861167 0.914634146875 0.6378269624999999 0.9186991875 0.6338028171875 0.9247967484374999 0.67203219375 0.947154471875 0.6820925546875001 0.9898373984375001 0.7062374250000001 0.987804878125
14 0.810865190625 0.9207317078124999 0.8028169015625 0.91056910625 0.766599596875 0.9044715453125001 0.7545271625 0.9186991875 0.7605633796875 0.93495935 0.7907444671875 0.94308943125 0.8088531187499999 0.93495935 0.810865190625 0.9207317078124999
14 1 0.8130081296875 0.9839034203124999 0.80691056875 0.977867203125 0.794715446875 0.9979879281249999 0.77439024375 1 0.7520325203125 0.9899396375 0.74186991875 0.957746478125 0.7398373984375 0.943661971875 0.7642276421875 0.957746478125 0.7926829265625 0.9416499 0.8089430890625 0.9396378265625 0.827235771875 0.9597585515624999 0.8455284546874999 0.979879275 0.8495934953125 1 0.8414634140624999 1 0.8130081296875
14 0.7142857140625 0.5121951218749999 0.7223340046875 0.48780487812500006 0.7122736421875 0.4695121953125 0.7022132796875 0.4695121953125 0.688128771875 0.47967479687500003 0.6800804828125 0.5 0.6820925546875001 0.5142276421875 0.6921529171875 0.520325203125 0.7142857140625 0.5121951218749999
14 0.6519114687500001 0.44918699218749997 0.6458752515625 0.422764228125 0.6197183093749999 0.414634146875 0.607645875 0.42682926875 0.6177062375 0.455284553125 0.629778671875 0.463414634375 0.6438631796875 0.4613821140625 0.6519114687500001 0.44918699218749997
14 0.82897384375 0.43699187031250003 0.8209255531249999 0.4186991875 0.79879275625 0.414634146875 0.7806841046875 0.4288617890625 0.7927565390625 0.44715447187499996 0.7997957671875 0.4416565265625 0.8120378109375 0.4416565265625 0.82897384375 0.43699187031250003
14 0.8712273640625 0.24593495937499998 0.8490945671875 0.24186991875000002 0.8370221328125 0.2520325203125 0.84305835 0.26829268281249996 0.863179075 0.27439024375 0.8792756546874999 0.2662601625 0.8712273640625 0.24593495937499998
14 0.5895372234375 0.19308943125 0.561368209375 0.18495935 0.549295775 0.2113821140625 0.5573440640625 0.22560975625 0.5734406437499999 0.22560975625 0.5875251515625 0.213414634375 0.5895372234375 0.19308943125
14 0.48692152968749997 0.32520325156249996 0.49094567343750006 0.30081300781250003 0.4668008046875 0.29065040625 0.4547283703125 0.30081300781250003 0.4547283703125 0.32520325156249996 0.4647887328125 0.33943089375 0.47484909531249997 0.33943089375 0.48692152968749997 0.32520325156249996
14 0.9859154921875 0.22357723593749998 0.9617706234375 0.21951219531250002 0.9557344062500001 0.2357723578125 0.9617706234375 0.24593495937499998 0.987927565625 0.25 0.9939637828125001 0.24390243906250003 0.9859154921875 0.22357723593749998
14 0.5010060359375 0.5914634140625 0.5090543265624999 0.5833333328125 0.49712110625 0.564360675 0.5108015531250001 0.5582749859375 0.515179271875 0.5560619953125 0.5108015531250001 0.5449970921875 0.49657389687500003 0.5366984125 0.4817989921875 0.5217607890625 0.47082495 0.5406504062499999 0.47484909531249997 0.5548780484375 0.4527162984375 0.569105690625 0.45875251562499997 0.597560975 0.5010060359375 0.5914634140625