1 0.44694814843749997 0.3013111109375 0.75995555625 0.3013111109375 0.75995555625 0.0482 0.44694814843749997 0.0482 0.44694814843749997 0.3013111109375
1 0.456059259375 0.6323333328125 0.6460148140624999 0.6323333328125 0.6460148140624999 0.36615555624999996 0.456059259375 0.36615555624999996 0.456059259375 0.6323333328125
1 1 0.6362333328124999 0.7592 0.6362333328124999 0.7592 0.9999888890624999 1 0.9999888890624999 1 0.6362333328124999
1 0.10508148125000001 0.7322 0.2804888890625 0.7322 0.2804888890625 0.625977778125 0.10508148125000001 0.625977778125 0.10508148125000001 0.7322
1 0.8480888890625 0 0.8480888890625 0.194622221875 0.9805629625 0.194622221875 0.9805629625 0 0.8480888890625 0
1 0.47885185156250004 0.7773333328125 0.5575925921875 0.7773333328125 0.5575925921875 0.598622221875 0.47885185156250004 0.598622221875 0.47885185156250004 0.7773333328125
1 0.06062222187500001 0 0.06062222187500001 0.09475555625 0.1619851859375 0.09475555625 0.1619851859375 0 0.06062222187500001 0
5 0.4370370375 0 0.41333333281250006 0.0488888890625 0.420740740625 0.0733333328125 0.457777778125 0.0933333328125 0.49629629687500004 0.0666666671875 0.49481481406250005 0.037777778125 0.48444444375 0.02 0.462222221875 0 0.4370370375 0
5 0.300740740625 0.622222221875 0.33629629687499996 0.59555555625 0.340740740625 0.5177777781249999 0.30222222187500003 0.48 0.2740740734375 0.477777778125 0.2488888890625 0.49555555625 0.24444444375000002 0.562222221875 0.2518518515625 0.59555555625 0.29185185156250004 0.637777778125 0.300740740625 0.622222221875
5 0.100740740625 0.69555555625 0.097777778125 0.6066666671875 0.07555555625 0.5822222218750001 0.054814814062499995 0.577777778125 0.0266666671875 0.5822222218750001 0 0.61555555625 0.00148148125 0.682222221875 0.0474074078125 0.7288888890624999 0.100740740625 0.69555555625
5 0.1481481484375 1 0.17629629687499998 0.9577777781249999 0.183703703125 0.9311111109375 0.183703703125 0.902222221875 0.1688888890625 0.8577777781249999 0.12592592656249998 0.8444444437499999 0.0948148140625 0.8666666671875 0.09629629687499999 0.9688888890625 0.100740740625 0.9800000000000001 0.11555555625 0.9866666671875001 0.11703703750000001 1 0.1481481484375 1
5 0.68444444375 0.44666666718750003 0.72 0.4066666671875 0.7303703703125 0.33999999999999997 0.7140740734375 0.30444444375 0.6977777781250001 0.29111111093750003 0.6829629625 0.29111111093750003 0.662222221875 0.30222222187500003 0.64148148125 0.3288888890625 0.6281481484375 0.4066666671875 0.6459259265624999 0.41111111093749997 0.68444444375 0.44666666718750003
5 0.7881481484374999 0.29111111093750003 0.8222222218749999 0.317777778125 0.8370370375 0.32 0.856296296875 0.3088888890625 0.8651851859375 0.28444444375 0.8651851859375 0.2266666671875 0.8385185187499999 0.1911111109375 0.8237037031250001 0.1888888890625 0.8103703703124999 0.20888888906249997 0.79555555625 0.21111111093749999 0.7866666671875 0.222222221875 0.780740740625 0.262222221875 0.7881481484374999 0.29111111093750003