1 0.1770721515625 0.6374328 0.17984435000000001 0.756537790625 0.28295007656250004 0.7571376421875 0.280177878125 0.6380326515625 0.1770721515625 0.6374328
1 0.52646868125 0.45599639999999997 0.5273139609374999 0.4923130953125 0.593525415625 0.49269830312499996 0.5926801359375 0.4563816078125 0.52646868125 0.45599639999999997
1 0.3409142453125 0.4590127078125 0.342220225 0.5151228625 0.405325953125 0.51549 0.4040199734375 0.45937984531250003 0.3409142453125 0.4590127078125
1 0.8277442234375 0.7320665796875 0.8284805390625 0.7637016921875001 0.877731640625 0.763988228125 0.876995325 0.7323531156249999 0.8277442234375 0.7320665796875
1 0.753279478125 0.16040262968750002 0.754521359375 0.21375891249999998 0.8229795093750001 0.214157190625 0.8217376281250001 0.1608009078125 0.753279478125 0.16040262968750002
1 0.053552456250000005 0.21773478124999998 0.054953778125 0.277941321875 0.1638744828125 0.278575003125 0.1624731609375 0.21836846250000003 0.053552456250000005 0.21773478124999998
1 0.1773697078125 0.28261167187499997 0.178827115625 0.3452278515625 0.26680068437500004 0.34573966718750004 0.2653432765625 0.2831234875 0.1773697078125 0.28261167187499997
1 1 0.393846175 0.9377992031250001 0.39348430156249997 0.9388443859375 0.4383896375 1 0.4387454296875 1 0.393846175
1 1 0.18189553125 0.9547155500000001 0.181632075 0.95600670625 0.237105396875 1 0.2373613421875 1 0.18189553125
1 0.1014554078125 0.11799259375 0.1036755703125 0.2133798578125 0.24451257499999998 0.2141992234375 0.24229241250000003 0.118811959375 0.1014554078125 0.11799259375
1 0.7404076015625 0.483571403125 0.7414059140625 0.52646296875 0.8335645046875 0.52699913125 0.8325661921874999 0.484107565625 0.7404076015625 0.483571403125