2 0.5336359234375 0.35730826875 0.542704409375 0.41131598125 0.5560277140625 0.43837096875 0.5815020718749999 0.44211617031249995 0.5978806624999999 0.47458442968750003 0.6330369140625 0.4747889625 0.66573764375 0.45339722812499994 0.6759355703125001 0.43007608125 0.689718459375 0.3510223375 0.6865930828125 0.3006462 0.662834290625 0.24475452656250002 0.63592284375 0.22121748281250003 0.57273934375 0.23343937656249997 0.5471676140625 0.267462078125 0.5336359234375 0.35730826875
16 0.5392961828125 0.4479302359375 0.5486493484375 0.506800215625 0.5627925453125 0.51423444375 0.5940441062499999 0.485008478125 0.5890252406250001 0.44086760625 0.5528403843749999 0.42962917031250003 0.5392961828125 0.4479302359375
16 0.55506329375 0.267899303125 0.5518414140625 0.3009643125 0.5767347890625001 0.3415448375 0.611721653125 0.301312684375 0.6068739296875 0.2645247546875 0.5706890734375001 0.25328631874999996 0.55506329375 0.267899303125
16 0.623811153125 0.22051161874999997 0.6330787453125 0.275705128125 0.647649796875 0.301521709375 0.6674387359375 0.2942848921875 0.672827765625 0.2685844359375 0.658 0.2317384421875 0.623811153125 0.22051161874999997
2 0.6211760875000001 0.1330052671875 0.6429116593749999 0.1439227109375 0.6233103171875001 0.0988462109375 0.622724190625 0.073663825 0.6311364578124999 0.057526282812499996 0.646845190625 0.0612146671875 0.6721384421875001 0.09913028593749999 0.6725571046875001 0.1171177046875 0.6497894640624999 0.1457612203125 0.6610759109375001 0.1692073640625 0.7281520203125 0.198373575 0.751770625 0.1643395171875 0.7655535140625 0.0852857734375 0.760642475 0.042093239062499996 0.7461332765625001 0.0060388593749999995 0.6143392046875 0.007070603125 0.609722175 0.10236415624999999 0.6211760875000001 0.1330052671875
16 0.62994050625 0.0551285046875 0.6203883203125 0.0734527953125 0.62306889375 0.1028761734375 0.6477911265625 0.1361037578125 0.673311378125 0.117872365625 0.672541240625 0.08478413125 0.6499005859375 0.055244628124999993 0.62994050625 0.0551285046875
2 0.629870615625 0.5485089750000001 0.6216121718750001 0.6132068734375 0.6372235328125 0.6546631578125 0.668557265625 0.65844245 0.6851870531250001 0.7017031625000001 0.7186413734375 0.71268878125 0.7405580515625 0.6894358125 0.7477006921875 0.6607013937499999 0.7396369953125 0.6498634890625 0.7717515984375 0.6032893671874999 0.7704956125 0.54932710625 0.7328137515625001 0.482563440625 0.6887428421874999 0.47691154999999996 0.6644543796875 0.4821657375 0.6481322375 0.5360257328125 0.629870615625 0.5485089750000001
2 0.449820903125 0.615804415625 0.464986321875 0.72200405 0.492832465625 0.7437480359374999 0.5398749296875 0.7512157140625 0.5782812109375 0.6812977203125 0.59597035 0.602266703125 0.562710771875 0.51574528125 0.5051354515625001 0.51720881875 0.457828146875 0.5403140671875 0.449820903125 0.615804415625
2 0.484504059375 1 0.5027810859375 0.9614242203125001 0.5043428296875 0.860717396875 0.4462787546875 0.79923064375 0.4276822 0.797323953125 0.41484765 0.8332192546874999 0.37985886406249997 0.8402096890624999 0.37153032812500003 0.8599447171874999 0.3770274953125 0.9283196374999999 0.3702197828125 0.971443990625 0.3827098515625 1 0.42108548125 1 0.4474100859375 0.97369156875 0.458708071875 1 0.484504059375 1
2 0.2964141359375 1 0.3225911921875 0.9387939265625 0.328477846875 0.8560972453125 0.30471905781249997 0.8002055718750001 0.2888428609375 0.7893222171875001 0.27737530781249997 0.800046490625 0.24971026875 0.744132090625 0.192288771875 0.7941559796875 0.2099233484375 0.8805864968750001 0.1781573140625 0.9001851656250001 0.1758556203125 0.9271492546875001 0.1787298015625 0.9667329406249999 0.20128138125 1 0.2964141359375 1
2 0.1377916203125 1 0.16056555 0.9414482828124999 0.1574674515625 0.8083413796875 0.0893865546875 0.7360053640625 0.0650143578125 0.737662065625 0.01820945 0.782352225 0.022228603125 0.9550314515625 0.051488365625 1 0.1377916203125 1
2 0.07032852656250001 0.5884176171875 0.050740823437500006 0.5019757375 0.012459196875 0.45139506406249996 0.0197575515625 0.7230107828125 0.0569643015625 0.6854587796875 0.07032852656250001 0.5884176171875
2 1 0.29976563125 0.995019365625 0.295246578125 0.9791568093749999 0.2429978421875 0.9564028078125 0.2302759734375 0.93797371875 0.2355642484375 0.901952865625 0.28211564375 0.8813759062500001 0.362928359375 0.8948530359375001 0.43854369843749996 0.9344880218749999 0.5053187296874999 0.9752524499999999 0.49476489843750004 1 0.47097782187500004 1 0.29976563125
2 0.8034164796875001 0.11787902187499999 0.8410983406250001 0.1846426921875 0.9265334468749999 0.16355775781249998 0.9496496578125001 0.10793879375 0.9277739015625001 0.007095612499999999 0.8095703140625 0.0047099421875 0.8030250984375 0.0171608375 0.8034164796875001 0.11787902187499999