2 0 0.2571428578125 0.0084033609375 0.2825396828125 0.0084033609375 0.3174603171875 0 0.3619047625 0.0218487390625 0.38095238125 0.025210084375000004 0.428571428125 0.040336134375 0.447619046875 0.078991596875 0.4571428578125 0.09579831875 0.447619046875 0.11092437031249999 0.425396825 0.1243697484375 0.38095238125 0.1260504203125 0.32698412656250003 0.11428571406250002 0.2730158734375 0.0974789921875 0.23174603125 0.06722689062500001 0.190476190625 0.01176470625 0.16825396875 0 0.171428571875 0 0.2571428578125
16 0.05042016875000001 0.3396825390625 0.028571428125 0.32698412656250003 0.015126049999999999 0.3396825390625 0.015126049999999999 0.365079365625 0.0235294125 0.374603175 0.0436974796875 0.36825396875 0.05042016875000001 0.3396825390625
2 0.1563025203125 0.3333333328125 0.2201680671875 0.32380952343749997 0.252100840625 0.371428571875 0.26554621875 0.36825396875 0.2756302515625 0.3396825390625 0.29579831875 0.32698412656250003 0.31092437031250003 0.26031746093749997 0.31092437031250003 0.20634920625 0.3008403359375 0.152380953125 0.27899159687499997 0.1015873015625 0.198319328125 0.0952380953125 0.15126050468750002 0.0761904765625 0.11932773125 0.1079365078125 0.10756302499999999 0.165079365625 0.10924369687499999 0.2507936515625 0.1294117640625 0.3174603171875 0.1563025203125 0.3333333328125
2 0.17310924375 0.60634920625 0.1613445375 0.6126984125 0.1613445375 0.63174603125 0.189915965625 0.6761904765625 0.2386554625 0.6412698406249999 0.263865546875 0.5428571421874999 0.26218487343749997 0.4952380953125 0.24537815156249998 0.44126984062499996 0.21512604999999999 0.39365079375 0.225210084375 0.35873015937499997 0.22352941249999997 0.3396825390625 0.21512604999999999 0.32380952343749997 0.198319328125 0.32380952343749997 0.163025209375 0.3428571421875 0.163025209375 0.42222222187499997 0.1529411765625 0.4761904765625 0.1546218484375 0.5428571421874999 0.17310924375 0.60634920625
16 0.2319327734375 0.2507936515625 0.225210084375 0.23492063437500002 0.21176470625000002 0.23174603125 0.2033613453125 0.241269840625 0.20504201718749998 0.2825396828125 0.2201680671875 0.2984126984375 0.2319327734375 0.2793650796875 0.2319327734375 0.2507936515625
16 0.292436975 0.4698412703125 0.2739495796875 0.4539682546875 0.2605042015625 0.46666666718750005 0.26218487343749997 0.5015873015625 0.2705882359375 0.5142857140625 0.292436975 0.5111111109375 0.292436975 0.4698412703125
16 0.2722689078125 0.3333333328125 0.282352940625 0.3396825390625 0.290756303125 0.3174603171875 0.277310925 0.3111111109375 0.2722689078125 0.3333333328125
16 0.3008403359375 0.23174603125 0.307563025 0.2380952375 0.309243696875 0.2126984125 0.3025210078125 0.2 0.3008403359375 0.23174603125
16 0.13445378125000002 0.6666666671875 0.1126050421875 0.6507936515625 0.1025210078125 0.6698412703125001 0.1008403359375 0.6984126984375 0.117647059375 0.7174603171875 0.13445378125000002 0.6888888890625 0.13445378125000002 0.6666666671875
16 0.2386554625 0.7238095234374999 0.22689075625 0.7365079359375 0.2319327734375 0.774603175 0.255462184375 0.774603175 0.2537815125 0.7365079359375 0.2386554625 0.7238095234374999
16 0.31596638593750004 0.6730158734375 0.2991596640625 0.6571428578125 0.28571428593750003 0.6698412703125001 0.28571428593750003 0.6857142859375001 0.305882353125 0.7206349203125 0.31596638593750004 0.7079365078125 0.31596638593750004 0.6730158734375
2 0.6974789921875 0.41904761874999996 0.7243697484375 0.39365079375 0.7613445375000001 0.38412698437500004 0.7815126046875001 0.3428571421875 0.7831932765625 0.3174603171875 0.7663865546874999 0.2793650796875 0.771428571875 0.22539682499999997 0.7428571421875 0.196825396875 0.7109243703125 0.19365079375 0.6672268906250001 0.20634920625 0.64201680625 0.24444444375000002 0.6235294125 0.3428571421875 0.6436974796875 0.409523809375 0.6974789921875 0.41904761874999996
16 0.7697478984375 0.2888888890625 0.7563025203125 0.2698412703125 0.7512605046874999 0.2793650796875 0.7529411765625 0.3174603171875 0.7613445375000001 0.32698412656250003 0.7680672265624999 0.3174603171875 0.7697478984375 0.2888888890625
2 1 0.165079365625 0.9848739500000001 0.165079365625 0.9294117640625 0.184126984375 0.8974789921875 0.2539682546875 0.9025210078124999 0.447619046875 0.9126050421875 0.46666666718750005 0.989915965625 0.46666666718750005 1 0.3873015875 1 0.241269840625 0.971428571875 0.196825396875 0.974789915625 0.1873015875 1 0.222222221875 1 0.165079365625
16 0.9226890750000001 0.2793650796875 0.9277310921874999 0.2952380953125 0.9445378156249999 0.2825396828125 0.9294117640625 0.2698412703125 0.9226890750000001 0.2793650796875
16 0.9394957984375001 0.18095238125 0.9294117640625 0.190476190625 0.932773109375 0.20634920625 0.9613445374999999 0.196825396875 0.9529411765625 0.18095238125 0.9394957984375001 0.18095238125
16 0.8184873953125 0.574603175 0.8100840343750001 0.590476190625 0.8168067234375 0.6126984125 0.840336134375 0.60634920625 0.836974790625 0.577777778125 0.8184873953125 0.574603175
2 0.5512605046875 1 0.5596638656249999 0.8539682546874999 0.5563025203125 0.7523809531250001 0.544537815625 0.7269841265625 0.521008403125 0.7238095234374999 0.452100840625 0.7428571421875 0.440336134375 0.75555555625 0.440336134375 0.777777778125 0.4537815125 0.8920634921874999 0.477310925 0.984126984375 0.5025210078125 1 0.5512605046875 1