14 0.0779013734375 0.219320940625 0.00025231718749999996 0.2109116765625 0.0026038874999999998 0.2518820890625 0.094550159375 0.251253621875 0.0779013734375 0.219320940625
14 0.546027715625 0.5538883921875 0.5100263218750001 0.509599484375 0.46478311874999995 0.49574225624999996 0.45685345 0.5232216453125 0.4862941328125 0.5822720203125 0.523789475 0.5923586296875001 0.546027715625 0.5538883921875
14 0.6081356015625 0.5625689281249999 0.61866683125 0.5330912062500001 0.6019498671875 0.512877271875 0.5709129703125 0.505607315625 0.5473853109375 0.5431235984375 0.5459368125 0.5695133921875 0.5704925421875 0.577872940625 0.6081356015625 0.5625689281249999
14 0.6321177796875 0.44692764531250007 0.59718990625 0.44070206875 0.5504300265625 0.4649533859375 0.591702715625 0.4935268671875 0.6293571375 0.47626972968750003 0.6321177796875 0.44692764531250007
14 0.6064089921875 0.4141766390625 0.576763775 0.390282515625 0.5274591515625 0.40676654531249995 0.55832560625 0.44333337500000003 0.5868518453125 0.43697666718750006 0.6064089921875 0.4141766390625
14 0.51343465 0.368929271875 0.5032897671875001 0.3320007484375 0.46830507812500005 0.335540796875 0.43440527500000004 0.3751910515625 0.4420167765625 0.402399165625 0.493888871875 0.389776178125 0.51343465 0.368929271875
14 0.662410125 0.8047609296875 0.6793543468750001 0.785912365625 0.6626828359375 0.7578859296875 0.59530365625 0.7649208203125 0.5641304015624999 0.7810883640624999 0.5847156109375 0.8041641687500001 0.6157525125000001 0.8114341234375001 0.662410125 0.8047609296875
14 0.7200654015625 0.2432646046875 0.6812238296875 0.24198965781249998 0.66300155625 0.2579311421875 0.6757366390625 0.2948144578125 0.7365664703125 0.3005879125 0.7200654015625 0.2432646046875
14 0.71847999375 0.7383591859374999 0.709647246875 0.6984783671875 0.6707829484375 0.7011096703125 0.6525038609375 0.726816778125 0.6601040046875 0.7559780203125 0.705392659375 0.76202274375 0.71847999375 0.7383591859374999
14 0.7760665390625 0.633848896875 0.73082333125 0.6199916671875 0.6734981375 0.6795800812499999 0.6863582140625 0.6949790218749999 0.7200534843749999 0.6904850171875 0.7760665390625 0.633848896875
14 0.278936153125 0.8329366874999999 0.2555903 0.839202971875 0.26568973749999997 0.883943996875 0.316204234375 0.882085803125 0.278936153125 0.8329366874999999
11 0.8809987359375 0.709192534375 0.8814907109375 0.624629428125 0.7715765484375 0.6265479875 0.7710845734375 0.71111109375 0.8809987359375 0.709192534375
9 0.6046018984375 0.2717804203125 0.605664546875 0.0891266984375 0.3096559625 0.094293546875 0.3085933140625 0.27694726875 0.6046018984375 0.2717804203125
9 0.46437396875000003 0.7043462375 0.4654102578125 0.526223259375 0.1039081109375 0.5325333015625 0.10287182187499999 0.7106562796875 0.46437396875000003 0.7043462375
9 0.2527002984375 0.51254306875 0.254073796875 0.27645892656250004 0.06815105 0.27970422031250003 0.06677755156250001 0.5157883625 0.2527002984375 0.51254306875