14 0.5895691609375 0.36553524843749996 0.5850340140625 0.33942558749999996 0.5714285718750001 0.33942558749999996 0.560090703125 0.3864229765625 0.5623582765624999 0.45430809375000003 0.580498865625 0.5039164484375 0.6054421765625 0.52741514375 0.6303854875 0.50913838125 0.64172335625 0.4804177546875 0.6122448984375 0.3838120109375 0.5895691609375 0.36553524843749996
14 0.6009070296875 0.2193211484375 0.5691609984375 0.2193211484375 0.5555555562500001 0.2297650125 0.5396825390625 0.2663185375 0.5419501140625 0.2924281984375 0.57596371875 0.3342036546875 0.6077097499999999 0.34725848593749997 0.646258503125 0.318537859375 0.653061225 0.29765013125 0.6485260765625 0.25587467343750003 0.6009070296875 0.2193211484375
14 0.44444444375 0.3159268921875 0.42630385468750004 0.336814621875 0.42403628125 0.3707571796875 0.4535147390625 0.4020887734375 0.528344671875 0.396866840625 0.5419501140625 0.3159268921875 0.5124716546875 0.3028720625 0.44444444375 0.3159268921875
14 0.349186646875 0.2514461625 0.3106799859375 0.2625362453125 0.28617570937500003 0.277659109375 0.2712981546875 0.291773796875 0.265306121875 0.32114882499999997 0.276643990625 0.336814621875 0.3718820859375 0.3315926890625 0.39229025 0.30809399531250004 0.3945578234375 0.2767624015625 0.349186646875 0.2514461625
14 0.1927437640625 0.0913838125 0.136054421875 0.0887728453125 0.1065759640625 0.12010443906249998 0.08843537343749999 0.1801566578125 0.124716553125 0.21671018281249999 0.156462584375 0.20626631875 0.1950113375 0.15665796406250002 0.2040816328125 0.112271540625 0.1927437640625 0.0913838125
14 0.5736961453125 0.018276762499999998 0.5396825390625 0.018276762499999998 0.5034013609375 0.036553524999999996 0.5170068031249999 0.11488250625 0.537414965625 0.13315926875 0.5714285718750001 0.13315926875 0.5873015875 0.11488250625 0.591836734375 0.036553524999999996 0.5736961453125 0.018276762499999998
14 0.9160997734375 0.245430809375 0.9297052156250001 0.2741514359375 0.9569160999999999 0.305483028125 0.9977324265625 0.32114882499999997 1 0.24020887656249998 0.961451246875 0.21671018281249999 0.9206349203125 0.22715404687500002 0.9160997734375 0.245430809375
14 0.8072562359375001 0.6318537859375 0.7641723359375 0.61879895625 0.7165532875 0.621409921875 0.7029478453125 0.639686684375 0.70521541875 0.6710182765625 0.7460317453124999 0.7258485640625 0.7664399093750001 0.73890339375 0.8231292515625 0.7258485640625 0.832199546875 0.7101827671875001 0.8299319734375 0.6684073109375 0.8072562359375001 0.6318537859375
14 0.9115646265624999 0.6422976499999999 0.8798185937499999 0.644908615625 0.8548752828125 0.6684073109375 0.8480725625 0.7101827671875001 0.8707483 0.736292428125 0.9433106578125001 0.7049608359375 0.941043084375 0.6684073109375 0.9297052156250001 0.6527415140625 0.9115646265624999 0.6422976499999999
14 0.7573696140624999 0.7310704953125 0.7142857140625 0.7232375984375 0.700680271875 0.7336814625 0.6916099765625 0.7624020890625001 0.723356009375 0.791122715625 0.7460317453124999 0.791122715625 0.7596371875 0.77545691875 0.7641723359375 0.7415143609375 0.7573696140624999 0.7310704953125
7 0.7157709750000001 0.5896997390625 0.8926643984375 0.5896997390625 0.8926643984375 0.0045039171874999995 0.7157709750000001 0.0045039171874999995 0.7157709750000001 0.5896997390625
7 0.349523809375 0.6249869453125 0.556145125 0.6249869453125 0.556145125 0.4094255875 0.349523809375 0.4094255875 0.349523809375 0.6249869453125
7 0.3818934234375 0.27390339375 0.49348072500000006 0.27390339375 0.49348072500000006 0.1347650125 0.3818934234375 0.1347650125 0.3818934234375 0.27390339375
7 0.23710884375000002 0.1817232375 0.36543083906249996 0.1817232375 0.36543083906249996 0.001357703125 0.23710884375000002 0.001357703125 0.23710884375000002 0.1817232375
7 0.9099433109374999 0.6112793734374999 0.9999886625000001 0.6112793734374999 0.9999886625000001 0.3372323765625 0.9099433109374999 0.3372323765625 0.9099433109374999 0.6112793734374999