3 0.1575561765625 0.012513103125 0.159690625 0.37939356874999997 0.562180584375 0.39110483125 0.5600461359375 0.024224365625 0.1575561765625 0.012513103125
3 0.27374435468749997 1 0.2731440734375 0.8968205093750001 0.10330471562500002 0.8918786890625 0.10393374687500001 1 0.27374435468749997 1
3 0.0970583625 0.41523241874999994 0.09884509687500001 0.722346121875 0.2092868640625 0.72555965 0.2075001296875 0.41844594687500003 0.0970583625 0.41523241874999994
3 0.3357056515625 0.62797240625 0.336560515625 0.7749111828124999 0.47780549531250005 0.7790209921875 0.47695063125 0.632082215625 0.3357056515625 0.62797240625
3 0.4965842421875 0.6732151421875 0.497306296875 0.797325928125 0.7559809953125 0.8048525921874999 0.755258940625 0.68074180625 0.4965842421875 0.6732151421875
3 0.5725231671875 0.5192995671875 0.5733866828124999 0.6677252234375 0.84045495625 0.6754961171875 0.839591440625 0.5270704609375 0.5725231671875 0.5192995671875
3 0.699836871875 1 0.6991140984374999 0.8757658234375001 0.555338996875 0.8715823953124999 0.556086109375 1 0.699836871875 1
20 0.9136569625 0.29616005156249997 0.9120883531249999 0.026539060937499998 0.5748192765625 0.0167255328125 0.5763878859375 0.2863465234375 0.9136569625 0.29616005156249997
20 1 0.337120678125 0.485808396875 0.32215923125 0.4867867421875 0.490322496875 1 0.5052554765624999 1 0.337120678125
20 0.2545539625 0.7796812578125001 0.2557733328125 0.9892730937499999 0.56850425625 0.998372634375 0.5672848859374999 0.7887807984374999 0.2545539625 0.7796812578125001
20 0.035960146875 0.7216531890625 0.0369123703125 0.885326659375 0.27169148593750003 0.892158034375 0.2707392625 0.7284845640625 0.035960146875 0.7216531890625
20 0.03062313125 0.1010781609375 0.032043834375000003 0.34527641249999996 0.14561813125 0.3485810875 0.144197428125 0.1043828359375 0.03062313125 0.1010781609375
20 1 0.6848169109375 0.7410243484375 0.6772814890625 0.7429018703125 1 1 1 1 0.6848169109375
20 1 0.5317378734375 0.8379247734374999 0.527021965625 0.8386481859374999 0.6513659890625 1 0.656060846875 1 0.5317378734375
20 0.1894469375 0.3935953234375 0.190814890625 0.62872651875 0.4811763375 0.637175175 0.47980838437499995 0.40204397968750005 0.1894469375 0.3935953234375