3 0.98751148125 0.9924580328125 0.965207978125 0.0342086328125 0.06467856718750001 0.0342086328125 0.0869820703125 0.9924580328125 0.98751148125 0.9924580328125
3 1 0.9534234093749999 0.9845271125 0.288645084375 0.05379181875 0.288645084375 0.070348509375 0.9999880093750001 1 0.9999880093750001 1 0.9534234093749999
3 0.958253453125 0.290155875 0.9546203921874999 0.1340647484375 0.22491450937500002 0.1340647484375 0.2285475703125 0.290155875 0.958253453125 0.290155875
3 0.8008160171875 0.12793764999999999 0.7984639328124999 0.026882493750000003 0.28990510937499997 0.026882493750000003 0.29225719375 0.12793764999999999 0.8008160171875 0.12793764999999999
4 1 0.7546402875 0.8968144484374999 0.7546402875 0.8989069875 0.8445443640624999 1 0.8445443640624999 1 0.7546402875
4 0.8447563671875 0.9461151078125001 0.8432939890625001 0.883285371875 0.7682939890625 0.883285371875 0.7697563671875 0.9461151078125001 0.8447563671875 0.9461151078125001
4 1 0.35410071875 0.8961241390625 0.35410071875 0.89798504375 0.4340527578125 1 0.4340527578125 1 0.35410071875
4 1 0.43081534843749997 0.960203809375 0.43081534843749997 0.962807065625 0.5426618703125 1 0.5426618703125 1 0.43081534843749997
4 1 0.885527578125 0.9361844125 0.885527578125 0.9380871796875001 0.967278178125 1 0.967278178125 1 0.885527578125
4 0.8548851203125001 0.13217026406250001 0.8532223625 0.06073141562499999 0.756075303125 0.06073141562499999 0.7577380609375 0.13217026406250001 0.8548851203125001 0.13217026406250001
4 0.7018690234375 0.10115107968749999 0.700219103125 0.0302637890625 0.6083073375 0.0302637890625 0.6099572578125 0.10115107968749999 0.7018690234375 0.10115107968749999
4 0.5818558671875 0.3564748203125 0.580618984375 0.30333333281249997 0.49703074843749995 0.30333333281249997 0.49826763124999995 0.3564748203125 0.5818558671875 0.3564748203125
4 0.1559526125 0.7359352515625 0.1538935625 0.6474700234374999 0.0759523859375 0.6474700234374999 0.0780114359375 0.7359352515625 0.1559526125 0.7359352515625
4 0.106010615625 0.61206235 0.1050483484375 0.570719425 0.054107171875000006 0.570719425 0.0550694390625 0.61206235 0.106010615625 0.61206235