2 0.6220703140625 0.5288301359375 0.5869140625 0.5288301359375 0.5712890625 0.5612074921875 0.5458984375 0.564804975 0.533203125 0.591786103125 0.525390625 0.6457483640625 0.541015625 0.735685459375 0.5673828125 0.769861559375 0.630859375 0.78245275 0.6572265625 0.75906910625 0.6796875015625 0.70330810625 0.681640625 0.65294333125 0.666015625 0.573798684375 0.6552734375 0.550415040625 0.6220703140625 0.5288301359375
16 0.5828343312500001 0.518382353125 0.550898203125 0.4889705875 0.5369261484375001 0.49632352968750004 0.528942115625 0.5551470593750001 0.542914171875 0.5735294125 0.578842315625 0.5625 0.5828343312500001 0.518382353125
16 0.6047904187500001 0.7022058828125 0.5688622750000001 0.66176470625 0.5449101796875 0.7022058828125 0.5489021953125001 0.7352941171875 0.564870259375 0.75 0.600798403125 0.7389705875 0.6047904187500001 0.7022058828125
16 0.6606786421875 0.7095588234375 0.6407185625 0.7022058828125 0.6267465062500001 0.7279411765625 0.618762475 0.7830882359375 0.6526946109375 0.7720588234375 0.6666666671875 0.7352941171875 0.6606786421875 0.7095588234375
2 0.646484375 0.857999915625 0.669921875 0.8867797875000001 0.669921875 0.9047672062500001 0.6455078125 0.9425407874999999 0.6298828125 0.9461382687500001 0.62109375 0.9299495921875 0.62109375 0.9047672062500001 0.6396484375 0.8597986546874999 0.6181640625 0.87059110625 0.607421875 0.9011697203125 0.6142578125 0.99650304375 0.74609375 0.9983017875 0.759765625 0.9623269484374999 0.763671875 0.9191571390625001 0.748046875 0.8400124921875 0.7236328125 0.805836396875 0.6572265625 0.83461626875 0.646484375 0.857999915625
16 0.6706586828125001 0.919117646875 0.6706586828125001 0.8860294124999999 0.644710578125 0.8676470593750001 0.6207584828125 0.90073529375 0.618762475 0.9301470593750001 0.628742515625 0.9485294124999999 0.6487025953125001 0.9485294124999999 0.6706586828125001 0.919117646875
2 0.724609375 0.3147798421875 0.7021484375 0.29139619843750003 0.6689453140625 0.302188646875 0.6533203140625 0.34535845625 0.6220703140625 0.348955940625 0.607421875 0.390327003125 0.6171875015625 0.4550817171875 0.6357421875 0.4676729078125 0.6533203140625 0.5216351687499999 0.677734375 0.52703139375 0.7216796859375 0.5216351687499999 0.7578124984375 0.4550817171875 0.7578124984375 0.40111945625 0.724609375 0.354352165625 0.732421875 0.3435597125 0.724609375 0.3147798421875
2 0.435546875 0.386729521875 0.4453124984375 0.462276684375 0.4931640625 0.4856603265625 0.55078125 0.4874590703125 0.58203125 0.40111945625 0.5625 0.321974809375 0.5224609375 0.25182387500000003 0.4755859375 0.25901884218750004 0.4482421875 0.280603746875 0.435546875 0.386729521875
2 0.3603515625 0 0.34765625 0.0305786140625 0.35546875 0.07374841875 0.3515624984375 0.14210061406250002 0.3603515625 0.16188677499999998 0.3955078125 0.1690817421875 0.4091796859375 0.205056584375 0.427734375 0.20325784218749998 0.484375 0.14210061406250002 0.48046875 0.041371065624999995 0.4599609375 0 0.4365234375 0 0.4248046859375 0.028779871875 0.3955078125 0 0.3603515625 0
2 0.1787109375 0 0.15625 0.0341760953125 0.154296875 0.07374841875 0.1572265625 0.1007295515625 0.189453125 0.120515709375 0.173828125 0.2068553234375 0.232421875 0.2572201 0.2587890625 0.20145909999999997 0.2705078125 0.2122515515625 0.2861328125 0.20145909999999997 0.30859375 0.1456981 0.30078125 0.06295596718749999 0.2724609375 0 0.1787109375 0
2 0.0283203140625 0 0 0.0449685484375 0 0.21764777500000002 0.0478515625 0.2626163265625 0.072265625 0.264415065625 0.138671875 0.1924653890625 0.138671875 0.059358485937500004 0.1142578125 0 0.0283203140625 0
2 0.039062498437499996 0.498251521875 0.056640625 0.41191190781250003 0.041015625 0.3147798421875 0.0029296859375 0.2770062609375 0.001953125 0.5486162984375 0.039062498437499996 0.498251521875
2 1 0.5450188125000001 0.9638671875 0.5108427171875001 0.9228515625 0.5000502640625 0.884765625 0.5666037171875 0.873046875 0.642150878125 0.8955078125 0.7230942687499999 0.9326171875 0.769861559375 0.951171875 0.7752577828125 0.9736328125 0.7626665874999999 0.98828125 0.7105030734375 1 0.699710621875 1 0.5450188125000001
2 0.8095703140625 1 0.927734375 0.9983017875 0.947265625 0.8975722359375 0.9228515625 0.8418112359375 0.8369140625 0.82022633125 0.80078125 0.8867797875000001 0.802734375 0.9875093343750001 0.8095703140625 1