3 1 0.39272472187499996 0.5954302078125 0.390371003125 0.602523884375 1 1 1 1 0.39272472187499996
3 0.312856096875 0.9925337390625 0.5964385703125 0.9941835749999999 0.591225271875 0.5461538359375 0.3076427984375 0.544504 0.312856096875 0.9925337390625
3 0.2961114109375 0.310958296875 0.784900071875 0.31380198593749997 0.7820953078125 0.07276109375 0.29330664687499997 0.06991740468749999 0.2961114109375 0.310958296875
3 0.050373426562500004 0.6193032015625 0.22027033437500002 0.6202916328125 0.21733882656249998 0.368358546875 0.04744191875 0.367370115625 0.050373426562500004 0.6193032015625
3 1 0.09203875781250001 0.919766225 0.091571971875 0.9219796703125 0.28179502031250003 1 0.28224892968750004 1 0.09203875781250001
2 0.79500159375 0.371310396875 0.8615737593749999 0.3716977015625 0.86037598125 0.2687608984375 0.793803815625 0.26837359375 0.79500159375 0.371310396875
2 0.8889325124999999 0.2456572359375 0.9215098328125 0.245846765625 0.9206148515624999 0.1689322671875 0.88803753125 0.1687427375 0.8889325124999999 0.2456572359375
2 0.839089534375 0.25886076875 0.8648111843749999 0.2590104125 0.8642631218749999 0.211910040625 0.838541471875 0.211760396875 0.839089534375 0.25886076875
2 0.8775443562499999 0.480668003125 0.9418742531250001 0.48104226250000004 0.9409161171875 0.3987002546875 0.8765862203125 0.3983259953125 0.8775443562499999 0.480668003125
2 0.7585716109375 0.49294893906250004 0.8167674875 0.49328751249999997 0.8156692 0.3989008953125 0.7574733234375 0.39856232187499996 0.7585716109375 0.49294893906250004
2 0.848704425 0.9024419124999999 0.898833290625 0.9027335531249999 0.897938309375 0.8258190546874999 0.8478094437499999 0.8255274140625 0.848704425 0.9024419124999999
19 0.25057606250000003 1 0.248525434375 0.8237693890625 0.0707677015625 0.822735225 0.0728303640625 1 0.25057606250000003 1
3 0.0622930609375 0.21623998906250003 0.2394837828125 0.21727085468750001 0.2375601578125 0.05195486875000001 0.06036943593750001 0.05092400312499999 0.0622930609375 0.21623998906250003