16 0.7003577812499999 0.1059782609375 0.6815742390625 0.1127717390625 0.6726296953124999 0.13586956562500002 0.677996421875 0.163043478125 0.6833631484375 0.1711956515625 0.6967799640625 0.1779891296875 0.708407871875 0.1657608703125 0.717352415625 0.14538043437499998 0.7218246875000001 0.14538043437499998 0.7343470484375 0.163043478125 0.7450805015624999 0.158967390625 0.7522361359375 0.1440217390625 0.7495527734375 0.1127717390625 0.7325581390625 0.10190217343750001 0.71556350625 0.11413043437499999 0.71288014375 0.131793478125 0.709302325 0.131793478125 0.7066189625 0.1154891296875 0.7003577812499999 0.1059782609375
16 0.9919499109375 0.44075963125 1 0.41766180625000005 0.992844365625 0.3904878921875 0.9856887296875 0.3836944140625 0.9722719140624999 0.38233571875 0.9642218250000001 0.38641180625 0.9597495531250001 0.395922675 0.9615384609375001 0.4217378921875 0.9767441859374999 0.44075963125 0.9919499109375 0.44075963125
2 0.8792486578125001 0.5855978265624999 0.8881932015625 0.604619565625 0.8783542046875 0.658967390625 0.862254025 0.6861413046875 0.8443649375 0.70108695625 0.8228980328125 0.711956521875 0.773703040625 0.7146739125 0.7674418609375 0.7309782609375 0.7710196781249999 0.76766304375 0.7853309484375 0.79891304375 0.7960644 0.8125 0.8264758499999999 0.832880434375 0.864042934375 0.8274456515624999 0.9105545609375 0.8002717390624999 0.9355992843750001 0.7690217390625 0.950805009375 0.7269021734375001 0.9579606437500001 0.6875 0.9606440078125 0.59375 0.9499105546875001 0.5584239125 0.9516994640625001 0.542119565625 0.9481216453125001 0.528532609375 0.9257602859375 0.5013586953125 0.9007155640625 0.48097826093749996 0.872987478125 0.4769021734375 0.8586762078125 0.493206521875 0.8524150265625 0.533967390625 0.860465115625 0.54891304375 0.857781753125 0.569293478125 0.8792486578125001 0.5855978265624999
16 0.9499105546875001 0.5991847828125 0.9499105546875001 0.5883152171875 0.9436493734375 0.5679347828125 0.932915921875 0.555706521875 0.9186046515624999 0.5529891296875 0.9078711984375 0.5665760875 0.9159212875 0.5923913046875 0.9364937390625 0.6086956515625 0.9463327375 0.604619565625 0.9499105546875001 0.5991847828125
16 0.9355992843750001 0.493206521875 0.929338103125 0.4769021734375 0.9105545609375 0.4592391296875 0.8989266546874999 0.466032609375 0.8980322 0.48505434843749995 0.9212880140624999 0.506793478125 0.933810375 0.5040760875 0.9355992843750001 0.493206521875
16 0.20930232499999998 0.2105978265625 0.2075134171875 0.1888586953125 0.20035778125 0.17934782656249998 0.18336314843749998 0.17663043437499998 0.1627906984375 0.190217390625 0.16457960625 0.2065217390625 0.1860465109375 0.22826087031250003 0.20214669062500001 0.22282608750000002 0.20930232499999998 0.2105978265625
16 0.2495527734375 0.3763586953125 0.2638640421875 0.36548912968749997 0.2638640421875 0.3451086953125 0.2549194984375 0.3288043484375 0.24150268281249998 0.32201087031250003 0.2271914125 0.32201087031250003 0.21824686875000002 0.33559782656250003 0.22003577812500003 0.3559782609375 0.22540250468749998 0.36548912968749997 0.237924865625 0.3763586953125 0.2495527734375 0.3763586953125
16 0.4275491953125 0.20516304375 0.432915921875 0.1929347828125 0.4302325578125 0.1752717390625 0.41949910625 0.16440217343750002 0.4016100171875 0.158967390625 0.390876565625 0.16983695625 0.3881932015625 0.1915760875 0.40339892656250004 0.20788043437499998 0.41949910625 0.2105978265625 0.4275491953125 0.20516304375
16 0.42486583125 0.125 0.42844365 0.1032608703125 0.417710196875 0.09103260937499999 0.40071556406250003 0.0896739125 0.3881932015625 0.10733695624999999 0.3872987484375 0.1304347828125 0.3917710203125 0.14266304375 0.40429338125000003 0.14809782656249998 0.42486583125 0.125
16 0.48479427499999994 0.086956521875 0.47584973125 0.0720108703125 0.45796064375 0.0665760875 0.45169946406249994 0.07608695625 0.45169946406249994 0.10190217343750001 0.4722719140625 0.11005434843749999 0.48747763906249997 0.10190217343750001 0.48479427499999994 0.086956521875
2 0.44364937343750005 0.24728260937500002 0.45527728125 0.3070652171875 0.462432915625 0.3274456515625 0.45348837187499996 0.3423913046875 0.45259391718749997 0.36548912968749997 0.48837209374999996 0.3709239125 0.5098389984375 0.38451087031250003 0.5214669046875 0.3790760875 0.5241502687499999 0.36548912968749997 0.5196779968749999 0.3559782609375 0.5152057250000001 0.28125 0.5178890875 0.2377717390625 0.5098389984375 0.20788043437499998 0.501788909375 0.2038043484375 0.48121645781250005 0.21603260937500002 0.46779964218750003 0.21467391249999998 0.45796064375 0.23233695625 0.44543828281250003 0.23641304375 0.44364937343750005 0.24728260937500002
16 0.5152057250000001 0.1399456515625 0.50626118125 0.1304347828125 0.5008944546875 0.1399456515625 0.4973166375 0.17934782656249998 0.507155634375 0.1915760875 0.5143112703125 0.1779891296875 0.5152057250000001 0.1399456515625
2 0.35062611875 0.3559782609375 0.36493738750000004 0.375 0.38550983906249997 0.3790760875 0.41949910625 0.36684782656250003 0.4275491953125 0.350543478125 0.4302325578125 0.3288043484375 0.44722719218749996 0.3070652171875 0.432915921875 0.256793478125 0.4275491953125 0.25 0.41413237968749994 0.24592391249999998 0.3917710203125 0.26358695625 0.3658318421875 0.3111413046875 0.3542039359375 0.3165760875 0.34883720937499996 0.3274456515625 0.35062611875 0.3559782609375
16 0.364042934375 0.2663043484375 0.3524150265625 0.25951087031250003 0.341681575 0.28125 0.341681575 0.305706521875 0.355098390625 0.305706521875 0.364042934375 0.292119565625 0.364042934375 0.2663043484375
2 0.4275491953125 0.5366847828125 0.4364937390625 0.5434782609375 0.4722719140625 0.5434782609375 0.5026833625 0.5394021734375001 0.5178890875 0.5298913046875 0.549194990625 0.53125 0.5697674421875 0.524456521875 0.57781753125 0.4959239125 0.5787119859375001 0.457880434375 0.5697674421875 0.440217390625 0.55992844375 0.40489130468749995 0.531305903125 0.372282609375 0.504472271875 0.3736413046875 0.4856887296875 0.364130434375 0.4695885515625 0.364130434375 0.44096601093750004 0.381793478125 0.42397137812499996 0.413043478125 0.41592128749999996 0.48777173906250004 0.4186046515625 0.5149456515625 0.4275491953125 0.5366847828125
16 0.459749553125 0.45516304375 0.459749553125 0.417119565625 0.44275491875000006 0.40489130468749995 0.433810375 0.4157608703125 0.429338103125 0.4429347828125 0.435599284375 0.461956521875 0.4463327375 0.46739130468749995 0.459749553125 0.45516304375
16 0.5330948125 0.36684782656250003 0.5143112703125 0.36141304375 0.5 0.368206521875 0.5035778171875 0.385869565625 0.5348837203125 0.38858695625 0.5429338109375 0.38451087031250003 0.5330948125 0.36684782656250003
16 0.546511628125 0.5149456515625 0.549194990625 0.489130434375 0.5456171734375 0.4782608703125 0.5295169953125 0.4728260875 0.5187835421875 0.48505434843749995 0.5161001781250001 0.506793478125 0.522361359375 0.520380434375 0.5339892671875 0.5258152171875 0.546511628125 0.5149456515625
16 0.5688729875 0.444293478125 0.5724508046875 0.4293478265625 0.5652951703125 0.4008152171875 0.5590339890625 0.3913043484375 0.5438282640625001 0.3872282609375 0.5393559921875 0.39266304375 0.540250446875 0.403532609375 0.5527728078125 0.4415760875 0.555456171875 0.4456521734375 0.5688729875 0.444293478125
16 0.6216457953125001 0.4429347828125 0.6234347046875001 0.430706521875 0.615384615625 0.38858695625 0.606440071875 0.377717390625 0.600178890625 0.381793478125 0.5983899828125 0.3899456515625 0.6037567078125 0.4320652171875 0.6100178890625 0.440217390625 0.6216457953125001 0.4429347828125
2 0.62611806875 0.3423913046875 0.6189624328125001 0.364130434375 0.6162790703125001 0.39673912968749997 0.6234347046875001 0.4470108703125 0.6296958859374999 0.46875 0.64669051875 0.48641304375 0.6967799640625 0.4904891296875 0.709302325 0.4741847828125 0.7146690515625 0.4592391296875 0.71824686875 0.42527173906250004 0.7271914125000001 0.3940217390625 0.7271914125000001 0.3111413046875 0.7218246875000001 0.2690217390625 0.704830053125 0.26358695625 0.6923076921875 0.2663043484375 0.6806797859375 0.2771739125 0.6762075140625 0.29076087031250003 0.64400715625 0.315217390625 0.62611806875 0.3423913046875
2 0.6967799640625 0.6195652171875 0.704830053125 0.645380434375 0.7415026828125 0.6956521734375001 0.7710196781249999 0.7092391296875 0.8211091234375001 0.7092391296875 0.8506261187499999 0.6956521734375001 0.872987478125 0.6725543484375 0.8846153843750001 0.6440217390625 0.8881932015625 0.625 0.8855098390625 0.6032608703125 0.87119856875 0.5774456515625 0.8524150265625 0.5665760875 0.8345259390624999 0.5665760875 0.8282647578125 0.5584239125 0.841681575 0.51766304375 0.86851520625 0.48233695625 0.8720930234375001 0.45652173906250004 0.8819320218750001 0.434782609375 0.8810375671875 0.413043478125 0.8658318421875 0.3913043484375 0.848837209375 0.377717390625 0.7987477640625 0.3736413046875 0.76923076875 0.3872282609375 0.7164579609375 0.45652173906250004 0.7066189625 0.479619565625 0.693202146875 0.5407608703125 0.6967799640625 0.6195652171875
16 0.7325581390625 0.3423913046875 0.7325581390625 0.315217390625 0.7209302328125 0.2975543484375 0.7164579609375 0.3070652171875 0.71556350625 0.323369565625 0.71824686875 0.3478260875 0.7236135953125 0.35326087031250003 0.7325581390625 0.3423913046875
16 0.6976744187499999 0.5747282609375 0.6949910546875 0.5679347828125 0.6842576031250001 0.5679347828125 0.6788908765625 0.5815217390625 0.6788908765625 0.6100543484375 0.6842576031250001 0.622282609375 0.6967799640625 0.6290760875 0.6976744187499999 0.5747282609375
2 0.7611806796875 1 0.7656529515625 0.9850543484375001 0.7853309484375 0.96875 0.7898032203125 0.957880434375 0.791592128125 0.8804347828125 0.78443649375 0.8247282609375001 0.7719141328125 0.8111413046875 0.7593917703125 0.8057065218749999 0.67978533125 0.8002717390624999 0.644901609375 0.8138586953125 0.6216457953125001 0.8451086953125 0.6082289796875 0.88858695625 0.6082289796875 0.8994565218749999 0.6207513421875 0.9361413046875 0.639534884375 0.96875 0.67352415 0.9932065218749999 0.7066189625 1 0.7611806796875 1
16 0.791592128125 1 0.795169946875 0.9769021734375001 0.7933810375 0.96875 0.779964221875 0.9646739125 0.7665474062500001 0.9755434781250001 0.7647584968750001 1 0.791592128125 1
16 0.9481216453125001 0.7486413046875 0.9481216453125001 0.7445652171875 0.9436493734375 0.7445652171875 0.932915921875 0.7513586953125 0.92486583125 0.7771739125 0.93738819375 0.7771739125 0.9409660109375 0.7717391296875 0.9481216453125001 0.7486413046875
2 0.059928443750000004 0.565217390625 0.073345259375 0.622282609375 0.061717353125 0.6440217390625 0.058139534375 0.6684782609375 0.061717353125 0.7445652171875 0.07602862187500001 0.76358695625 0.11359570625 0.7798913046875 0.1896243296875 0.79483695625 0.22003577812500003 0.7934782609375 0.2325581390625 0.783967390625 0.24418604687499998 0.76358695625 0.2638640421875 0.707880434375 0.27638640468750003 0.5978260875 0.273703040625 0.54483695625 0.26654740625 0.520380434375 0.2298747765625 0.45244565156250005 0.20483005312499997 0.43885869531250005 0.1502683359375 0.4279891296875 0.11359570625 0.444293478125 0.09302325624999999 0.4633152171875 0.07602862187500001 0.4918478265625 0.061717353125 0.5298913046875 0.059928443750000004 0.565217390625
2 0.5134168156250001 0 0.50894454375 0.0625 0.5214669046875 0.1032608703125 0.5411449015625001 0.11413043437499999 0.55992844375 0.11684782656249999 0.5769230765625 0.11141304375000001 0.5939177109375 0.0978260875 0.6118067984375 0.0394021734375 0.6082289796875 0 0.5134168156250001 0
2 0.7271914125000001 0.305706521875 0.739713775 0.3559782609375 0.7540250453125 0.377717390625 0.7728085874999999 0.3804347828125 0.8067978531250001 0.3709239125 0.8586762078125 0.375 0.8765652953125 0.3491847828125 0.8908765656250001 0.3070652171875 0.8837209296875 0.20788043437499998 0.875670840625 0.17934782656249998 0.857781753125 0.153532609375 0.846153846875 0.1467391296875 0.83542039375 0.1657608703125 0.7656529515625 0.190217390625 0.739713775 0.2241847828125 0.7280858671875 0.2663043484375 0.7271914125000001 0.305706521875
2 0.8327370296875 0.1154891296875 0.857781753125 0.14809782656249998 0.8846153843750001 0.16983695625 0.8998211093749999 0.1684782609375 0.9212880140624999 0.1304347828125 0.917710196875 0.1127717390625 0.9025044718749999 0.082880434375 0.9114490156249999 0.04891304375 0.8980322 0.0407608703125 0.8613595703125 0.061141304687499995 0.8470483 0.08016304375 0.8407871203124999 0.100543478125 0.8327370296875 0.10869565156250001 0.8327370296875 0.1154891296875
2 0.9257602859375 0.2798913046875 0.9570661890625001 0.283967390625 0.9749552765624999 0.29483695625 0.992844365625 0.2690217390625 0.998211090625 0.2336956515625 0.9821109124999999 0.19565217343750002 0.9740608234374999 0.1875 0.9606440078125 0.1521739125 0.9463327375 0.158967390625 0.9212880140624999 0.2024456515625 0.9141323796874999 0.2418478265625 0.915026834375 0.26358695625 0.9257602859375 0.2798913046875