10 0.02975815 0.733371428125 0.060525762500000004 0.733371428125 0.060525762500000004 0.45924571406250003 0.02975815 0.45924571406250003 0.02975815 0.733371428125
10 0.016351209375000002 0.6086171421875 0.12484752968749999 0.6086171421875 0.12484752968749999 0.2610971421875 0.016351209375000002 0.2610971421875 0.016351209375000002 0.6086171421875
10 0.19464248125 0.2879942859375 0.24582018906249997 0.2879942859375 0.24582018906249997 0.144531428125 0.19464248125 0.144531428125 0.19464248125 0.2879942859375
10 0.43594637187499996 0.468708571875 0.5170504734375 0.468708571875 0.5170504734375 0.1853257140625 0.43594637187499996 0.1853257140625 0.43594637187499996 0.468708571875
10 0.5753627765625 0.5561542859374999 0.64461619375 0.5561542859374999 0.64461619375 0.265468571875 0.5753627765625 0.265468571875 0.5753627765625 0.5561542859374999
10 0.6772450046875 0.4057428578125 0.774679284375 0.4057428578125 0.774679284375 0.21009714218750003 0.6772450046875 0.21009714218750003 0.6772450046875 0.4057428578125
10 0.781808621875 0.4908571421875 0.8347213453125001 0.4908571421875 0.8347213453125001 0.1168457140625 0.781808621875 0.1168457140625 0.781808621875 0.4908571421875
10 0.9051419562499999 0.521171428125 0.974100946875 0.521171428125 0.974100946875 0.22612000000000002 0.9051419562499999 0.22612000000000002 0.9051419562499999 0.521171428125
10 0.3340694 0.685548571875 0.401493165625 0.685548571875 0.401493165625 0.4912971421875 0.3340694 0.4912971421875 0.3340694 0.685548571875
10 0.3139642484375 0.9035657140625 0.4090010515625 0.9035657140625 0.4090010515625 0.736068571875 0.3139642484375 0.736068571875 0.3139642484375 0.9035657140625
10 0.1504048375 0.9478 0.22961619375 0.9478 0.22961619375 0.851171428125 0.1504048375 0.851171428125 0.1504048375 0.9478
10 0.20805467968750002 0.46754285781249993 0.3199579390625 0.46754285781249993 0.3199579390625 0.312091428125 0.20805467968750002 0.312091428125 0.20805467968750002 0.46754285781249993
10 0.315299684375 0.106108571875 0.3826813875 0.106108571875 0.3826813875 0.011948571875 0.315299684375 0.011948571875 0.315299684375 0.106108571875
7 0.543638275 0.9999942859375001 0.889316509375 0.9999942859375001 0.889316509375 0.5756171421875 0.543638275 0.5756171421875 0.543638275 0.9999942859375001
7 0.4332334390625 0.9934628578125 0.53890115625 0.9934628578125 0.53890115625 0.756571428125 0.4332334390625 0.756571428125 0.4332334390625 0.9934628578125