2 0.37132400468750004 1 0.38095238125 0.9892358437500001 0.428571428125 0.9872600703125001 0.447619046875 0.97268825 0.4571428578125 0.9343099015625 0.447619046875 0.917226065625 0.425396825 0.9014534125000001 0.38095238125 0.886714834375 0.32698412656250003 0.8834638453125001 0.2730158734375 0.8936582359375 0.23174603125 0.909264128125 0.190476190625 0.9383153999999999 0.16825396875 0.993130984375 0.170093071875 1 0.28193562656250004 1 0.2825396828125 0.9998177046875 0.28880477031249996 1 0.37132400468750004 1
16 0.3396825390625 0.9947577031250001 0.365079365625 0.995496675 0.374603175 0.9873704265625 0.36825396875 0.9670176171874999 0.3396825390625 0.959463584375 0.32698412656250003 0.9809428375 0.3396825390625 0.9947577031250001
2 0.152380953125 0.7035934968750001 0.1015873015625 0.7239642921875 0.0952380953125 0.8044518171874999 0.0761904765625 0.8509564125000001 0.1079365078125 0.8838129 0.165079365625 0.89724029375 0.2507936515625 0.898053653125 0.3174603171875 0.8798253875000001 0.3333333328125 0.8533964890625001 0.32380952343749997 0.789253828125 0.371428571875 0.7587066265625 0.36825396875 0.745168878125 0.3396825390625 0.7342535015625 0.32698412656250003 0.7137159468750001 0.26031746093749997 0.69665009375 0.20634920625 0.695079778125 0.152380953125 0.7035934968750001
2 0.39365079375 0.7963280187499999 0.35873015937499997 0.785227896875 0.3396825390625 0.786354340625 0.32380952343749997 0.7942958453125 0.32380952343749997 0.8111025671875 0.3428571421875 0.8469509140625 0.42222222187499997 0.849260203125 0.4761904765625 0.8609145515625001 0.5428571421874999 0.86117368125 0.60634920625 0.844533715625 0.6126984125 0.856483165625 0.63174603125 0.8570373953124999 0.6761904765625 0.8297591671875001 0.6412698406249999 0.780003584375 0.5428571421874999 0.7519299828125 0.4952380953125 0.7522250828125 0.44126984062499996 0.7674614890625 0.39365079375 0.7963280187499999
16 0.23492063437500002 0.7816254078125 0.23174603125 0.7949784140625 0.241269840625 0.803658890625 0.2825396828125 0.8031790484375 0.2984126984375 0.7885148562500001 0.2793650796875 0.7761959203125001 0.2507936515625 0.7753645765625 0.23492063437500002 0.7816254078125
16 0.46666666718750005 0.7530744109375 0.5015873015625 0.7524098265625 0.5142857140625 0.74437595 0.5111111109375 0.7224348390625 0.4698412703125 0.721234009375 0.4539682546875 0.739259546875 0.46666666718750005 0.7530744109375
16 0.3333333328125 0.7374301015625 0.3396825390625 0.7275308125 0.3174603171875 0.7184808484375 0.3111111109375 0.731741484375 0.3333333328125 0.7374301015625
16 0.23174603125 0.705902784375 0.2380952375 0.6993648390625 0.2126984125 0.6969451953125 0.2 0.7032983984375 0.23174603125 0.705902784375
16 0.6698412703125001 0.9169693828125001 0.6984126984375 0.9194813984374999 0.7174603171875 0.903228903125 0.6888888890625 0.8855908375 0.6666666671875 0.8849442375000001 0.6507936515625 0.90633111875 0.6698412703125001 0.9169693828125001
16 0.774603175 0.767076465625 0.7365079359375 0.7676486796875001 0.7238095234374999 0.78240524375 0.7365079359375 0.7945394359375 0.774603175 0.7906058765624999 0.774603175 0.767076465625
16 0.6698412703125001 0.7337761046875 0.6857142859375001 0.7342379625000001 0.7206349203125 0.71508598125 0.7079365078125 0.7046324625 0.6730158734375 0.7036163765625 0.6571428578125 0.719961240625 0.6698412703125001 0.7337761046875
2 0.19365079375 0.2947102921875 0.20634920625 0.3387772578125 0.24444444375000002 0.3650958 0.3428571421875 0.3864467109375 0.409523809375 0.368218446875 0.41904761874999996 0.3147140484375 0.39365079375 0.28708432031250003 0.38412698437500004 0.24983241562499997 0.3428571421875 0.22846351875 0.3174603171875 0.226043875 0.2793650796875 0.2417421390625 0.22539682499999997 0.23512980625000002 0.196825396875 0.2628698921875 0.19365079375 0.2947102921875
16 0.2793650796875 0.25686818906250003 0.3174603171875 0.256295975 0.32698412656250003 0.24816972812500002 0.3174603171875 0.24116992499999998 0.2888888890625 0.238657909375 0.2698412703125 0.251549059375 0.2793650796875 0.25686818906250003
2 0.46666666718750005 0.023662646875000002 0.3873015875 0.011269325 0.241269840625 0.007020235937499999 0.196825396875 0.0342984625 0.1873015875 0.0306600046875 0.222222221875 0.006466006250000001 0.165079365625 0.00480331875 0.165079365625 0.019929368750000002 0.184126984375 0.075945784375 0.2539682546875 0.1099107296875 0.447619046875 0.1105033765625 0.46666666718750005 0.10097357031250001 0.46666666718750005 0.023662646875000002
16 0.2793650796875 0.08543961875 0.2952380953125 0.080859459375 0.2825396828125 0.06368325 0.2698412703125 0.07843981562499999 0.2793650796875 0.08543961875
16 0.196825396875 0.044382496874999997 0.18095238125 0.052324 0.18095238125 0.065769378125 0.190476190625 0.0761305265625 0.20634920625 0.0732310390625 0.196825396875 0.044382496874999997
16 0.60634920625 0.177306825 0.577777778125 0.179836825 0.574603175 0.19823185000000001 0.590476190625 0.20709706875 0.6126984125 0.2010209796875 0.60634920625 0.177306825
2 1 0.47783652343750005 0.8539682546874999 0.4651840734375 0.7523809531250001 0.4655895296875 0.7269841265625 0.4766152625 0.7238095234374999 0.500052303125 0.7428571421875 0.5695140953125 0.75555555625 0.5816482875 0.777777778125 0.5822948875 0.8920634921874999 0.5721748843750001 0.984126984375 0.5513242453125 1 0.5265760203125 1 0.47783652343750005