3 0.6251895046875 0.5599999999999999 0.9920699703125001 0.5599999999999999 0.9920699703125001 0.15751004062500001 0.6251895046875 0.15751004062500001 0.6251895046875 0.5599999999999999
3 0.00278425625 0.2679718875 0.11097667656250002 0.2679718875 0.11097667656250002 0.0981325296875 0.00278425625 0.0981325296875 0.00278425625 0.2679718875
3 0.2804081625 0.20510040156249998 0.5875218656250001 0.20510040156249998 0.5875218656250001 0.094658634375 0.2804081625 0.094658634375 0.2804081625 0.20510040156249998
3 0.2347521859375 0.47335341406250003 0.3816909625 0.47335341406250003 0.3816909625 0.332108434375 0.2347521859375 0.332108434375 0.2347521859375 0.47335341406250003
3 0.21701166249999998 0.751425703125 0.3411224484375 0.751425703125 0.3411224484375 0.4927510046875 0.21701166249999998 0.4927510046875 0.21701166249999998 0.751425703125
3 0.348848396875 0.8366666671875 0.49727405312500006 0.8366666671875 0.49727405312500006 0.56959839375 0.348848396875 0.56959839375 0.348848396875 0.8366666671875
3 0 0.694136546875 0.1444314875 0.694136546875 0.1444314875 0.5503614453125001 0 0.5503614453125001 0 0.694136546875
20 1 0.5748192765625 0.730379009375 0.5748192765625 0.730379009375 0.9120883531249999 1 0.9120883531249999 1 0.5748192765625
20 0.6919241984375 1 0.6919241984375 0.48401606406250003 0.5237609328125 0.48401606406250003 0.5237609328125 1 0.6919241984375 1
20 0.018002915624999997 0.5627911640625001 0.2275947515625 0.5627911640625001 0.2275947515625 0.250060240625 0.018002915624999997 0.250060240625 0.018002915624999997 0.5627911640625001
20 0.1155976671875 0.266546184375 0.2792711375 0.266546184375 0.2792711375 0.03176706875 0.1155976671875 0.03176706875 0.1155976671875 0.266546184375
20 0.6555976671875 0.14361445781249998 0.89979591875 0.14361445781249998 0.89979591875 0.030040160937499998 0.6555976671875 0.030040160937499998 0.6555976671875 0.14361445781249998
20 0.009125364062499999 0.9999799203125 0.344169096875 0.9999799203125 0.344169096875 0.7372088359375 0.009125364062499999 0.7372088359375 0.009125364062499999 0.9999799203125
20 0.49727405312500006 1 0.49727405312500006 0.835 0.3729300296875 0.835 0.3729300296875 1 0.49727405312500006 1
20 0.3767201171875 0.47755020156250005 0.6118513125 0.47755020156250005 0.6118513125 0.18718875468750001 0.3767201171875 0.18718875468750001 0.3767201171875 0.47755020156250005