3 0.0012750328125 0 0.0000180296875 0.000014626562499999999 0 0.0031136671875 0 0.944550296875 0.8733993234374999 0.934387375 0.8788354296875 0 0.0012750328125 0
3 0 0.999932303125 0.2409937640625 0.9971280874999999 0.24142293750000002 0.9233595421875 0 0.9261687515625001 0 0.999932303125
20 0.2610406140625 0.9203421390625 0.26059521406249997 0.9969000031249999 0.5088560828124999 0.9940112265625001 0.5093014828125 0.9174533625000001 0.2610406140625 0.9203421390625
20 0.6354543875 0.904650896875 0.634943040625 0.992544071875 0.7242184015625 0.991505259375 0.7247297484375 0.903612084375 0.6354543875 0.904650896875
20 0.9879403625000001 0.8157776421875 0.9890873546875 0.6186263078125 0.8644496734375 0.6200765984375 0.8633026812500001 0.8172279328125001 0.9879403625000001 0.8157776421875
20 0.9216002515625 0.35876158125 0.922128690625 0.2679307203125 0.847164921875 0.268803003125 0.8466364828125 0.3596338640625 0.9216002515625 0.35876158125
20 0.8878867859374999 0.22210083749999998 0.8882753890625 0.155305584375 0.7815362593749999 0.15654760625 0.78114765625 0.22334285937499998 0.8878867859374999 0.22210083749999998
20 0.8418598656249999 0.1251355921875 0.8424176531249999 0.0292602203125 0.75191040625 0.030313367187500002 0.75135261875 0.1261887390625 0.8418598656249999 0.1251355921875
20 0.51280235625 0.34372743125 0.5137416671875 0.182273425 0.37689384062500003 0.18386579375 0.3759545296875 0.3453198 0.51280235625 0.34372743125
20 0.670273559375 0.2627758140625 0.67068685 0.1917372390625 0.5452520671875 0.19319680625 0.5448387765625 0.26423538125 0.670273559375 0.2627758140625
20 0.33277425312500003 0.8862010937499999 0.3337480921875 0.7188123703125 0.1811031640625 0.7205885546874999 0.180129325 0.887977278125 0.33277425312500003 0.8862010937499999
20 0.1290580484375 0.7706715156249999 0.1300158328125 0.6060424359375001 0.0445085859375 0.607037403125 0.043550801562500005 0.7716664828125 0.1290580484375 0.7706715156249999
20 0.34618348593750004 0.5180432703125 0.34661334843749997 0.4441560296875 0.200055378125 0.4458613859375 0.199625515625 0.5197486265625 0.34618348593750004 0.5180432703125
20 0.2506776125 0.3227583828125 0.251536303125 0.17516194375 0.0718261578125 0.17725306093749998 0.0709674671875 0.3248495 0.2506776125 0.3227583828125
20 0.32782800624999997 0.1141744203125 0.3283923515625 0.017171453125 0.20114597500000003 0.0186520984375 0.20058162968749998 0.11565506562500001 0.32782800624999997 0.1141744203125
20 0.000018114062499999997 0 0 0.0031135984374999997 0 0.1377354828125 0.1430935515625 0.1360704390625 0.14388518749999998 0 0.000018114062499999997 0
20 0.9011708734375 0 0.8999126015625001 0.2162787953125 0.9986807171875001 0.215129525 0.999932303125 0 0.9011708734375 0
19 0.8851241999999999 0.9896329515625 0.9941821703124999 0.988363946875 0.9947756921875 0.8863461421875 0.885717721875 0.8876151468750001 0.8851241999999999 0.9896329515625