3 0.99042553125 1 0.99042553125 0.04 0 0.04 0 1 0.99042553125 1
3 0.0045212765625 0.9888666671875 0.990212765625 0.9888666671875 0.990212765625 0.07175555624999999 0.0045212765625 0.07175555624999999 0.0045212765625 0.9888666671875
20 0.155877659375 0.9614888890625 0.34156914843749997 0.9614888890625 0.34156914843749997 0.803577778125 0.155877659375 0.803577778125 0.155877659375 0.9614888890625
20 0.6618617015625 0.8522222218750001 0.7426063828125 0.8522222218750001 0.7426063828125 0.7756888890625 0.6618617015625 0.7756888890625 0.6618617015625 0.8522222218750001
20 0.8016888296875001 0.9173333328125001 0.8694281921875 0.9173333328125001 0.8694281921875 0.7205333328125 0.8016888296875001 0.7205333328125 0.8016888296875001 0.9173333328125001
20 0.43872340468750004 0.47817777812499995 0.5403723406250001 0.47817777812499995 0.5403723406250001 0.36866666718749996 0.43872340468750004 0.36866666718749996 0.43872340468750004 0.47817777812499995
20 0.5927260640625 0.6673333328125 0.652167553125 0.6673333328125 0.652167553125 0.3870666671875 0.5927260640625 0.3870666671875 0.5927260640625 0.6673333328125
20 0.45128989375 0.7786888890625 0.5391356390625 0.7786888890625 0.5391356390625 0.6549111109375 0.45128989375 0.6549111109375 0.45128989375 0.7786888890625
20 0.5502792546874999 0.93835555625 0.6345611703125 0.93835555625 0.6345611703125 0.791422221875 0.5502792546874999 0.791422221875 0.5502792546874999 0.93835555625
20 0.2108643609375 0.6672888890625 0.247007978125 0.6672888890625 0.247007978125 0.58924444375 0.2108643609375 0.58924444375 0.2108643609375 0.6672888890625
20 0.2815957453125 0.2512666671875 0.3311702125 0.2512666671875 0.3311702125 0.17175555625 0.2815957453125 0.17175555625 0.2815957453125 0.2512666671875
20 0.29886968125 0.507622221875 0.37384308437499997 0.507622221875 0.37384308437499997 0.4002 0.29886968125 0.4002 0.29886968125 0.507622221875
20 0.3067287234375 0.7282666671875 0.37763297812499996 0.7282666671875 0.37763297812499996 0.641777778125 0.3067287234375 0.641777778125 0.3067287234375 0.7282666671875
20 0.143297871875 0.8122888890625 0.22313829843750002 0.8122888890625 0.22313829843750002 0.6811333328125 0.143297871875 0.6811333328125 0.143297871875 0.8122888890625