2 0.9198023984375 0.3669769875 0.934101246875 0.32651561875 0.882984175 0.249353134375 0.8658603078124999 0.238215640625 0.825298940625 0.226805425 0.7830568984374999 0.23568952968749998 0.7531603203125 0.271281584375 0.7405148734375 0.2961361328125 0.7402330734375 0.34457363281250003 0.7494717171875 0.36812022187500004 0.785127415625 0.41697589218750003 0.8053944640624999 0.42502475000000006 0.8600819640624999 0.425661096875 0.8820115062499999 0.416540634375 0.9198023984375 0.3669769875
2 0.8995070374999999 0.6323838109375 0.9106081640625 0.6043860796875 0.9155320124999999 0.5638156234375 0.9016331390625 0.5355269921875 0.86128085 0.48817927812499995 0.8160319828124999 0.47671451875 0.7785319828125 0.47627816718749993 0.7675581218749999 0.48240089687500004 0.7407229109375 0.5289668140625 0.7372797484375 0.5836179515625 0.7541945375 0.630692946875 0.7681752234375 0.6449190781249999 0.8055752296875 0.66254293125 0.8430752296874999 0.6629792828125 0.8712456812499999 0.655494046875 0.8995070374999999 0.6323838109375
2 0.9107343875 0.8512792609375 0.9062741453125 0.8121622171875 0.9126968625 0.7825474421874999 0.8972991218749999 0.7433031296875 0.8832820734375 0.735326996875 0.8488888921875001 0.7380520078125 0.8083366156249999 0.72507929375 0.7661127546875 0.7308383968750001 0.7408945859375 0.768047496875 0.7436287 0.835271359375 0.7528037125 0.8697554468750001 0.779220765625 0.8950645296875 0.8104616765625 0.8969906562500001 0.8512775734375 0.8646508703125001 0.9028400734375 0.8652508546875 0.9107343875 0.8512792609375
2 0.586791178125 1 0.6380594359375 0.985615709375 0.66144239375 0.9952634296875 0.6942730734375 0.9925202375 0.7146855671875 0.9755690953125 0.7132321515625 0.9568009140625 0.725813965625 0.9428838640625001 0.7275219109375 0.9179020453125 0.7199275796875 0.8803111390625 0.704448025 0.855129325 0.6670662 0.8343804734375 0.64829801875 0.837287296875 0.61239688125 0.8306191265624999 0.5857707484375 0.84124754375 0.5527491703125 0.8768032359375001 0.5556923625 0.9080895984374999 0.5415025984375 0.9298009671875 0.5398037421875 0.9532202859375 0.562977621875 0.9988055046875 0.5656843390625 1 0.586791178125 1
2 0.68927754375 0.7768225125 0.704975265625 0.764504325 0.7254877546875 0.7303656828125 0.732074096875 0.6726259078125 0.7135695375 0.6302202328125001 0.6887331640625 0.60180433125 0.65125134375 0.5982429781249999 0.6309933859375 0.5886316218750001 0.5887967953125 0.5897032249999999 0.563660440625 0.6128498234374999 0.5461820484375 0.6626498296875 0.55365820625 0.7205532359375 0.5659400375 0.7581986875 0.5830093625 0.77871118125 0.6095082296875 0.7899577640625 0.6532673203125 0.7889043421874999 0.68927754375 0.7768225125
2 0.5010866765624999 0.8933907515625 0.5278491640625 0.859324834375 0.537487784375 0.8141214234374999 0.528312771875 0.779637334375 0.5066195796875 0.7481327953125 0.464577525 0.7226419 0.41928320625 0.718989640625 0.39580934375 0.724966921875 0.359662765625 0.76048625 0.343819596875 0.7978044375 0.34207529062500003 0.82903625625 0.36829235625 0.8887203390625 0.3978253203125 0.9156282843750001 0.41812872968750003 0.917427140625 0.4603616828125 0.9101055375 0.5010866765624999 0.8933907515625
2 0.5259968140625 0.640538471875 0.5387240734375001 0.6016214234375 0.5405320125 0.5594521046875001 0.5297854109375 0.526512334375 0.49872630781250005 0.4933362078125 0.45192403125 0.48029076875000004 0.39721835 0.482779421875 0.3752615375 0.4965873828125 0.3515149640625 0.5494396625 0.3527774828125 0.60102034375 0.37437068125 0.6497123828125 0.40235023593749997 0.675039646875 0.441385465625 0.6801816796875 0.4742252359375 0.6758759875 0.5071195484375 0.6621952953125 0.5259968140625 0.640538471875
2 0.6704831328124999 0.5156486546875 0.6893422171875 0.49711683124999995 0.6942478859375 0.459671375 0.6850001515625 0.4376872875 0.6647967359375 0.4187009296875 0.6320933203125 0.39956912187500004 0.6024330906250001 0.3945361765625 0.5742626390625001 0.4020214125 0.5554308265625 0.4158657359375 0.5472910734374999 0.4720248296875 0.5533956265625 0.49709755468749994 0.5673399531250001 0.5175736875 0.59691836875 0.5366691328125001 0.6219001875 0.5400850328125 0.642339953125 0.5184463906250001 0.6704831328124999 0.5156486546875
2 0.6911693796875 0.18305433124999998 0.6600739156250001 0.1561282046875 0.602279596875 0.1523304953125 0.5834932359375 0.15836231875 0.5693125609374999 0.1785111875 0.5642250843750001 0.24720664218750002 0.584319415625 0.284943 0.6061126031249999 0.2992600390625 0.660781921875 0.3030213859375 0.6842557828125 0.2970441046875 0.7062853203125 0.27073614375 0.7096284890625 0.23327250624999998 0.6911693796875 0.18305433124999998
2 0.4106182953125 0.328237371875 0.366695578125 0.3574157953125 0.36340695312500004 0.3855044328125 0.3881615125 0.42798283281250005 0.45529447031250003 0.43813963125 0.4678126515625 0.43516008125 0.47725128437500003 0.42433166875 0.4868989953125 0.3775657578125 0.4823114890625 0.3603237140625 0.46676830156250004 0.3460794 0.4106182953125 0.328237371875
2 0.3140876875 0.5365033109375 0.32668768125000003 0.5194612609375 0.3412592421875 0.43212489375 0.3274058203125 0.3960237609375 0.29943535625 0.369133996875 0.26511489843749997 0.3593590078125 0.2166592171875 0.36192038593750003 0.1852728625 0.384994259375 0.16002742187500002 0.426890859375 0.156702434375 0.46122949531249996 0.16273426562499999 0.498802221875 0.184391096875 0.536556759375 0.20305019375 0.5523999359375 0.267085421875 0.5578328703125 0.290559284375 0.551855590625 0.3140876875 0.5365033109375
2 0.24865254375 0.7716953765625 0.27674118124999997 0.778272640625 0.28459004375 0.772113546875 0.30021504375 0.7722953593749999 0.31267868125 0.7786908109375 0.33946844062500003 0.73993739375 0.34292069375 0.68372375625 0.3383695484375 0.6602317125 0.3259968140625 0.6382112609374999 0.29021385 0.611230590625 0.249616121875 0.6060703765625 0.198035440625 0.6085953921875 0.1744343140625 0.636447671875 0.1569468328125 0.687810178125 0.156755934375 0.720622678125 0.16747526562499998 0.758249946875 0.1860889109375 0.7819056234375 0.21103436874999998 0.7915715234375 0.23606163906250002 0.787174925 0.24865254375 0.7716953765625
2 0.2841113703125 1 0.289558303125 0.992498771875 0.2961537359375 0.9331964968750001 0.27773098906250004 0.876728321875 0.2590082609375 0.8718226453125 0.2230343984375 0.8776544749999999 0.21516735625 0.88693856875 0.20714577812499999 0.9227851609375 0.203606315625 1 0.2841113703125 1
2 0 0.6473349765624999 0.003985459375 0.65790340625 0.019528645312500002 0.6721477203124999 0.052295693750000004 0.680342028125 0.11019000781249999 0.6669522375 0.1384877234375 0.6375920015625 0.15116953125000002 0.6064874515625001 0.157646790625 0.567497678125 0.1499979171875 0.5392817703125 0.122091084375 0.50145450625 0.059609265625 0.497602253125 0.0377797171875 0.48953521406249995 0.0190115375 0.49244203906250006 0.0095819953125 0.50170795 0 0.5321621109375 0 0.6473349765624999
2 0 0.41767812031249996 0.0069115125 0.4235465875 0.0349728796875 0.4348113515625 0.055285379687500004 0.43504770937500004 0.1132160546875 0.41540791875 0.14306718125 0.3876283640625 0.150979675 0.3705317703125 0.15109785 0.3502192703125 0.1436398734375 0.2891908640625 0.10796599375 0.24346019375 0.09081485624999999 0.2370101984375 0.033002356249999996 0.2363374890625 0 0.250915990625 0 0.321268728125 0.013716025000000001 0.3283068140625 0 0.3485446390625 0 0.41767812031249996
2 0.9040420843750001 0.1214644921875 0.9042057109374999 0.0933394921875 0.899572753125 0.0839099484375 0.8589841140625 0.07718723281249999 0.812272740625 0.048516793749999995 0.79507615 0.049879298437500004 0.77938751875 0.0606349859375 0.7651704828125 0.087033853125 0.7710750484375 0.146481578125 0.7819216453125 0.1622338484375 0.8068307406249999 0.17814975 0.8349375609375 0.1816020140625 0.8834205125000001 0.174353134375 0.8928591453125 0.1635247234375 0.9040420843750001 0.1214644921875
2 0.532067090625 0.134324834375 0.544885253125 0.0797827859375 0.5325216078125 0.056199834375 0.5091022890625 0.0528021140625 0.49980910312500004 0.0386305265625 0.48112273437499997 0.027474850000000002 0.44829205468750005 0.0302180421875 0.387054571875 0.0810714703125 0.38207618125 0.1310169265625 0.397592096875 0.14994874062500002 0.41473414531249997 0.157961234375 0.44598414531249997 0.1583248609375 0.4866636875 0.1494225765625 0.5084841453125 0.1590521140625 0.532067090625 0.134324834375