11 0.962469809375 0.2837972078125 0.9645913828125 0.1926457875 0.8334677859375 0.189593853125 0.8313462125 0.2807452734375 0.962469809375 0.2837972078125
11 0.7103771484375 0.4876725875 0.7150057671875001 0.288808234375 0.5903990265625 0.28590798125 0.5857704078125 0.484772334375 0.7103771484375 0.4876725875
11 0.9793079656250001 0.599785865625 0.98168285 0.497751165625 0.826379478125 0.494136440625 0.82400459375 0.596171140625 0.9793079656250001 0.599785865625
11 0.280392740625 0.162075734375 0.2827066828125 0.0626593296875 0.1043920765625 0.058509010937499994 0.10207813437499999 0.157925415625 0.280392740625 0.162075734375
9 0.872537125 0.654587284375 0.8849423984375001 0.1216062125 0.7161109375 0.1176766171875 0.7037056640625 0.6506576890625 0.872537125 0.654587284375
9 0.70318920625 0.6486966625 0.706625428125 0.5010625937500001 0.1746479 0.48868067968749995 0.171211678125 0.6363147484375 0.70318920625 0.6486966625
9 0 0.5527125125000001 0.238310978125 0.5582592609375 0.24574070468749998 0.23904790468749998 0 0.2333282265625 0 0.5527125125000001
9 0.5065375546875 0.92281145 0.5104983859375001 0.7526379484375 0.0165208578125 0.74114049375 0.012560026562500002 0.9113139953125 0.5065375546875 0.92281145
9 0.6657318437499999 0.99447940625 0.669014609375 0.8534383953125 0.45276741718749997 0.8484051859375 0.44948465156250006 0.9894461968750001 0.6657318437499999 0.99447940625
9 0.255763990625 0.9975624296875001 0.257985053125 0.9021365625 0.0959176375 0.8983644015625 0.093696575 0.99379026875 0.255763990625 0.9975624296875001
9 0.8451519218750001 0.12181634062499999 0.8470708453125001 0.039371546875 0.7124641031250001 0.036238539062500005 0.7105451796875 0.11868333281250001 0.8451519218750001 0.12181634062499999