3 0.7698218531250001 1 0.7698218531250001 0.2646516390625 0.2280403796875 0.2646516390625 0.2280403796875 1 0.7698218531250001 1
19 0 0 0 0.14336065625 1 0.14336065625 1 0 0 0
19 0 0.2979713109375 0.15581947812500002 0.2979713109375 0.15581947812500002 0.1417008203125 0 0.1417008203125 0 0.2979713109375
19 1 0.1709631140625 0.8693586703125 0.1709631140625 0.8693586703125 0.3682172125 1 0.3682172125 1 0.1709631140625
19 1 0.364180328125 0.9236579578124999 0.364180328125 0.9236579578124999 1 1 1 1 0.364180328125
11 0.00375296875 0.9579713109375 0.128171021875 0.9579713109375 0.128171021875 0.297438525 0.00375296875 0.297438525 0.00375296875 0.9579713109375
11 0.1553562953125 0.3629508203125 0.28744655625000004 0.3629508203125 0.28744655625000004 0.2239344265625 0.1553562953125 0.2239344265625 0.1553562953125 0.3629508203125
11 0.8145368171875 0.9414959015625 0.9317339671875 0.9414959015625 0.9317339671875 0.55604508125 0.8145368171875 0.55604508125 0.8145368171875 0.9414959015625
19 0 0 0 0.1462295078125 1 0.1462295078125 1 0 0 0
19 0 0.31348360625 0.17554631874999999 0.31348360625 0.17554631874999999 0.1468442625 0 0.1468442625 0 0.31348360625
19 0.8050950125 0.279180328125 0.9999881234375 0.279180328125 0.9999881234375 0.141475409375 0.8050950125 0.141475409375 0.8050950125 0.279180328125
19 1 0.2915573765625 0.9169121140625001 0.2915573765625 0.9169121140625001 1 1 1 1 0.2915573765625
3 0.3919833734375 0.9868032781249999 0.8111045125 0.9868032781249999 0.8111045125 0.19508196718749998 0.3919833734375 0.19508196718749998 0.3919833734375 0.9868032781249999
3 0.174572446875 0.99967213125 0.381627078125 0.99967213125 0.381627078125 0.31836065625 0.174572446875 0.31836065625 0.174572446875 0.99967213125
20 0.33355106874999996 0 0.33355106874999996 0.1261680328125 0.4652612828125 0.1261680328125 0.4652612828125 0 0.33355106874999996 0
20 0.2251068890625 0.2151229515625 0.4673871734375 0.2151229515625 0.4673871734375 0.13782786875 0.2251068890625 0.13782786875 0.2251068890625 0.2151229515625
20 0.5319358671875001 0.1055942625 0.596330165625 0.1055942625 0.596330165625 0.0054713109375 0.5319358671875001 0.0054713109375 0.5319358671875001 0.1055942625
20 0.6946080765625 0.0745491796875 0.7474821859375 0.0745491796875 0.7474821859375 0.0009426234375000001 0.6946080765625 0.0009426234375000001 0.6946080765625 0.0745491796875
20 0.780593825 0.12016393437499999 0.8806888359375 0.12016393437499999 0.8806888359375 0.0009016390625 0.780593825 0.0009016390625 0.780593825 0.12016393437499999
20 0.821579571875 0.27174180312499996 0.9113420421875 0.27174180312499996 0.9113420421875 0.1309631140625 0.821579571875 0.1309631140625 0.821579571875 0.27174180312499996
20 0.8960332546875 0.5090983609374999 0.9691923984375 0.5090983609374999 0.9691923984375 0.354180328125 0.8960332546875 0.354180328125 0.8960332546875 0.5090983609374999
20 0.4505344421875 0.9840368859374999 0.590130640625 0.9840368859374999 0.590130640625 0.84604508125 0.4505344421875 0.84604508125 0.4505344421875 0.9840368859374999
20 0.2764133015625 0.7705327875 0.31902612812500003 0.7705327875 0.31902612812500003 0.684959015625 0.2764133015625 0.684959015625 0.2764133015625 0.7705327875
20 0.4002850359375 0.547725409375 0.4341092640625 0.547725409375 0.4341092640625 0.465881146875 0.4002850359375 0.465881146875 0.4002850359375 0.547725409375
20 0.544275534375 0.6611270484375 0.5950593828125 0.6611270484375 0.5950593828125 0.5942827875 0.544275534375 0.5942827875 0.544275534375 0.6611270484375
12 0.609026128125 0.5623975406249999 0.6653681703125 0.5623975406249999 0.6653681703125 0.4325204921875 0.609026128125 0.4325204921875 0.609026128125 0.5623975406249999
20 0.5171852734375 0.28600409843749997 0.5791092640625 0.28600409843749997 0.5791092640625 0.15473360625000002 0.5171852734375 0.15473360625000002 0.5171852734375 0.28600409843749997
20 0.66264845625 0.27186475468750004 0.6981116390625 0.27186475468750004 0.6981116390625 0.20788934375 0.66264845625 0.20788934375 0.66264845625 0.27186475468750004