1 0.082037134375 0.9827814078125 0.1877671625 0.9821662890624999 0.184848953125 0.8149821734374999 0.07911892499999999 0.8155972921875 0.082037134375 0.9827814078125
1 0.22007174062499998 0.9980088531250001 0.33001664375 0.9973692125 0.32782688437499996 0.8719179499999999 0.21788198125 0.872557590625 0.22007174062499998 0.9980088531250001
1 0.1271105375 0.7578573765625001 0.26217940781250004 0.75707156875 0.2593160203125 0.593028246875 0.12424715 0.5938140546875 0.1271105375 0.7578573765625001
1 0.7690211359375 0.352981034375 0.8451092906250001 0.35253836562499996 0.8437009140624999 0.2718524453125 0.7676127593750001 0.2722951140625 0.7690211359375 0.352981034375
1 0.82844884375 0.4248086875 0.944289065625 0.4241347484375 0.94307729375 0.354712365625 0.8272370718750001 0.3553863046875 0.82844884375 0.4248086875
1 0.6696574359375 0.798820934375 0.7696574359375 0.7982391515625 0.7674809078125 0.6735460093750001 0.6674809078124999 0.6741277921875 0.6696574359375 0.798820934375
1 0.793832225 0.8983974984374999 0.8644107375000001 0.8979868859375 0.8619405625000001 0.756470640625 0.79136205 0.756881253125 0.793832225 0.8983974984374999
1 0.5344140390625001 0.767510634375 0.6001991624999999 0.7671279078125 0.5983024218749999 0.6584636484375 0.5325172984375001 0.658846375 0.5344140390625001 0.767510634375
1 0.842541259375 0.8817586671875001 0.84452118125 0.9951882703124999 0.988515671875 0.9943505343749999 0.98653575 0.88092093125 0.842541259375 0.8817586671875001
1 0.22970521718749998 0.1475054421875 0.3127355203125 0.1470223859375 0.3106541453125 0.027780509375 0.2276238421875 0.028263565624999997 0.22970521718749998 0.1475054421875
1 0.7847349984374999 0.2004373109375 0.9134402328125001 0.1996885265625 0.9114426671875 0.0852480921875 0.7827374328125 0.0859968765625 0.7847349984374999 0.2004373109375
1 0.526059934375 0.1137022328125 0.6034704015625 0.11325187187500001 0.6020046796875 0.029280751562500002 0.5245942125 0.0297311125 0.526059934375 0.1137022328125
1 0.7041860359375 0.49775917812500003 0.7717342453125 0.49736619531250004 0.7705508296875 0.42956836093749995 0.7030026203124999 0.42996134374999995 0.7041860359375 0.49775917812500003
1 0.819214821875 0.5973889531250001 0.8861018734374999 0.596999815625 0.8846248093750001 0.5123788765625 0.8177377578125 0.5127680140625 0.819214821875 0.5973889531250001
1 0.8867387109375 0.6090189921875 0.957289675 0.6086085390625 0.95532235625 0.49590095781250004 0.8847713921875 0.4963114109375 0.8867387109375 0.6090189921875
1 0.25558053593749996 0.7531023328125 0.325745825 0.7526941234375 0.324241034375 0.6664847359375 0.2540757453125 0.6668929453125 0.25558053593749996 0.7531023328125
1 0.712405178125 0.9670550468749999 0.77504980625 0.966690590625 0.7738544171874999 0.8982068359375001 0.7112097890625 0.8985712921875001 0.712405178125 0.9670550468749999