1 0.6801616921875 0.25921550625 0.681620634375 0.342798271875 0.7961957984375 0.34613206875 0.79473685625 0.262549303125 0.6801616921875 0.25921550625
1 0.4777623203125 0.389141625 0.47882189375 0.4498445734375 0.59450816875 0.45321069999999997 0.5934485953124999 0.3925077515625 0.4777623203125 0.389141625
1 0.25833964531250003 0.26143550625 0.25929235156249997 0.3160160046875 0.4382139203125 0.32122209062499996 0.43726121406249996 0.2666415921875 0.25833964531250003 0.26143550625
1 0.3742698265625 0.322749809375 0.3758293046875 0.4120922125 0.43720185312500004 0.41387797187500003 0.435642375 0.32453556875 0.3742698265625 0.322749809375
1 0.185845996875 0.4168764828125 0.18687984375 0.47610550781249994 0.3078602359375 0.479625678125 0.3068263890625 0.42039665312499996 0.185845996875 0.4168764828125
1 0.214300734375 0.4901506125 0.216978365625 0.643551971875 0.3238411109375 0.646661359375 0.3211634796875 0.49326 0.214300734375 0.4901506125
1 0.0249194609375 0.29083843125 0.0258974984375 0.346870178125 0.1490020734375 0.35045215625 0.1480240359375 0.29442040937499997 0.0249194609375 0.29083843125
1 0.1384147765625 0.0442451171875 0.0007023578125 0.0402380953125 0.003268371875 0.1872448984375 0.140980790625 0.1912519203125 0.1384147765625 0.0442451171875
1 0.154549853125 0.05918570468749999 0.15524409687500001 0.098958946875 0.2307996515625 0.1011573890625 0.2301054078125 0.061384146875000004 0.154549853125 0.05918570468749999
1 0.6795338109375 0.045473640625 0.6810125453125 0.13019019375000002 0.77944391875 0.1330542546875 0.777965184375 0.0483377015625 0.6795338109375 0.045473640625
1 0.7713358515625 0.040926253125 0.77238434375 0.10099427968750001 0.8598353234375 0.10353884375 0.85878683125 0.0434708171875 0.7713358515625 0.040926253125
1 0.7273326250000001 0.1519244359375 0.729050821875 0.2503598109375 0.8964037625 0.25522928437500003 0.8946855656249999 0.15679390937499998 0.7273326250000001 0.1519244359375
1 0.5167336031249999 0.0516154625 0.5191860203124999 0.1921143296875 0.63176771875 0.1953901234375 0.6293153015625 0.05489125625 0.5167336031249999 0.0516154625
5 0.41095073125 0.152475609375 0.4502455796875 0.15815181875 0.4564253015625 0.13793383125 0.4202796859375 0.125549990625 0.40740569375 0.13650750625000002 0.41095073125 0.152475609375
1 0.43340426875000004 0.18321569375 0.43440130625 0.24033587500000003 0.5386496734375 0.2433691921875 0.5376526359375 0.1862490109375 0.43340426875000004 0.18321569375
1 0.70927615625 0.43390855000000006 0.7103610625 0.49606274531250005 0.8250015859375001 0.49939844375 0.8239166796875 0.4372442484375 0.70927615625 0.43390855000000006
1 0.8262859609375001 0.43731318750000003 0.8273961984374999 0.5009186296875 0.9320693999999999 0.5039643093749999 0.9309591625 0.4403588671875 0.8262859609375001 0.43731318750000003
1 1 0.406150328125 0.9510292781249999 0.40472542499999997 0.9534298437500001 0.54225376875 1 0.543608821875 1 0.406150328125
1 0.4487287078125 0.46328140468749995 0.45007919999999996 0.5406510203125 0.5339680890625 0.5430919375000001 0.532617596875 0.46572232187499996 0.4487287078125 0.46328140468749995
1 1 0.74300863125 0.9088729343749999 0.7403571046875 0.910780325 0.84963148125 1 0.852227509375 1 0.74300863125
1 0.8169397937499999 0.8590263578125 0.8182962234375 0.9367361093750001 0.9631981843749999 0.9409523265624999 0.9618417546875 0.8632425749999999 0.8169397937499999 0.8590263578125
1 0.3372409984375 0.7762373124999999 0.338914071875 0.8720876515624999 0.5157768171875 0.8772338312500001 0.51410374375 0.7813834921875 0.3372409984375 0.7762373124999999
1 0.19324778125 0.7829150312500001 0.195793609375 0.9287653718750001 0.292264196875 0.9315723796875 0.28971836875 0.7857220390624999 0.19324778125 0.7829150312500001
1 0.699701253125 0.602059103125 0.7009330031250001 0.6726259953125 0.90380881875 0.678529078125 0.90257706875 0.6079621859375 0.699701253125 0.602059103125
1 0.815464590625 1 0.81357105625 0.8915194859375 0.6796168078125 0.887621815625 0.6815783765625001 1 0.815464590625 1
1 0.5421344828125 0.9089600875 0.5434149171875 0.9823160968750001 0.6742645890625 0.9861234328125 0.6729841546875 0.9127674234375001 0.5421344828125 0.9089600875
1 0.4630946265625 1 0.4619074546875 0.93198698125 0.155992421875 0.9230857625000001 0.157334965625 1 0.4630946265625 1
1 0.012167796875000001 0.6961569375 0.016769046875 0.9597623796875 0.14667100625 0.963542140625 0.14206975625 0.6999366984375001 0.012167796875000001 0.6961569375
1 0.0744862859375 0.5603304125 0.076053284375 0.6501036546875001 0.2091251796875 0.6539756515625 0.20755818124999997 0.564202409375 0.0744862859375 0.5603304125
5 0.5248497078125001 0.5025523015625 0.54776510625 0.5054854921875 0.56689798125 0.47884513906250004 0.5340599203124999 0.468823959375 0.521185928125 0.47978147499999996 0.5248497078125001 0.5025523015625