2 0.8667634859375 0.39623656406249996 0.8791744093749999 0.44091569843749995 0.8937832328124999 0.4634019453125 0.9103682843750001 0.47321911875 0.9492454171875 0.4643700421875 0.9648148046875 0.44558644999999997 0.9692844953125 0.398026075 0.9915765734375 0.379359828125 0.9842076687500001 0.3347687015625 0.9850204546875 0.2998480671875 0.9940149328125001 0.2745979234375 0.99600995625 0.18888363749999998 0.9843191390625 0.18550367968749998 0.9283397265625 0.20675780625 0.897127059375 0.24749959375000002 0.8793597703125 0.2884760734375 0.8663389390624999 0.3422389734375 0.8667634859375 0.39623656406249996
16 0.9763766328125 0.3822704046875 0.9769677515625 0.356873578125 0.96381793125 0.343940475 0.9416736328124999 0.3562575171875 0.9477313140625 0.38494629062499996 0.9677516015625001 0.39164753281250003 0.9763766328125 0.3822704046875
2 0.6842727984375 0.218377065625 0.6830166734375 0.2723453203125 0.696591040625 0.3392760125 0.7164635500000001 0.352326459375 0.725882575 0.3810739078125 0.7392540640624999 0.38448319999999997 0.7722951828125 0.33742154062499996 0.8359390609374999 0.34806012656249996 0.863199265625 0.33265649062499997 0.884919015625 0.2663418609375 0.888594709375 0.1806569109375 0.87816001875 0.12330870000000001 0.8469661421874999 0.0910052796875 0.79946398125 0.10923148281249999 0.7186439328125 0.11417255 0.6956129578125 0.1645848296875 0.6842727984375 0.218377065625
2 0.7757116265625 0.40735081875 0.744351178125 0.4544418140625 0.7262883312499999 0.5081167062499999 0.7234993125 0.5557064171875 0.746418815625 0.654559159375 0.7943455265625 0.6903305453125 0.8239514109374999 0.6463848171875 0.8243947484374999 0.6273371984375 0.812777821875 0.6207826375 0.8327430109374999 0.5576132734375 0.8359753671875 0.49097594375 0.827147459375 0.436831671875 0.8289947015625 0.3574665921875 0.794143921875 0.3378029109375 0.7773372000000001 0.33750954843750003 0.7685643890625 0.3532358828125 0.766440378125 0.37225416718750004 0.7757116265625 0.40735081875
16 0.7728862999999999 0.312024715625 0.7883817984375 0.2964157265625 0.7910230375 0.2551752203125 0.7828413453125 0.2455047296875 0.7693220765625 0.2484446421875 0.7622299390625 0.264200315625 0.7615649328125 0.29277174375000004 0.7728862999999999 0.312024715625
16 0.726140553125 0.5144659125000001 0.7286340109375 0.4795746140625 0.7154841921874999 0.4666415125 0.6966273484375 0.48219182812500005 0.69566678125 0.52346166875 0.71744163125 0.52701764375 0.726140553125 0.5144659125000001
16 0.7154478828124999 0.3237256953125 0.7018547265625 0.3298402125 0.7097408609375 0.352209115625 0.7199726734375 0.34603592656250004 0.7154478828124999 0.3237256953125
16 0.6928239406250001 0.21217454062500002 0.6858056921875 0.224755609375 0.686895246875 0.2501817703125 0.693765715625 0.24394990781249998 0.6928239406250001 0.21217454062500002
16 0.882903928125 0.7141075890625 0.8818882640625001 0.685506825 0.8722475671875 0.6662831875 0.8500293796875 0.6817748328125 0.8495121515624999 0.7039970546875 0.8656538656249999 0.7328618453125 0.882903928125 0.7141075890625
16 0.7559668312500001 0.7500026078124999 0.744497684375 0.7370988421875 0.7290760749999999 0.749533228125 0.7265087265625 0.78759913125 0.7500381375 0.7880098390625 0.7559668312500001 0.7500026078124999
16 0.6983255374999999 0.6981821890625 0.6986949859375 0.6823091734375 0.685545165625 0.669376071875 0.6683689953124999 0.684955725 0.667556209375 0.7198763593749999 0.6773446828125 0.7327507890625 0.6983255374999999 0.6981821890625
2 0.20941775312500002 0.32124469218749996 0.21050730624999997 0.346670853125 0.22971480781250003 0.38829273125 0.26646792812500003 0.3984619375 0.292767565625 0.42432814218750003 0.3467707484375 0.41574309375 0.36849049843750004 0.3494284609375 0.3522936859375 0.25069306406249997 0.327970278125 0.2121577828125 0.2845683578125 0.198696628125 0.2525616953125 0.20131384218749998 0.223325259375 0.22938655468750002 0.2271111515625 0.2834428171875 0.20941775312500002 0.32124469218749996
16 0.23966985312500003 0.3217727453125 0.2422372015625 0.28370684375 0.2374168546875 0.274095025 0.2235281375 0.2929079546875 0.224543803125 0.32150871875 0.231044821875 0.3311498734375 0.23966985312500003 0.3217727453125
2 0 0.46685625937499997 0.0765331703125 0.46819215156249994 0.08706054375 0.4493205484375 0.09660983125 0.25575776562499997 0.0663026328125 0.18535910625000002 0.011283784375 0.1653433921875 0 0.16514643281250002 0 0.2153688953125 0.0208505921875 0.18774163125 0.023990265625 0.19732411249999998 0 0.2329342546875 0 0.46685625937499997
16 0.06430761093750001 0.27107339218750004 0.048886 0.283507778125 0.065397165625 0.296499553125 0.07080863125 0.28071454687499997 0.06430761093750001 0.27107339218750004
16 0.066154853125 0.1917083125 0.0562924875 0.18200848593750002 0.042847109375 0.18177379531249999 0.0340743 0.19750013125000002 0.06242405937499999 0.20752265625000002 0.066154853125 0.1917083125
16 0.1761724796875 0.5937911859375 0.1681385671875 0.5777714890625 0.1495772828125 0.58062339375 0.14555093125000002 0.60913615 0.1689325625 0.6158960625 0.1761724796875 0.5937911859375
2 0.48859633437500005 1 0.499783265625 0.9932505562499999 0.5254554796875001 0.9015977718749999 0.5415608875 0.787546746875 0.5420781156250001 0.765324525 0.5306089671875001 0.7524207578125 0.46214474375 0.732170353125 0.438541440625 0.7349342484375 0.42618561875000005 0.7601257218749999 0.420459803125 0.86165435 0.42519608125 1 0.48859633437500005 1