20 0.0164229765625 0.1826534296875 0.106866840625 0.1826534296875 0.106866840625 0.050198556250000005 0.0164229765625 0.050198556250000005 0.0164229765625 0.1826534296875
20 0.3235248046875 0.325722021875 0.4867624015625 0.325722021875 0.4867624015625 0.0450361015625 0.3235248046875 0.0450361015625 0.3235248046875 0.325722021875
20 0.4963185375 0.1014981953125 0.558355090625 0.1014981953125 0.558355090625 0.012364620312500001 0.4963185375 0.012364620312500001 0.4963185375 0.1014981953125
20 0.12377284531249999 0 0.12377284531249999 0.1034657046875 0.2029112265625 0.1034657046875 0.2029112265625 0 0.12377284531249999 0
20 0.63310705 0 0.63310705 0.3752346578125 0.9850130546875 0.3752346578125 0.9850130546875 0 0.63310705 0
20 0.5000652734375 0.34909747343749997 0.623015665625 0.34909747343749997 0.623015665625 0.23068592031250001 0.5000652734375 0.23068592031250001 0.5000652734375 0.34909747343749997
20 0.0027415140625 0.9999819499999999 0.377362925 0.9999819499999999 0.377362925 0.509187725 0.0027415140625 0.509187725 0.0027415140625 0.9999819499999999
20 0.4292036546875 0.80855595625 0.5106396859375 0.80855595625 0.5106396859375 0.5779422375000001 0.4292036546875 0.5779422375000001 0.4292036546875 0.80855595625
20 0.5721671015625 0.5623465703125 0.679686684375 0.5623465703125 0.679686684375 0.43700360937499994 0.5721671015625 0.43700360937499994 0.5721671015625 0.5623465703125
20 0.6430548296875 0.880108303125 0.8418015671875001 0.880108303125 0.8418015671875001 0.56935018125 0.6430548296875 0.56935018125 0.6430548296875 0.880108303125
20 0.5187206265625 0.9999819499999999 0.6399216703125 0.9999819499999999 0.6399216703125 0.744711190625 0.5187206265625 0.744711190625 0.5187206265625 0.9999819499999999
20 0.7652088765625 1 0.7652088765625 0.8496028875 0.6567232375 0.8496028875 0.6567232375 1 0.7652088765625 1
20 0.850665796875 0.6366245484374999 0.9999869453124999 0.6366245484374999 0.9999869453124999 0.42323104687499996 0.850665796875 0.42323104687499996 0.850665796875 0.6366245484374999
20 0.9362793734375 1 0.9362793734375 0.8771119140625 0.8332767625 0.8771119140625 0.8332767625 1 0.9362793734375 1
3 1 0.6329602890625 0.8407310703125 0.6329602890625 0.8407310703125 0.859458484375 1 0.859458484375 1 0.6329602890625
3 0.015169712499999998 0.5045487359374999 0.309738903125 0.5045487359374999 0.309738903125 0.1963176890625 0.015169712499999998 0.1963176890625 0.015169712499999998 0.5045487359374999
3 0.3359268921875 0.569187725 0.5692950390625 0.569187725 0.5692950390625 0.35102888125 0.3359268921875 0.35102888125 0.3359268921875 0.569187725
3 0.6442950390625 0.5692238265625 0.8457832890624999 0.5692238265625 0.8457832890624999 0.3837003609375 0.6442950390625 0.3837003609375 0.6442950390625 0.5692238265625
3 0.5037859015625 0.245938628125 0.6498433421875001 0.245938628125 0.6498433421875001 0.1069133578125 0.5037859015625 0.1069133578125 0.5037859015625 0.245938628125
3 0.1954438640625 0.20054151562500003 0.310718015625 0.20054151562500003 0.310718015625 0.0037906140625000003 0.1954438640625 0.0037906140625000003 0.1954438640625 0.20054151562500003
3 0.5086292421875 1 0.5086292421875 0.8220938625 0.3968537859375 0.8220938625 0.3968537859375 1 0.5086292421875 1
3 0.5236945171875 0.7549277984375 0.63792428125 0.7549277984375 0.63792428125 0.5745306859375 0.5236945171875 0.5745306859375 0.5236945171875 0.7549277984375