4 0.2904967953125 0.594540815625 0.7528365390625 0.594540815625 0.7528365390625 0.32437074843749997 0.2904967953125 0.32437074843749997 0.2904967953125 0.594540815625
4 0.196025640625 0.2951530609375 0.3305128203125 0.2951530609375 0.3305128203125 0.1525340140625 0.196025640625 0.1525340140625 0.196025640625 0.2951530609375
4 0.40519230781250004 0.249319728125 0.5355769234375 0.249319728125 0.5355769234375 0.1238775515625 0.40519230781250004 0.1238775515625 0.40519230781250004 0.249319728125
3 0.0037179484375 0.664727890625 0.2859615390625 0.664727890625 0.2859615390625 0.29751700625 0.0037179484375 0.29751700625 0.0037179484375 0.664727890625
3 0.507259615625 1 0.507259615625 0.66095238125 0.27530448750000003 0.66095238125 0.27530448750000003 1 0.507259615625 1
3 0 0.99998299375 0.29 0.99998299375 0.29 0.9026020406249999 0 0.9026020406249999 0 0.99998299375
4 0.651474359375 0.9584183671875 0.7528205125 0.9584183671875 0.7528205125 0.8453231296875 0.651474359375 0.8453231296875 0.651474359375 0.9584183671875
19 0.6616025640625 0 0.6616025640625 0.2636054421875 1 0.2636054421875 1 0 0.6616025640625 0
20 1 0.270680271875 0.793205128125 0.270680271875 0.793205128125 0.6991156468749999 1 0.6991156468749999 1 0.270680271875
20 0.06277243593750001 0 0.06277243593750001 0.141836734375 0.43844551249999997 0.141836734375 0.43844551249999997 0 0.06277243593750001 0
20 0.000016025 0.2965816328125 0.19286858906249998 0.2965816328125 0.19286858906249998 0.1632823125 0.000016025 0.1632823125 0.000016025 0.2965816328125
20 0.0037019234375 0.938350340625 0.2670673078125 0.938350340625 0.2670673078125 0.6573639453125 0.0037019234375 0.6573639453125 0.0037019234375 0.938350340625
20 0.5722115390625 0.8738775515625001 0.7285576921875 0.8738775515625001 0.7285576921875 0.72 0.5722115390625 0.72 0.5722115390625 0.8738775515625001
20 0.56798076875 1 0.56798076875 0.8829251703125 0.4220833328125 0.8829251703125 0.4220833328125 1 0.56798076875 1
20 0.547724359375 0.7218197281250001 0.717275640625 0.7218197281250001 0.717275640625 0.5530102046875001 0.547724359375 0.5530102046875001 0.547724359375 0.7218197281250001
20 0.7493429484374999 0.9956462578125 0.8351442312499999 0.9956462578125 0.8351442312499999 0.8274149656249999 0.7493429484374999 0.8274149656249999 0.7493429484374999 0.9956462578125
20 0.7071474359375001 0.6045918375 0.7879166671875 0.6045918375 0.7879166671875 0.4371768703125 0.7071474359375001 0.4371768703125 0.7071474359375001 0.6045918375
20 0.2873237171875 0.3154251703125 0.4625480765625 0.3154251703125 0.4625480765625 0.18770408125 0.2873237171875 0.18770408125 0.2873237171875 0.3154251703125
20 0.5097916671875 0.2034693875 0.6489262828125 0.2034693875 0.6489262828125 0.0880952375 0.5097916671875 0.0880952375 0.5097916671875 0.2034693875
20 0.6734134609375 0.2421428578125 0.7757532046875 0.2421428578125 0.7757532046875 0.0934353734375 0.6734134609375 0.0934353734375 0.6734134609375 0.2421428578125