14 0 0.7869465375 0.061047050000000005 0.7792968734375 0.07863340625000001 0.7470703140625 0 0.7479052203125 0 0.7869465375
14 0.5018374203125 0.4814453140625 0.53914573125 0.4365234375 0.5180155265625 0.3984375015625 0.48020766249999997 0.4091796859375 0.44903389374999997 0.46875 0.4561680484375 0.4960937515625 0.5018374203125 0.4814453140625
14 0.5401908015625 0.447265625 0.5626388359375001 0.484375 0.593903021875 0.4765624984375 0.6112166218749999 0.4560546859375 0.6015377281250001 0.4267578125 0.5643208375000001 0.412109375 0.53950940625 0.4208984375 0.5401908015625 0.447265625
14 0.5830876453125 0.4960937515625 0.5409626203125 0.525390625 0.5870406296875 0.5488281265625 0.6221673828125 0.5419921875 0.6202590781249999 0.5126953140625 0.5830876453125 0.4960937515625
14 0.5482331546875 0.546875 0.516287071875 0.583984375 0.5651371171874999 0.599609375 0.5954926125 0.5751953140625 0.576588925 0.552734375 0.5482331546875 0.546875
14 0.4899300234375 0.6591796859375 0.501154534375 0.6220703140625 0.48220539218749997 0.6015624984375 0.4306742296875 0.5898437515625 0.4222672140625 0.6171875015625 0.45503056875 0.65625 0.4899300234375 0.6591796859375
14 0.5638682296875 0.208984375 0.59458690625 0.224609375 0.6617956171875 0.2304687515625 0.679291053125 0.2021484375 0.6628866453125 0.1835937515625 0.6163995 0.177734375 0.585135309375 0.1855468734375 0.5638682296875 0.208984375
14 0.661382503125 0.693359375 0.6475677953125001 0.7304687515625 0.6653354874999999 0.7460937515625 0.7042338828125 0.744140625 0.7224112125000001 0.6865234375 0.661382503125 0.693359375
14 0.7070553562499999 0.2890624984375 0.7170529625000001 0.2490234375 0.7046474984375 0.2255859390625 0.6591599640625 0.2324218734375 0.650707484375 0.2617187515625 0.6682478796875 0.287109375 0.7070553562499999 0.2890624984375
14 0.683652678125 0.2929687515625 0.6703380218749999 0.3085937515625 0.7259585421875 0.3671875015625 0.7716279187499999 0.3525390609375 0.7172343031249999 0.296875 0.683652678125 0.2929687515625
14 0.318754775 0.11230468593750001 0.2682686890625 0.11132812656249999 0.256862334375 0.15625 0.2800377203125 0.162109375 0.318754775 0.11230468593750001
11 0.7688914484375 0.2753559875 0.7669232203125 0.35991909375 0.8768373828125 0.35991909375 0.8788056109375001 0.2753559875 0.7688914484375 0.2753559875
9 0.293532853125 0.717637540625 0.2892815390625 0.9002912625 0.5852901234375001 0.9002912625 0.5895414375 0.717637540625 0.293532853125 0.717637540625
9 0.1003260953125 0.287475728125 0.0961802375 0.46559870625000005 0.457682384375 0.46559870625000005 0.46182824218749996 0.287475728125 0.1003260953125 0.287475728125
9 0.05854360937500001 0.482993528125 0.0530486890625 0.7190776703124999 0.2389714359375 0.7190776703124999 0.24446635625000002 0.482993528125 0.05854360937500001 0.482993528125