17 0.24085286250000001 0.29539451875 0.15512470625000002 0.2958932703125 0.1554600625 0.353536128125 0.24118821875 0.3530373765625 0.24085286250000001 0.29539451875
17 0.23962795468750003 0.41862010156249996 0.0320551390625 0.41982772500000004 0.0326130265625 0.5157205828125 0.2401858421875 0.514512959375 0.23962795468750003 0.41862010156249996
17 0.7016867609374999 0.56330298125 0.591128509375 0.5639461906250001 0.5915229796875 0.6317497609375 0.70208123125 0.6311065515625 0.7016867609374999 0.56330298125
7 0.12224096874999998 0.8434245359375 0.1231479265625 0.99931739375 0.4236333640625 0.9975692203125 0.42272640624999996 0.8416763625 0.12224096874999998 0.8434245359375
17 0.3751705046875 0.8031392203125 0.3032773 0.8035574828125001 0.30354730937499996 0.8499681984375 0.3754405140625 0.8495499359375 0.3751705046875 0.8031392203125
17 0.48647821406249997 0.67681775625 0.3970607390625 0.677337971875 0.3973013484375 0.7186951140625 0.4867188234375 0.7181748984375 0.48647821406249997 0.67681775625
17 0.45693052500000003 0.61079991875 0.306712078125 0.6116738640625 0.307361078125 0.7232274359375 0.457579525 0.722353490625 0.45693052500000003 0.61079991875
7 0.670951659375 0.829303290625 0.6719221984375 0.99612471875 0.8440823921874999 0.9951231187499999 0.843111853125 0.8283016906249999 0.670951659375 0.829303290625
17 0.8131188484375 0.7712688921875 0.7324149656250001 0.7717384125 0.7328088125 0.839434840625 0.8135126953125 0.8389653203125 0.8131188484375 0.7712688921875
17 0.5983133671875 0.1717929046875 0.44537647500000005 0.172682665625 0.4461878546875 0.31214695 0.5991247468750001 0.3112571890625 0.5983133671875 0.1717929046875
17 0.5671902484375 0.304344525 0.350466946875 0.305605384375 0.35109329843750003 0.41326609843749995 0.5678166 0.41200523906250003 0.5671902484375 0.304344525
17 0.7223810125 0.3612650375 0.627550915625 0.36181674375 0.6280827265625 0.45322745781249996 0.7229128234375 0.45267575156250006 0.7223810125 0.3612650375
17 0.9489686703125001 0.16557413906250001 0.7061288640625001 0.1669869390625 0.70690221875 0.2999155109375 0.9497420249999999 0.29850271093749997 0.9489686703125001 0.16557413906250001
7 0.35148290000000004 0.14854951562500002 0.0457062 0.150328471875 0.046466881249999994 0.281078471875 0.35224358125 0.279299515625 0.35148290000000004 0.14854951562500002
7 0.273468575 0.561249484375 0.06788605 0.562445528125 0.0691665953125 0.782552671875 0.2747491203125 0.781356628125 0.273468575 0.561249484375
7 1 0.692812959375 0.8250959312499999 0.6938305203125 0.8262241734375 0.8877590921875 1 0.88674809375 1 0.692812959375
7 1 0.40181203906249996 0.8382330906250001 0.40275317031249996 0.8391565671875 0.5614853125 1 0.560549553125 1 0.40181203906249996
7 0.5018742171875 0.0021607109375 0.0662916921875 0.00469485625 0.067219325 0.164141284375 0.50280185 0.1616071390625 0.5018742171875 0.0021607109375
7 0.5610460171875 0.43103634375000005 0.42803630937500003 0.4318101703125 0.42847991875 0.5080601703125 0.5614896265625 0.5072863437499999 0.5610460171875 0.43103634375000005
7 0.704888815625 0.6860474359375 0.61246163125 0.6865851609375 0.6128782296875 0.758192303125 0.7053054140625 0.757654578125 0.704888815625 0.6860474359375
7 0.7040103890625 0.762439059375 0.622772525 0.7629116875 0.6231568125 0.8289652593750001 0.7043946765625 0.82849263125 0.7040103890625 0.762439059375
7 0.6793971765625 0.8353257890625001 0.6100282453125 0.835729365625 0.6104747640625 0.9124793656250001 0.6798436953125 0.9120757890625001 0.6793971765625 0.8353257890625001
7 0.5089253859375 0.763565103125 0.40688655156250003 0.764158746875 0.4076264546875 0.89133731875 0.5096652890625 0.8907436750000001 0.5089253859375 0.763565103125
17 0.333236134375 0.5167752734375 0.2523623484375 0.5172457828125 0.252728040625 0.5801029265625 0.3336018265625 0.5796324171875 0.333236134375 0.5167752734375
17 0.46304896875 0.4942782375 0.372490715625 0.494805090625 0.373120184375 0.60300151875 0.46367843750000004 0.602474665625 0.46304896875 0.4942782375