2 0.3892617453125 0.5601851859375 0.39429530156250003 0.571759259375 0.411073825 0.578703703125 0.4815436234375 0.578703703125 0.5033557046875 0.5995370375 0.5436241609375 0.5925925921874999 0.5570469796874999 0.578703703125 0.5654362421875 0.553240740625 0.5771812078125 0.4768518515625 0.57550335625 0.4375 0.5436241609375 0.3796296296875 0.47147650937499996 0.3634259265625 0.4496644296875 0.3726851859375 0.42449664374999996 0.40277777812500004 0.42449664374999996 0.4421296296875 0.39261745000000003 0.516203703125 0.3892617453125 0.5601851859375
16 0.46812080468749995 0.54398148125 0.44127516718750004 0.5231481484375 0.42281879218749996 0.546296296875 0.42281879218749996 0.5694444437499999 0.43120805312500005 0.5763888890625 0.4731543625 0.571759259375 0.46812080468749995 0.54398148125
2 0.3473154359375 0.5416666671875 0.3624161078125 0.5370370375 0.37080536875000003 0.5231481484375 0.37080536875000003 0.5 0.3959731546875 0.4143518515625 0.39765100625 0.3773148140625 0.3825503359375 0.3611111109375 0.337248321875 0.35648148125 0.29026845625000003 0.365740740625 0.248322146875 0.41898148125 0.25 0.48148148125 0.28523489999999996 0.534722221875 0.3473154359375 0.5416666671875
2 0.6308724828125001 0.7013888890625 0.7197986578125 0.6851851859375 0.748322146875 0.6481481484375 0.7399328859375001 0.5879629625 0.70134228125 0.5 0.6526845640625 0.4861111109375 0.6124161078125 0.5324074078125001 0.5822147656250001 0.5949074078125001 0.60234899375 0.678240740625 0.614093959375 0.696759259375 0.6308724828125001 0.7013888890625
2 0.47651006718750005 0.8518518515625001 0.501677853125 0.8611111109375 0.5453020140625 0.858796296875 0.5704697984375 0.840277778125 0.5855704703125 0.8171296296874999 0.5973154359375 0.7106481484375 0.5738255031249999 0.6736111109375 0.54026845625 0.6574074078125001 0.4916107375 0.6620370375 0.4093959734375 0.70601851875 0.458053690625 0.7916666671875 0.4630872484375 0.8263888890625 0.47651006718750005 0.8518518515625001
2 0.654362415625 0.9375 0.6979865765625 0.9351851859375 0.748322146875 0.91898148125 0.7667785234375 0.8680555562500001 0.7667785234375 0.7986111109375 0.7416107375000001 0.7731481484375 0.654362415625 0.7731481484375 0.6057046984375 0.7870370375 0.588926175 0.8680555562500001 0.59395973125 0.89351851875 0.6191275171874999 0.91898148125 0.654362415625 0.9375
2 0.4563758390625 1 0.479865771875 0.9675925921875 0.4815436234375 0.8981481484374999 0.453020134375 0.8333333328125001 0.411073825 0.7916666671875 0.38087248281249997 0.7800925921874999 0.3355704703125 0.8055555562500001 0.3070469796875 0.840277778125 0.3020134234375 0.8726851859375 0.31208053750000003 0.902777778125 0.31375838906250003 0.9606481484374999 0.3355704703125 1 0.3607382546875 1 0.36912751718750003 0.972222221875 0.385906040625 0.9699074078125 0.42449664374999996 0.9884259265625 0.42785234843750003 1 0.4563758390625 1
2 0.25 0.9351851859375 0.2818791953125 0.8981481484374999 0.2802013421875 0.8680555562500001 0.2583892625 0.847222221875 0.2231543625 0.83101851875 0.1929530203125 0.83101851875 0.1459731546875 0.8819444437499999 0.14765100625 0.902777778125 0.1778523484375 0.9606481484374999 0.21476510000000001 0.9375 0.25 0.9351851859375
2 0.6157718125 1 0.609060403125 0.946759259375 0.595637584375 0.91898148125 0.5805369125000001 0.9166666671874999 0.5805369125000001 0.9074074078125 0.5922818796875 0.902777778125 0.5906040265625 0.884259259375 0.5721476515624999 0.8449074078125 0.5587248328125 0.8449074078125 0.5436241609375 0.8611111109375 0.498322146875 0.8819444437499999 0.48825503281250004 0.8958333328125001 0.48322147656250003 0.95601851875 0.4949664421875 1 0.6157718125 1
2 1 0.44444444375 0.9848993281249999 0.4143518515625 0.9731543625000001 0.41203703750000004 0.9496644296874999 0.4513888890625 0.90604026875 0.45601851875 0.9026845640625 0.4675925921875 0.9110738250000001 0.48842592656250006 0.8942953015624999 0.4861111109375 0.8942953015624999 0.46527777812500004 0.885906040625 0.4606481484375 0.8842281875 0.48148148125 0.85738255 0.5486111109375 0.8590604031250001 0.571759259375 0.9010067109375001 0.70601851875 0.9026845640625 0.7523148140625 0.9748322140625 0.7361111109375 1 0.7129629625 1 0.597222221875 0.9899328859375001 0.578703703125 1 0.5578703703125 1 0.44444444375
2 0 0.4421296296875 0.0100671140625 0.45601851875 0.0100671140625 0.47453703750000004 0 0.5324074078125001 0.0117449671875 0.546296296875 0.073825503125 0.5578703703125 0.0906040265625 0.5069444437499999 0.08557047031250001 0.4421296296875 0.06711409375 0.3773148140625 0.04865771875 0.36805555624999997 0 0.3773148140625 0 0.4421296296875
2 0.001677853125 0.3773148140625 0.041946309375000004 0.375 0.06543624218750001 0.3518518515625 0.0788590609375 0.296296296875 0.0788590609375 0.2523148140625 0.0637583890625 0.222222221875 0.04865771875 0.2175925921875 0.0117449671875 0.22453703749999998 0.005033557812500001 0.23379629687499998 0.0100671140625 0.25694444375000003 0 0.2731481484375 0.001677853125 0.3773148140625