3 0.686099184375 0.476067325 0.680876340625 0.25167270625 0.4819520375 0.2574608125 0.48717488124999997 0.48185543124999997 0.686099184375 0.476067325
3 0.504927365625 0.3881367953125 0.5002013390625 0.18508746874999998 0.2381694671875 0.1927118171875 0.24289549375 0.39576114375000004 0.504927365625 0.3881367953125
3 0.336467784375 0.3205230234375 0.330470490625 0.0628548625 0.042143796875 0.07124431249999999 0.048141090625 0.3289124734375 0.336467784375 0.3205230234375
3 0.6440685015625001 0.1459000953125 0.6409602640625 0.01235749375 0.42733476562500006 0.0185733609375 0.430443003125 0.15211596249999998 0.6440685015625001 0.1459000953125
3 0.845977378125 0.9132390265625 0.8407628859375 0.6892031515625 0.6362608937500001 0.6951535515625 0.6414753859375 0.9191894265625 0.845977378125 0.9132390265625
3 0.93165723125 0.5862663046875001 0.925889559375 0.33846361406250003 0.652702309375 0.3464125515625 0.65846998125 0.5942152421875 0.93165723125 0.5862663046875001
3 0.6538090203125 0 0.65735620625 0.15240153125 0.8281530187499999 0.1474318515625 0.8247215046875 0 0.6538090203125 0
13 0.19069006718749998 0.7426708718749999 0.18533362656250002 0.5125363421875 0.01206669375 0.5175778953125 0.017423134375 0.747712425 0.19069006718749998 0.7426708718749999
13 0.518732903125 0.9855612171875 0.5163103984374999 0.8814805 0.3572665734375 0.8861082031249999 0.359689078125 0.9901889203125 0.518732903125 0.9855612171875
20 0.4898877375 0.746574540625 0.48629938125 0.5924041375 0.28566193125 0.598242090625 0.2892502875 0.75241249375 0.4898877375 0.746574540625
20 0.36645313125 0.9844726765624999 0.3631288390625 0.841647565625 0.2533280421875 0.8448424421875 0.256652334375 0.9876675531249999 0.36645313125 0.9844726765624999
20 0.16526913906250001 0.52319424375 0.162832021875 0.4184857234375 0.0506407859375 0.4217501546875 0.053077903125000006 0.526458675 0.16526913906250001 0.52319424375
20 0.8777041859375 0.6319916234375 0.8719594765625001 0.3851754796875 0.7374176453125 0.389090246875 0.7431623546874999 0.635906390625 0.8777041859375 0.6319916234375
20 1 0.0653166453125 0.7524151390625 0.0725206296875 0.7592432437500001 0.3658838578125 1 0.35887855156250004 1 0.0653166453125
20 0 0 0.0026949203125000002 0.115784753125 0.11687818750000001 0.112462359375 0.11426059687500001 0 0 0
3 0.6387038296875 0.3693238875 0.634872284375 0.204705053125 0.053039615625 0.22163465468750002 0.0568711609375 0.3862534890625 0.6387038296875 0.3693238875
3 0.33912832656249997 0.194171809375 0.33548778437500004 0.037759253124999996 0.07134435781250001 0.0454450421875 0.0749849 0.2018575984375 0.33912832656249997 0.194171809375
3 0.6507537203125 0.1170987703125 0.648648509375 0.0266503390625 0.48733376718750004 0.03134411875 0.48943897812500003 0.12179255 0.6507537203125 0.1170987703125
3 0.6746398515625 0 0.6779913296875 0.14399313593750002 0.816078978125 0.1399751953125 0.81282101875 0 0.6746398515625 0
3 0.7320948625 0.5329522484375 0.7284177890625 0.3749701859375 0.5916847203125 0.3789487109375 0.59536179375 0.5369307734375 0.7320948625 0.5329522484375
3 0.6070779546875 0.7028683234375 0.6035146484375 0.5497741515625 0.4927576765625 0.55299685 0.4963209828125 0.7060910218750001 0.6070779546875 0.7028683234375
3 0.828808746875 0.918136178125 0.8231266609375 0.6740106171875 0.6501386140625 0.6790440546875 0.6558207 0.9231696156250001 0.828808746875 0.918136178125