1 0.7593609453125 0.8431208515625 0.9048987937499999 0.8414273640625 0.9041971625 0.7811293906250001 0.7586593140625 0.782822878125 0.7593609453125 0.8431208515625
1 0.7275058234375 0.9026294406250001 0.7796439375 0.9020227593750001 0.778966715625 0.8438225218750001 0.7268286015625 0.844429203125 0.7275058234375 0.9026294406250001
1 0.8489811125 0.6872954499999999 0.9399107265625 0.6862373875000001 0.9392125640625 0.6262373875 0.84828295 0.62729545 0.8489811125 0.6872954499999999
1 0.577994484375 0.70609440625 0.6920847890624999 0.7047668453125 0.6910589015624999 0.6166023640625 0.576968596875 0.617929925 0.577994484375 0.70609440625
1 0.6936481078125001 0.3899563359375 0.7678579359375 0.3890928265625 0.7664627187499999 0.269188178125 0.6922528906250001 0.27005168749999997 0.6936481078125001 0.3899563359375
1 0.769066890625 0.6117012703125 0.8595848187499999 0.6106479984375001 0.858254925 0.4963571765625 0.767736996875 0.49741044843750004 0.769066890625 0.6117012703125
1 0.8389860312499999 0.4943582046875 0.9551082093750001 0.4930070015625 0.9530938828125001 0.3198961546875 0.8369717046874999 0.3212473578125 0.8389860312499999 0.4943582046875
1 0.87580481875 0.1965295640625 0.992325403125 0.19517372500000002 0.9913952125 0.1152333203125 0.8748746281249999 0.116589159375 0.87580481875 0.1965295640625
1 0.647372496875 0.27571764375 0.731648725 0.274737 0.730767353125 0.198992065625 0.646491125 0.199972709375 0.647372496875 0.27571764375
1 0.3384782515625 0.7767154046875 0.417747840625 0.7757930203125001 0.41596928593750004 0.6229443906250001 0.336699696875 0.623866775 0.3384782515625 0.7767154046875
1 0.220522975 0.6285206109375 0.309433996875 0.6274860375 0.308505053125 0.547652903125 0.21959403125 0.5486874765625 0.220522975 0.6285206109375
1 0.2052558109375 0.9139275781249999 0.3011389453125 0.9128118765625001 0.30001653125 0.8163518046875 0.204133396875 0.8174675062500001 0.2052558109375 0.9139275781249999
1 0.3372185640625 0.9349874828125 0.4990246734375 0.9331046984375 0.49796314375 0.8418770468749999 0.336157034375 0.8437598312500001 0.3372185640625 0.9349874828125
1 0.1277074125 0.7756931 0.21425455625 0.7746860328125 0.2132774890625 0.6907170234375 0.1267303453125 0.691724090625 0.1277074125 0.7756931
1 0.071191415625 0.4696941921875 0.005474284375 0.4704588796875 0.006553150000000001 0.5631764 0.07227028125 0.5624117125 0.071191415625 0.4696941921875
1 0.24573621406249999 0.264739403125 0.334275390625 0.26370915625 0.333462809375 0.1938760203125 0.24492363281250001 0.19490626718749998 0.24573621406249999 0.264739403125
1 0.29916320937499996 0.1945493046875 0.41096931875 0.1932483234375 0.409848846875 0.0969551171875 0.2980427375 0.0982560984375 0.29916320937499996 0.1945493046875
1 0.47228428125 0.572657834375 0.5366269109374999 0.5719091390625 0.5356675953125001 0.4894657546875 0.47132496562500004 0.49021445 0.47228428125 0.572657834375