1 0.1552843390625 0.5211178249999999 0.0120903703125 0.5194516124999999 0.016487642187500002 0.70837634375 0.1596816109375 0.71004255625 0.1552843390625 0.5211178249999999
1 0.101678321875 0.81176461875 0.167565915625 0.8125312906250001 0.1648006640625 0.6937248390625 0.09891307031249999 0.6929581671875 0.101678321875 0.81176461875
1 0.313532134375 0.911224990625 0.36079053125 0.9117748921875 0.3588792078125 0.8296566125 0.3116208109375 0.8291067109375 0.313532134375 0.911224990625
1 0.42685189687499997 0.909850765625 0.514596928125 0.910871771875 0.5112422875 0.7667427390625 0.42349725625 0.7657217328125 0.42685189687499997 0.909850765625
1 0.578484684375 1 0.5756324609375 0.8774568203124999 0.474165703125 0.876276146875 0.4770454078125 1 0.578484684375 1
1 0.2667014296875 1 0.2643170921875 0.89755909375 0.18953299375 0.8966889015625 0.191937584375 1 0.2667014296875 1
1 0.11678152187499999 0.3538762796875 0.24070201562500002 0.355318225 0.2381982984375 0.2477483328125 0.1142778046875 0.2463063875 0.11678152187499999 0.3538762796875
1 0.1572890703125 0.24926319375 0.251997775 0.250365228125 0.2470211234375 0.0365480234375 0.15231241874999998 0.0354459890625 0.1572890703125 0.24926319375
1 0.3131599828125 0.3049709171875 0.4909324296875 0.30703948593749997 0.4852532671875 0.0630394859375 0.3074808203125 0.060970917187499994 0.3131599828125 0.3049709171875
1 0.5489985203125001 0.40202293281249996 0.746681865625 0.4043231859375 0.742321134375 0.21696834687500002 0.5446377890625 0.21466809375 0.5489985203125001 0.40202293281249996
1 0.7871353703125 0.178451996875 0.78319396875 0.009113287500000001 0.6772309796875 0.0078802953125 0.68117238125 0.17721900468750001 0.7871353703125 0.178451996875
1 0.75400453125 0.4286598875 0.8712766359374999 0.43002447187500004 0.866903390625 0.24213199843750002 0.7496312859375001 0.24076741406250002 0.75400453125 0.4286598875
1 0.868968021875 0.6455467421875001 0.9037726828125001 0.64595173125 0.9016596390625 0.5551667859375 0.866854978125 0.554761796875 0.868968021875 0.6455467421875001
1 0.9504743828125 1 0.9480626765625001 0.8963832593750001 0.8438680234374999 0.8951708453125 0.8463079484374999 1 0.9504743828125 1
1 1 0.7740907906250001 0.9767230375 0.7738199390625 0.9803527265625 0.9297661749999999 1 0.9299947921875 1 0.7740907906250001