14 0.3046972953125 0.67872279375 0.292094653125 0.662424634375 0.26378051875 0.6605386796875 0.2040186875 0.6917248046875 0.189265225 0.709351178125 0.1812303125 0.747352890625 0.191855115625 0.767841890625 0.2367152125 0.779768159375 0.2946227671875 0.731534521875 0.3046972953125 0.67872279375
14 0.33134910156249997 0.798453184375 0.3110080984375 0.76918469375 0.2768593015625 0.762880578125 0.2513327609375 0.7855039734375 0.267693378125 0.8274018156249999 0.3087831390625 0.8158522359375 0.33134910156249997 0.798453184375
14 0.5954402265625001 0.398292071875 0.5692522015625 0.36672925625 0.523409365625 0.355836490625 0.4901321046875 0.3676133890625 0.49177632656250003 0.4207660984375 0.521920025 0.44394723437500005 0.5589799765625 0.4535223484375 0.5805014203125001 0.447775975 0.5913239234375001 0.4342836109375 0.5954402265625001 0.398292071875
14 0.43901724062499997 0.42347935468750003 0.41352776562500004 0.4397312453125 0.393761753125 0.47951581093750006 0.39344049375 0.534735525 0.40988760468749996 0.56176651875 0.43828823124999994 0.548785628125 0.4561134796875 0.506820396875 0.4623929609375 0.43478049218750003 0.43901724062499997 0.42347935468750003
14 0.41253927656249995 0.6096380578125 0.40486269531249997 0.58604855 0.381486975 0.5747474125 0.3461824546875 0.599210490625 0.349952784375 0.6226863390624999 0.3703555703125 0.6413356546875 0.41253927656249995 0.6096380578125
14 0.0995573890625 0.68337480625 0.074080271875 0.6975028609375 0.07384550625 0.7378557296875 0.1332242984375 0.77250849375 0.15474574218749998 0.76676211875 0.167533725 0.7512027515625 0.1637881046875 0.7234792359375 0.13564695625 0.6918595859375001 0.0995573890625 0.68337480625
14 0.44576625468750003 0.2707337140625 0.3879451921875 0.30410050625 0.369260765625 0.32586088750000003 0.37687556875 0.3600695703125 0.41284157187500004 0.38979270312500003 0.452002921875 0.3739386265625 0.4884013921875 0.32932752656250003 0.4827891390625 0.2866803328125 0.44576625468750003 0.2707337140625
14 0.005905381249999999 0.32803349531250003 0.0204240796875 0.3507599890625 0.0497703765625 0.34311710156249997 0.09014923281250001 0.28587665 0.081465196875 0.26756831718749996 0.041457024999999995 0.2610937125 0.0080191328125 0.300480465625 0.005905381249999999 0.32803349531250003
14 0.7635819625 0.373445771875 0.7695772562500001 0.350254078125 0.7608932187499999 0.33194574375 0.7277765859375 0.316112784375 0.6662716828125 0.31113688281249996 0.634885765625 0.3335897859375 0.6386437421875 0.35918946875 0.657068690625 0.38202962500000004 0.678503640625 0.3911500953125 0.7371097484375 0.3907311640625 0.7635819625 0.373445771875
14 0.95167505625 0.2769573765625 0.9519098218750001 0.23660451093749998 0.9307467046875001 0.180759665625 0.9084031515625 0.159929684375 0.8566638734375 0.15523793125000002 0.8428684375 0.1760784734375 0.8581845343750001 0.2296289953125 0.8979332265625001 0.2807041375 0.9271683234375001 0.2921757640625 0.9428303921875001 0.2862589015625 0.95167505625 0.2769573765625
14 0.45278710625 0.0712636984375 0.4350483515625 0.0983620875 0.4385839171875 0.1621908 0.45699650937499997 0.1871547921875 0.48043400937499997 0.1878367546875 0.50694329375 0.16417985468750002 0.5151017640625 0.1049397921875 0.48501984687500005 0.07113947968749999 0.45278710625 0.0712636984375
7 0 0.6247329875000001 0.2980326921875 0.633404853125 0.29958630625 0.36636115 0.000082759375 0.3576464875 0 0.371871621875 0 0.6247329875000001
7 0.12222861874999999 0.3397830625 0.3527723546875 0.3464912 0.354670553125 0.02021870625 0.1241268171875 0.013510568749999998 0.12222861874999999 0.3397830625
7 0.5417968765625 0.2636472515625 0.834090021875 0.27215211250000004 0.83531490625 0.0616122671875 0.5430217609375 0.05310740625 0.5417968765625 0.2636472515625
7 0.4981998765625 0.6897389578124999 0.7022660703125 0.6956766765625 0.7036349796875 0.460381046875 0.4995687859375 0.454443328125 0.4981998765625 0.6897389578124999