3 0.6781716906249999 1 0.7008006453125 0.027767809375 0.409226571875 0.0192838703125 0.3864001515625 1 0.6781716906249999 1
3 0.3555922640625 1 0.371407734375 0.32050286250000004 0.026037364062500002 0.3104536109375 0.009987995312500001 1 0.3555922640625 1
20 0.999366471875 0.0556524703125 0.6877923984375001 0.046586590625 0.677296734375 0.497523146875 0.9888708078124999 0.5065890265624999 0.999366471875 0.0556524703125
20 0.8610222265624999 0.49596101406250004 0.6986148187500001 0.491235440625 0.6957212328125 0.6155556828125001 0.8581286406249999 0.62028125625 0.8610222265624999 0.49596101406250004
20 0.7820869703125 0.6057945015625 0.6936301796875 0.6032206718750001 0.6913624234375 0.7006526953125001 0.7798192140625 0.703226525 0.7820869703125 0.6057945015625
20 0.970298409375 1 0.9714792062500001 0.9492681187500001 0.8337631578125 0.945260990625 0.8324890937499999 1 0.970298409375 1
20 0.7254422859375 0.7047128593750001 0.613806484375 0.701464590625 0.6076114687499999 0.9676277328125 0.7192472703125 0.9708760015625 0.7254422859375 0.7047128593750001
20 0.609434234375 0.720791625 0.3809465796875 0.7141433125 0.37533590625 0.9552007140625 0.6038235609375 0.9618490265625 0.609434234375 0.720791625
20 0.6526896921875001 0.414228609375 0.5584304328125 0.4114859453125 0.554188146875 0.59375180625 0.6484474062500001 0.5964944703125 0.6526896921875001 0.414228609375
20 0.5537866421875 0.3150923234375 0.3831076296875 0.31012607187499996 0.3789975421875 0.48671217499999997 0.5496765546875 0.4916784265625 0.5537866421875 0.3150923234375
20 0.550267015625 0.5439364015625 0.387334915625 0.5391955625 0.38357782500000004 0.7006155015625 0.546509925 0.7053563406250001 0.550267015625 0.5439364015625
20 0.3870313203125 0.4135730140625 0.269006628125 0.4101388453125 0.263875525 0.6305920171875 0.3819002171875 0.6340261859375 0.3870313203125 0.4135730140625
20 0.250545090625 0.37596863593749996 0.11242780625 0.3719498328125 0.10888518437500001 0.5241552703125001 0.24700246875 0.5281740734375 0.250545090625 0.37596863593749996
6 0.3004421515625 0.6392744484375 0.2030656078125 0.6364410796875 0.20034500312499998 0.7533292968749999 0.29772154687499996 0.756162665625 0.3004421515625 0.6392744484375
20 0.171182925 0.524048221875 0.044917492187500005 0.5203742734375 0.0427650578125 0.6128516140625 0.169030490625 0.6165255625 0.171182925 0.524048221875
20 0 0.4714520015625 0.1379848765625 0.4754669515625 0.1446545390625 0.188911059375 0 0.1847020421875 0 0.4714520015625
20 0.4158155375 0.10906794687500002 0.2972661546875 0.10561851250000001 0.2925077359375 0.3100596 0.41105711874999995 0.313509034375 0.4158155375 0.10906794687500002
20 0.309263121875 0.027409890625 0.111423615625 0.0216533484375 0.1082621171875 0.15748416406250001 0.30610162343749997 0.16324070625 0.309263121875 0.027409890625
20 0.58312655 0.06367559843750001 0.4795154390625 0.0606608234375 0.477308859375 0.1554644484375 0.5809199703125 0.1584792234375 0.58312655 0.06367559843750001
20 0.48501452343749996 0.0732008109375 0.4863888890625 0.014152471875 0.3801543203125 0.0110613609375 0.37877995468750003 0.0701097 0.48501452343749996 0.0732008109375
20 0 0.8395107656249999 0.12400734375 0.8431190093750001 0.1270577390625 0.7120616078124999 0 0.70836460625 0 0.8395107656249999
20 0.38422275156249996 1 0.3852731609375 0.9548701046874999 0.289223778125 0.9520753531249999 0.2881083203125 1 0.38422275156249996 1
3 0.3685445765625 0.742079546875 0.12156926718750001 0.7348933 0.1164859796875 0.9532920921875 0.3634612890625 0.9604783390625 0.3685445765625 0.742079546875
3 0.10951522968750001 1 0.1128498453125 0.8567312843750001 0 0.8534476890624999 0 1 0.10951522968750001 1
3 0.27580060781250004 1 0.27721269843749996 0.9393307703125 0.0245275140625 0.9319783828125001 0.022944295312499998 1 0.27580060781250004 1
3 0.72221384375 1 0.7227883390625001 0.9753173203125 0.406893278125 0.9661257125 0.4061048453125 1 0.72221384375 1
3 0.6719175890625 0.053879173437500004 0.5769793171875001 0.05111675156249999 0.569173315625 0.3864943953125 0.6641115875 0.3892568171875 0.6719175890625 0.053879173437500004
3 0.580796525 0.1644464390625 0.4083273890625 0.15942810000000002 0.40483469375 0.3094885234375 0.5773038296874999 0.3145068625 0.580796525 0.1644464390625
4 0.9882938484375 0.531377546875 0.8083864421875001 0.5261427750000001 0.8042201 0.7051457953125 0.9841275062499999 0.7103805671875 0.9882938484375 0.531377546875
4 0.9323285562500001 0.7530422375 0.8386557171875 0.7503166359375 0.83432764375 0.936268296875 0.9280004828124999 0.9389938984375 0.9323285562500001 0.7530422375
4 0.8397968484374999 0.7158854265625 0.7440869718750001 0.7131005546875 0.741969696875 0.804067321875 0.8376795734375 0.80685219375 0.8397968484374999 0.7158854265625