16 0.161933646875 0.25029402031250003 0.1469047328125 0.24357325937500002 0.11568595625 0.24716590468750002 0.105014140625 0.26447681093750003 0.117440153125 0.2811156375 0.1351344203125 0.2832850578125 0.1351760515625 0.2868628765625 0.11890292656250001 0.290020646875 0.1094649140625 0.296558565625 0.1164769578125 0.3151444390625 0.13967886406250002 0.3234169046875 0.16679032968750002 0.317259496875 0.1748800546875 0.3116555671875 0.1815174140625 0.29804108125 0.1691538515625 0.28676897968750004 0.1486693375 0.2784174453125 0.148617296875 0.27394517343749997 0.16613462968749998 0.2609088703125 0.161933646875 0.25029402031250003
16 0.386732628125 0 0.383860940625 0.0031469031250000003 0.3826583640625 0.016603253125000002 0.3868281234375 0.024534739062499998 0.39639103124999997 0.0287302734375 0.4221854328125 0.026190220312500002 0.4410302375 0.01043101875 0.4409088625 0 0.386732628125 0
2 0.81487300625 0.1802942640625 0.8348995703125001 0.1492898046875 0.8290276546875001 0.11188085625 0.80131253125 0.066159909375 0.7697711093749999 0.04202446875 0.727474609375 0.028044296875000003 0.687989171875 0.02203515 0.5942079484375 0.022079631250000002 0.55900675625 0.03384096875 0.54268159375 0.032526467187500005 0.5291362687500001 0.0364996265625 0.502222553125 0.059651665625 0.482133540625 0.0852893984375 0.47838009843749996 0.11313608593749999 0.49485097343750006 0.1269729484375 0.535684696875 0.132048109375 0.5505366796875 0.12356314531249998 0.5709483375 0.1256534984375 0.5870028953124999 0.1037121859375 0.60592055625 0.094214165625 0.6603828671875001 0.102471803125 0.6877441234375 0.1177813015625 0.7028979343749999 0.135235515625 0.7140172890625001 0.1563861484375 0.7173071156249999 0.20550207187499997 0.7336843203125001 0.21128884375 0.7703274703125 0.206643609375 0.80141094375 0.19142305625 0.81487300625 0.1802942640625
16 0.5888980609375001 0.0329712203125 0.56859048125 0.039825412500000004 0.556487115625 0.0509146703125 0.55393625 0.06530500781250001 0.567648103125 0.075643121875 0.5933696484375 0.0668418859375 0.6094346140625 0.0457950265625 0.6052440406249999 0.0360746296875 0.5997676265624999 0.0326549484375 0.5888980609375001 0.0329712203125
16 0.46720870468750003 0.08751318125 0.48624085156249996 0.08785415937499999 0.507709375 0.06396580156250001 0.5048462734375 0.051522509375000004 0.4939558921875 0.050049871875 0.4777243984375 0.0567854609375 0.46027992187500005 0.07608294531250001 0.46720870468750003 0.08751318125
16 0.18865250625000002 0.7944237296875001 0.18613286406250001 0.81149743125 0.19995920312499998 0.831674540625 0.2162427359375 0.829411225 0.2377320765625 0.8073117765625 0.23210995156249997 0.7913697328125 0.2197984265625 0.7845699046875 0.1980801109375 0.7869913562499999 0.18865250625000002 0.7944237296875001
16 0.3850909390625 0.73949630625 0.374054846875 0.7255013109374999 0.3536744125 0.7260943203125 0.3374741453125 0.735513271875 0.3308367859375 0.7491277578125 0.3310033125 0.763439028125 0.3446943484375 0.77198823125 0.365053965625 0.7696063125 0.3745023875 0.7639628484375 0.3852262421875 0.7511242140625 0.3850909390625 0.73949630625
16 0.199533403125 0.56147025 0.1819015828125 0.5646675546875 0.1711569125 0.5757172796875001 0.1659302890625 0.5937645046875 0.1769247484375 0.6041816843750001 0.1986951046875 0.606232503125 0.21482251562500002 0.5905523703125 0.217352565625 0.5743731234375 0.2118241125 0.5664811703125 0.199533403125 0.56147025
16 0.09780816406250001 0.579641025 0.09664721875 0.5966751921875 0.1144559734375 0.6086836124999999 0.1375642078125 0.6089059875 0.149740428125 0.604077909375 0.1550295 0.5913974125 0.1316922921875 0.571497040625 0.10991153125 0.568551765625 0.09780816406250001 0.579641025
16 0.0824670109375 0.54608663125 0.10828222812499999 0.5453354859374999 0.1161950203125 0.52452583125 0.1078659109375 0.5095573109375 0.0929514828125 0.5126755484375 0.0781099109375 0.5220549671875 0.0728832859375 0.540102190625 0.0824670109375 0.54608663125
2 0.2868910921875 0.4766107359375 0.2433816078125 0.4751924609375 0.21358397343750002 0.4841122984375 0.20960155937499997 0.49228098906250006 0.222069203125 0.5124976359375 0.22086662499999998 0.525953984375 0.2386441546875 0.535279040625 0.242865953125 0.5476828 0.253756334375 0.5491554375 0.313403640625 0.5357880328125 0.33370081093750004 0.5280393890624999 0.34875054375 0.536549059375 0.3718587765625 0.5367714359375 0.3768772421875 0.5008351234374999 0.390214409375 0.478972878125 0.3846443234375 0.46750310781250004 0.37102614218749996 0.46521508437500003 0.3615673140625 0.46996409375 0.2868910921875 0.4766107359375
16 0.1973108515625 0.4872700703125 0.1836406296875 0.480509775 0.14558674375 0.48072227187500005 0.1361799546875 0.4899435546875 0.14575327031250002 0.49503354218749995 0.1851970765625 0.4974648734375 0.1973108515625 0.4872700703125
2 0.270664340625 0.6005593828125 0.31852051875 0.6251148703125 0.3240906046875 0.636584640625 0.33502261718750004 0.6416350953125 0.36353440937500003 0.6390159718749999 0.382389621875 0.6241512265625 0.386226328125 0.6034601734375 0.373602565625 0.5698267125 0.357204546875 0.56225103125 0.33543419218750004 0.5602002125000001 0.3134973109375 0.543838121875 0.2633920984375 0.5596121515625 0.25666106875 0.565176546875 0.2527411 0.5787119656249999 0.270664340625 0.6005593828125
16 0.31321063125 0.6360064578125 0.2995195953125 0.6274572546875 0.27370437812500004 0.6282084 0.267046203125 0.640033978125 0.288910228125 0.6501348859375 0.31336675 0.6494232734375001 0.31321063125 0.6360064578125
2 0.41001200156250006 0.428290421875 0.377736359375 0.4578617796875 0.37940729218749997 0.4846558765625 0.3701149875 0.50371615625 0.3703023296875 0.519816334375 0.38829842812500004 0.5479249328125 0.41974617812500004 0.564010284375 0.4945681109375 0.5698860046875 0.5217107984375 0.5664119609375 0.5433458515625 0.556834871875 0.55003525 0.547692659375 0.5496189328125001 0.511914484375 0.5451889765625 0.4816216375 0.5355011734375 0.46669265 0.536495590625 0.43534721249999997 0.52946273125 0.41497243125 0.50083645 0.40775255625 0.46278256406249996 0.40796505468750005 0.4452236 0.41742354062500003 0.41001200156250006 0.428290421875
16 0.42234908281249994 0.5540922187499999 0.44957503593750003 0.5577738109375 0.46852391875 0.550959153125 0.47383380624999993 0.5400675640625 0.4614494265625 0.5270065546875 0.4234059484375 0.5281135078125 0.4113754375 0.545463946875 0.42234908281249994 0.5540922187499999
16 0.39399907343749996 0.45380955468749995 0.38982931718749997 0.445878065625 0.3722807609375 0.45623100625 0.36706454375 0.47517268437500004 0.3740245484375 0.489286284375 0.3916459609375 0.485194525 0.39399907343749996 0.45380955468749995
16 0.48354809374999996 0.44046685625000004 0.478300653125 0.4567251703125 0.490653809375 0.4671028171875 0.5124241625 0.4691536375 0.5259382625 0.4624971171875 0.53123774375 0.450711071875 0.5202224671875 0.438504984375 0.49437602500000005 0.4365727671875 0.48354809374999996 0.44046685625000004
16 0.43432281250000004 0.41505644999999997 0.40587346562500004 0.4230422984375 0.396435453125 0.42958021718749995 0.3925363 0.44490454375 0.398023121875 0.4492186796875 0.4088822796875 0.448007953125 0.446780046875 0.434378640625 0.45082490937499997 0.43157667499999997 0.44931009531250005 0.41819939218749996 0.43432281250000004 0.41505644999999997
16 0.3930623609375 0.373308659375 0.382296875 0.382569475 0.3864458171875 0.388712053125 0.3946188078125 0.3902637578125 0.436675925 0.383671478125 0.44475524375 0.37717309375 0.4473373328125 0.36546611875 0.43508825624999997 0.364033015625 0.3930623609375 0.373308659375
2 0.39719615468749997 0.2613437265625 0.3143157203125 0.2637553 0.27225860156250004 0.2703475796875 0.26702157031249996 0.28750035 0.269884671875 0.2999436421875 0.2808895390625 0.31125527656249996 0.2945285375 0.315332209375 0.31935974218749996 0.34682095468749996 0.3467418140625 0.3639193625 0.3685642078125 0.370442453125 0.40120412656250004 0.372177 0.45139260468750003 0.3635586078125 0.47305887812499997 0.3566648828125 0.490524171875 0.3391563078125 0.49401741406250005 0.288948259375 0.47756735624999996 0.27690030625 0.46255925624999994 0.27196845468749997 0.42855023281250004 0.2693789875 0.39719615468749997 0.2613437265625
2 0.5789443921874999 0.111999478125 0.56829339375 0.13109929375 0.5685015531250001 0.14898838125 0.5604222328125 0.155486765625 0.5195052453125 0.14325596875 0.4838669203125 0.11745022187500001 0.458010071875 0.11462354999999999 0.4361564546875 0.105417096875 0.41442773125 0.1069440953125 0.3928655359375 0.12278236406250001 0.3794763296875 0.1401723375 0.3759830859375 0.190380384375 0.3899135046875 0.2195020390625 0.45982105000000006 0.2702586125 0.48303336249999995 0.27942553281250004 0.5443307859375001 0.29106331875 0.6230935015625 0.28519252968750003 0.6488150484374999 0.27639129375000004 0.6986600625 0.23825590624999998 0.71190355625 0.2083435703125 0.7113207140625 0.158254125 0.6973902953125 0.1291324703125 0.6740322734374999 0.10744318906250001 0.6453643609374999 0.096645496875 0.626300990625 0.09362115625 0.604593084375 0.0969370625 0.5789443921874999 0.111999478125
16 0.310364528125 0.274607353125 0.326679284375 0.27502740000000003 0.35110458125 0.271632425 0.3564769171875 0.2661075625 0.345503271875 0.2574792921875 0.3183293578125 0.258269971875 0.30080161875 0.2704118203125 0.310364528125 0.274607353125
16 0.5852581812500001 0.30418856875 0.613790790625 0.3033583546875 0.6259566046875 0.29763582187500004 0.6326043718750001 0.284915790625 0.5782461375 0.285602696875 0.5714838828125 0.28848373125000004 0.571608778125 0.2992171828125 0.5852581812500001 0.30418856875
2 1 0.2089742046875 0.9877812234375 0.20568489375 0.9712479 0.1864813046875 0.9603262953125 0.18232530625 0.8828598281250001 0.1827898359375 0.8272365687500001 0.1915663640625 0.8137953234375 0.204484065625 0.8085062515624999 0.2171645640625 0.8039977734375 0.2969291390625 0.8179906390625 0.331417521875 0.8495112453125 0.35376405312500003 0.893145625 0.36591578125 0.9040151906249999 0.3655995078125 0.9405542625000001 0.352009728125 0.9729443906249999 0.33227736874999997 0.9970054125000001 0.29757649218750004 1 0.282019178125 1 0.2089742046875
16 1 0.17900631875 0.9792855875 0.176405103125 0.9711542296875001 0.178431215625 0.9672342609375001 0.191966634375 0.9782599453125 0.20506717812500003 1 0.20602400156249998 1 0.17900631875
16 0.7521392890625 0.0452217734375 0.7780481781249999 0.052520717187499996 0.7779024671875 0.0399983546875 0.7724260515625 0.0365786734375 0.7492449640625 0.0300951171875 0.7451688765625 0.030213720312499998 0.745220915625 0.0346859921875 0.7521392890625 0.0452217734375
2 0.7723816484375 0.7335958421875 0.7164461515625 0.715538740625 0.60624609375 0.7062186328125 0.5532881859375001 0.7104438234375 0.5289149281250001 0.7183110703125 0.46140687031249994 0.7569604 0.44811133593749997 0.7824004625 0.437876653125 0.8372784515625 0.4546077265625 0.8734766734375 0.473868846875 0.8934956484375001 0.50259920625 0.90966006875 0.5408092124999999 0.922864384375 0.5761561140625 0.923625409375 0.6330652140625 0.908548165625 0.6549396468750001 0.9195435281250001 0.6794378 0.922409734375 0.755483125 0.9166180125000001 0.7743383359375 0.9017532671874999 0.7902055531250001 0.863711775 0.80426653125 0.7872482765625 0.802553965625 0.7568763625 0.792897384375 0.7446307390625 0.7723816484375 0.7335958421875
2 0.1025512828125 0.403235840625 0.043919210937499994 0.38704671562500004 0.00455866875 0.3917710203125 0.0056619078125 0.486583184375 0.068213946875 0.4892368921875 0.10882910625 0.47552851093750004 0.119469696875 0.45553424218750005 0.1219685234375 0.43667163125 0.1163359890625 0.419835134375 0.1025512828125 0.403235840625
2 0.15518746875 0.1377509046875 0.1485292921875 0.14957648125 0.167675928125 0.1597564578125 0.192944265625 0.2288122875 0.22721348749999998 0.25376311406249996 0.26946835625 0.2641654671875 0.3088809375 0.2639134359375 0.359006965625 0.249928315625 0.38057956875 0.2349845015625 0.38307839375 0.21612189062499998 0.3731720234375 0.1824093640625 0.3766444515625 0.13041240625 0.350621075 0.11327446562500001 0.3083349828125 0.1001887484375 0.20923346406249999 0.11023036718749998 0.1807945265625 0.1191106703125 0.15518746875 0.1377509046875
2 0.08194279843749999 0.15061919375 0.1023960875 0.1562873625 0.11064193281250001 0.16410025 0.11743541093750001 0.1639025796875 0.1497526859375 0.137909040625 0.171179578125 0.11044286562500001 0.1696439484375 0.0952766734375 0.1313506796875 0.07491672187500001 0.11372926718750001 0.07900848125 0.084014896875 0.095083953125 0.049943428125 0.08712776093749999 0.041947373437500005 0.10078177968749999 0.0627545328125 0.1368614 0.08194279843749999 0.15061919375
2 0.2226922703125 0 0.19586033125 0.012196190625 0.1878018296875 0.020483484375 0.1526318609375 0.0349281828125 0.159591865625 0.049041784375 0.20336154843749998 0.07282141875 0.24284698749999997 0.0788305671875 0.2645757078125 0.07730356875 0.2807551625 0.066095709375 0.2844669703125 0.034671203125 0.295128378125 0.01646584375 0.2701255609375 0 0.2226922703125 0