10 0.032904165624999995 0.5411005531249999 0.063671778125 0.5414585671875 0.0620769625 0.267332853125 0.03130935 0.2669748390625 0.032904165624999995 0.5411005531249999
10 0.0206500203125 0.739093121875 0.129146340625 0.740355590625 0.127124528125 0.392835590625 0.0186282078125 0.391573121875 0.0206500203125 0.739093121875
10 0.1996194515625 0.8577334421874999 0.25079715937499997 0.8583289484375 0.2499625171875 0.714866090625 0.198784809375 0.714270584375 0.1996194515625 0.8577334421874999
10 0.4406860078125 0.81974698125 0.521790109375 0.8206907125 0.5201414359375 0.5373078546875 0.43903733437500003 0.5363641234375 0.4406860078125 0.81974698125
10 0.5796361546875 0.7412263796875 0.6488895718750001 0.7420322171875 0.6471984125 0.451346503125 0.5779449953125 0.450540665625 0.5796361546875 0.7412263796875
10 0.6818405249999999 0.7977833171875 0.7792748046875 0.7989170671875 0.778136571875 0.6032713515625 0.6807022921875 0.6021376015625 0.6818405249999999 0.7977833171875
10 0.7869466625 0.892251453125 0.8398593859375 0.8928671484375 0.8376834515624999 0.5188557203124999 0.784770728125 0.518240025 0.7869466625 0.892251453125
10 0.9096442578125 0.7844122796875 0.9786032484374999 0.7852146906249999 0.976886690625 0.49016326250000003 0.9079276999999999 0.4893608515625 0.9096442578125 0.7844122796875
10 0.33702894687499996 0.5125901078124999 0.40445271250000003 0.513374653125 0.40332259062500003 0.3191232234375 0.335898825 0.318338678125 0.33702894687499996 0.5125901078124999
10 0.31549975625000004 0.2675847328125 0.410536559375 0.2686905859375 0.40956208906249997 0.10119344374999999 0.3145252859375 0.10008759062499999 0.31549975625000004 0.2675847328125
10 0.151270696875 0.150578690625 0.23048205312499997 0.15150039843750002 0.22991988437500002 0.0548718265625 0.150708528125 0.05395011875 0.151270696875 0.150578690625
10 0.21205681406250002 0.6903295078125 0.3239600734375 0.6916316203124999 0.323055684375 0.536180190625 0.211152425 0.534878078125 0.21205681406250002 0.6903295078125
10 0.321048 0.991720271875 0.388429703125 0.9925043296875 0.3878818953125 0.8983443296875 0.32050019218750003 0.897560271875 0.321048 0.991720271875
7 0.5461072625 0.4307086625 0.891785496875 0.43473099218750005 0.8893165421875 0.0103538484375 0.5436383078125 0.006331518749999999 0.5461072625 0.4307086625
7 0.434649665625 0.24846970000000002 0.5403173828125001 0.2496992546875 0.5389391875 0.012807825 0.4332714703125 0.0115782703125 0.434649665625 0.24846970000000002