3 0 0 0 0.572335990625 0.9866751234375 0.5608549859374999 0.9997291671875 0 0 0
3 0.6894595625 0.7104207734375 0.6829107890625 0.9917827812500001 0.9716549750000001 0.9884229390625 0.9782037484374999 0.70706093125 0.6894595625 0.7104207734375
2 0.9564987015625 0.730604675 0.9608050421875 0.545586753125 0.7168980656249999 0.5484248671875 0.712591725 0.7334427890625 0.9564987015625 0.730604675
2 0.7212105156249999 0.8506046390625001 0.7254542875000001 0.668274890625 0.368989171875 0.6724227375 0.3647454 0.8547524859375001 0.7212105156249999 0.8506046390625001
2 0.22398645312499998 0.9639060421875 0.226664359375 0.848852278125 0.0874550578125 0.8504721249999999 0.0847771515625 0.9655258890624999 0.22398645312499998 0.9639060421875
3 0 0.836207159375 0.34543876562500003 0.8321876156249999 0.352308721875 0.537026325 0 0.5411258078125 0 0.836207159375
3 0 0 0 0.9997291671875 0.9767247421875 0.988363946875 0.9997291671875 0 0 0
2 0.8885440718750001 0.661521853125 0.984358025 0.6604069578125 0.9877166703125001 0.5161058828125 0.8919027171874999 0.517220778125 0.8885440718750001 0.661521853125
2 0.8936760625 0.7107319453125001 0.8967644140625 0.578043771875 0.75090395 0.5797410109375 0.7478155984375 0.712429184375 0.8936760625 0.7107319453125001
2 0.7006685203125 0.762247596875 0.7040705453125 0.616082721875 0.5546751953125 0.61782109375 0.5512731703125 0.76398596875 0.7006685203125 0.762247596875
2 0.5480225562500001 0.8267308203124999 0.5510508421875 0.69662329375 0.389981075 0.698497509375 0.3869527890625 0.8286050359375 0.5480225562500001 0.8267308203124999
2 0.21894257499999997 0.9828305890625 0.222765890625 0.81856535625 0.0662542640625 0.820386534375 0.0624309484375 0.9846517671875 0.21894257499999997 0.9828305890625
2 0.595836975 0.27076935625 0.599187278125 0.126826703125 0.398582628125 0.12916095 0.395232325 0.273103603125 0.595836975 0.27076935625
2 0.773720628125 0 0.7714275171875 0.0985213875 0.94868333125 0.0964588296875 0.950928434375 0 0.773720628125 0
2 0 0.6091539734375 0.053259803125000005 0.6085342390624999 0.0566584921875 0.4625127328125 0 0.4631720140625 0 0.6091539734375