3 0.9775194015625001 1 0.9986927671875 0.09030589375 0.11981595468749999 0.0596148390625 0.097928246875 1 0.9775194015625001 1
3 0.994152584375 0.10854507656250001 0.9958695656250001 0.03477653125 0.7531884062499999 0.026301918749999997 0.751471425 0.1000704640625 0.994152584375 0.10854507656250001
20 0.7318050515625 0.10217528437500001 0.73358695625 0.0256174203125 0.4853260875 0.0169479609375 0.4835441828125 0.093505825 0.7318050515625 0.10217528437500001
20 0.35719339375 0.10043808125 0.3592391296875 0.012544906250000001 0.26996376875 0.0094273421875 0.26791803281250004 0.0973205171875 0.35719339375 0.10043808125
20 0 0.3701225453125 0.12327635625 0.37442745 0.1278651046875 0.177276115625 0.0032274234375000003 0.172923671875 0 0.3115869359375 0 0.3701225453125
20 0.061575190625 0.6331523234375 0.059461079687499994 0.723983184375 0.1344248484375 0.7266009765625 0.136538959375 0.635770115625 0.061575190625 0.6331523234375
20 0.09289590156250001 0.7714197828125 0.0913412234375 0.8382150359375 0.198080353125 0.8419424484375 0.19963503124999998 0.7751471953125 0.09289590156250001 0.7714197828125
20 0.1372205921875 0.8705543078125 0.13498906875 0.9664296796875 0.225496315625 0.9695902609375 0.2277278390625 0.8737148890625 0.1372205921875 0.8705543078125
20 0.47002756406249996 0.667224165625 0.46626968125 0.8286781718749999 0.6031175078125 0.8334570031249999 0.6068753906250001 0.672002996875 0.47002756406249996 0.667224165625
20 0.3111750484375 0.7408658546875 0.30952160625 0.8119044296875 0.4349563890625 0.8162847093750001 0.43660983125 0.745246134375 0.3111750484375 0.7408658546875
20 0.65948993125 0.1329856625 0.655593915625 0.3003743859375 0.8082388437500001 0.3057048640625 0.812134859375 0.138316140625 0.65948993125 0.1329856625
20 0.8611477656250001 0.25803155625 0.85731598125 0.42266063593750003 0.9428232281250001 0.425646615625 0.9466550125 0.2610175359375 0.8611477656250001 0.25803155625
20 0.6396558984375 0.5006188781249999 0.6379361546875 0.57450611875 0.7844941249999999 0.5796240359375 0.78621386875 0.5057367953125 0.6396558984375 0.5006188781249999
20 0.7317329671875 0.7004034156250001 0.728297621875 0.8479998546875 0.9080077671875 0.8542754703125001 0.9114431125 0.70667903125 0.7317329671875 0.7004034156250001
20 0.7761058281250001 1 0.7782030375 0.9098952984374999 0.6509566609374999 0.9054517578124999 0.6487560265625001 1 0.7761058281250001 1
20 0.9775194015625001 1 0.979912671875 0.8971753296875 0.836035859375 0.8921510406250001 0.833525646875 1 0.9775194015625001 1
20 0.07557313593750001 1 0.08077088437499999 0.77668348125 0 0.7738628984375 0 1 0.07557313593750001 1
19 0 0.10210072343750001 0.1066834796875 0.1058261921875 0.1090579703125 0.0038083875000000005 0 0 0 0.10210072343750001