20 0.5122621171875 0.1351587296875 0.5099031890625 0.0000158734375 0.38592260624999997 0.0000158734375 0.388281534375 0.1351587296875 0.5122621171875 0.1351587296875
20 1 0.8148523765625001 0.9935386609375 0.44468253906250005 0.8339270109375001 0.44468253906250005 0.8436201140625 1 1 1 1 0.8148523765625001
20 0.8608704203125 0.988476190625 0.8538917203124999 0.5886666671875 0.52015385625 0.5886666671875 0.52713255625 0.988476190625 0.8608704203125 0.988476190625
20 0.53512496875 1 0.53097315625 0.7621428578125 0.11252655468749999 0.7621428578125 0.11667836718749999 1 0.53512496875 1
2 0.42667990156249996 0.9458571421874999 0.42566972343750004 0.8879841265625 0.336689140625 0.8879841265625 0.33769931875000003 0.9458571421874999 0.42667990156249996 0.9458571421874999
2 0.9972220203125 0.256619046875 0.9929646468750001 0.0127142859375 0.537867559375 0.0127142859375 0.5421249328125 0.256619046875 0.9972220203125 0.256619046875
2 0.6684214234375 0.3392380953125 0.666757928125 0.24393650781249998 0.5601074421875001 0.24393650781249998 0.5617709375 0.3392380953125 0.6684214234375 0.3392380953125
2 0.523543646875 0.136269840625 0.0023785984374999998 0.136269840625 0.004273165625 0.2448095234375 0.5254382140625 0.2448095234375 0.523543646875 0.136269840625
2 0.1215030703125 0.24741269843749997 0.0043186046875 0.24741269843749997 0.008246825000000001 0.4724603171875 0.125431290625 0.4724603171875 0.1215030703125 0.24741269843749997
2 0.1552557625 0.5903333328125 0.153979603125 0.517222221875 0.0597077578125 0.517222221875 0.0609839171875 0.5903333328125 0.1552557625 0.5903333328125
3 1 0.265523809375 0.1288580375 0.265523809375 0.133688934375 0.5422857140625 1 0.5422857140625 1 0.265523809375
3 0.6694973453124999 0.7526825390624999 0.6660013453125 0.552396825 0.020079015625 0.552396825 0.023575015625 0.7526825390624999 0.6694973453124999 0.7526825390624999