1 0.8298432531250001 0 0.833677175 0.1647209125 0.9394072031249999 0.16226001875 0.935630559375 0 0.8298432531250001 0
1 0.6877966468750001 0 0.690363059375 0.1102635609375 0.8003079625 0.1077045640625 0.7978011109375001 0 0.6877966468750001 0
1 0.8917499890625 0.22085525156250002 0.75668111875 0.22399901406249997 0.7604992703125 0.3880423359375 0.8955681406249999 0.3848985734375 0.8917499890625 0.22085525156250002
1 0.252173875 0.6370599265625 0.1760857203125 0.6388308984375 0.17796370625 0.7195168187500001 0.2540518609375 0.717745846875 0.252173875 0.6370599265625
1 0.1923261484375 0.5662477375 0.0764859265625 0.5689439484375 0.07810175 0.6383663312500001 0.193941971875 0.6356701203124999 0.1923261484375 0.5662477375
1 0.3489463296875 0.1893497234375 0.2489463296875 0.19167725 0.2518485953125 0.31637039218749996 0.3518485953125 0.314042865625 0.3489463296875 0.1893497234375
1 0.2241878390625 0.091910371875 0.15360932656249998 0.0935531046875 0.1569031546875 0.23506935 0.22748166718750001 0.2334266171875 0.2241878390625 0.091910371875
1 0.48437651875 0.21830880156250002 0.41859139531249995 0.21983996718749999 0.42112058281250003 0.3285042265625 0.48690570624999996 0.3269730609375 0.48437651875 0.21830880156250002
1 0.028955071875 0 0.031579496875 0.11275603125 0.1755739875 0.10940452187500001 0.17302756875 0 0.028955071875 0
1 0.792703840625 0.8331840125 0.7096735375 0.8351165640625 0.7124489234375 0.954358440625 0.7954792265624999 0.9524258890624999 0.792703840625 0.8331840125
1 0.237347225 0.7899244234375 0.10864199062499999 0.7929200703125 0.111305621875 0.9073605046875001 0.24001085625 0.9043648578125 0.237347225 0.7899244234375
1 0.4965358125 0.8721705875 0.4191253453125 0.8739723359375 0.42107979375 0.95794345625 0.49849026093750004 0.9561417078125001 0.4965358125 0.8721705875
1 0.31616861875 0.4911059296875 0.24862040937500002 0.49267813125000004 0.250198421875 0.560475965625 0.31774663125 0.5589037640625001 0.31616861875 0.4911059296875
1 0.20055613437500003 0.393453703125 0.1336690828125 0.395010515625 0.13563865625 0.4796314546875 0.2025257078125 0.47807464218750007 0.20055613437500003 0.393453703125
1 0.13296227656249998 0.38299879375 0.0624113125 0.3846408859375 0.0650346109375 0.49734846718750003 0.13558557499999999 0.495706375 0.13296227656249998 0.38299879375
1 0.7633033124999999 0.227854271875 0.6931380234375 0.2294873875 0.6951445703125 0.31569677500000004 0.7653098593750001 0.314063659375 0.7633033124999999 0.227854271875
1 0.305218084375 0.02181054375 0.24257345625 0.0232686125 0.2441674328125 0.09175236718749999 0.3068120609375 0.0902942984375 0.305218084375 0.02181054375