3 0.42750896093749996 0 0.42750896093749996 1 1 1 1 0 0.42750896093749996 0
3 0 0.293813953125 0.2813620078125 0.293813953125 0.2813620078125 0.0050697671875 0 0.0050697671875 0 0.293813953125
2 0.258064515625 0.270139534375 0.44308243750000004 0.270139534375 0.44308243750000004 0.0262325578125 0.258064515625 0.0262325578125 0.258064515625 0.270139534375
2 0.14077060937500002 0.6152558140625 0.3231003578125 0.6152558140625 0.3231003578125 0.2587906984375 0.14077060937500002 0.2587906984375 0.14077060937500002 0.6152558140625
2 0.03322580625 0.8927209296875 0.1482795703125 0.8927209296875 0.1482795703125 0.7535116281249999 0.03322580625 0.7535116281249999 0.03322580625 0.8927209296875
3 0.16356630781249998 0.9999767437499999 0.4587275984375 0.9999767437499999 0.4587275984375 0.6350930234375001 0.16356630781249998 0.6350930234375001 0.16356630781249998 0.9999767437499999
3 0 0 0 1 1 1 1 0 0 0
2 0.3279569890625 0 0.3279569890625 0.09581395312499999 0.4722580640625 0.09581395312499999 0.4722580640625 0 0.3279569890625 0
2 0.27867383437500004 0.23539534843749998 0.4113620078125 0.23539534843749998 0.4113620078125 0.089534884375 0.27867383437500004 0.089534884375 0.27867383437500004 0.23539534843749998
2 0.22939068125 0.4307906984375 0.37555555625000003 0.4307906984375 0.37555555625000003 0.28139534843749997 0.22939068125 0.28139534843749997 0.22939068125 0.4307906984375
2 0.1666666671875 0.5936511624999999 0.29677419375 0.5936511624999999 0.29677419375 0.43258139531250006 0.1666666671875 0.43258139531250006 0.1666666671875 0.5936511624999999
2 0.0143548390625 0.91462790625 0.178620071875 0.91462790625 0.178620071875 0.7581162796875 0.0143548390625 0.7581162796875 0.0143548390625 0.91462790625
2 0.722222221875 0.5983023249999999 0.866164875 0.5983023249999999 0.866164875 0.397697675 0.722222221875 0.397697675 0.722222221875 0.5983023249999999
2 0.8924731187500001 0.2260697671875 0.9950537640625001 0.2260697671875 0.9950537640625001 0.048813953125 0.8924731187500001 0.048813953125 0.8924731187500001 0.2260697671875
2 0.536702509375 1 0.536702509375 0.9325581390625001 0.390681003125 0.9325581390625001 0.390681003125 1 0.536702509375 1