3 0.006810089062499999 0.50766826875 0.3784124625 0.50766826875 0.3784124625 0.1428125 0.006810089062499999 0.1428125 0.006810089062499999 0.50766826875
3 0.3881750734375 0.596009615625 0.5885014843749999 0.596009615625 0.5885014843749999 0.2745673078125 0.3881750734375 0.2745673078125 0.3881750734375 0.596009615625
3 0.52434718125 1 0.52434718125 0.7464423078125 0.33102373906250004 0.7464423078125 0.33102373906250004 1 0.52434718125 1
3 0.63434718125 0.5589423078125 0.850459940625 0.5589423078125 0.850459940625 0.25673076875 0.63434718125 0.25673076875 0.63434718125 0.5589423078125
3 0.8508753703125 0.85389423125 0.952448071875 0.85389423125 0.952448071875 0.6324519234375 0.8508753703125 0.6324519234375 0.8508753703125 0.85389423125
3 0.535445103125 0.179927884375 0.64829376875 0.179927884375 0.64829376875 0.0252644234375 0.535445103125 0.0252644234375 0.535445103125 0.179927884375
20 0.6607418390625 0.286802884375 0.991127596875 0.286802884375 0.991127596875 0.0021394234375000003 0.6607418390625 0.0021394234375000003 0.6607418390625 0.286802884375
20 0.285979228125 0 0.285979228125 0.14288461562500002 0.473367953125 0.14288461562500002 0.473367953125 0 0.285979228125 0
20 0.3651038578125 0.3152884609375 0.60433234375 0.3152884609375 0.60433234375 0.15346153906249999 0.3651038578125 0.15346153906249999 0.3651038578125 0.3152884609375
20 0 0 0 0.15173076875 0.1826706234375 0.15173076875 0.1826706234375 0 0 0
20 0.3581899109375 1 0.3581899109375 0.5131730765625 0.0067952515625 0.5131730765625 0.0067952515625 1 0.3581899109375 1
20 0.40135014843750005 0.80545673125 0.48565281875000005 0.80545673125 0.48565281875000005 0.59329326875 0.40135014843750005 0.59329326875 0.40135014843750005 0.80545673125
20 0.847833828125 1 0.847833828125 0.5505769234375 0.626646884375 0.5505769234375 0.626646884375 1 0.847833828125 1
20 0.531038575 0.9999759609375 0.6227893171875001 0.9999759609375 0.6227893171875001 0.7268509609375 0.531038575 0.7268509609375 0.531038575 0.9999759609375
20 0.564020771875 0.5418509609375 0.6702818984375 0.5418509609375 0.6702818984375 0.388533653125 0.564020771875 0.388533653125 0.564020771875 0.5418509609375
20 1 0.41348557656249996 0.8497774484375 0.41348557656249996 0.8497774484375 0.6344951921875001 1 0.6344951921875001 1 0.41348557656249996
20 1 0.68233173125 0.9267062312500001 0.68233173125 0.9267062312500001 0.9920913468749999 1 0.9920913468749999 1 0.68233173125