1 0.3345388375 0.6721946078125 0.379711728125 0.6708802109375 0.3790823296875 0.6348219578125 0.33390943906250004 0.6361363546875001 0.3345388375 0.6721946078125
1 0.3353088 0.54981883125 0.370606171875 0.5487917828125 0.369577509375 0.48985974375 0.3342801375 0.49088679218750003 0.3353088 0.54981883125
1 0.076856953125 0.8082042234375001 0.1090699546875 0.807266921875 0.10824871875 0.760218378125 0.07603571718749999 0.7611556796875 0.076856953125 0.8082042234375001
1 0.32350287187500004 0.9560188593750001 0.3823272140625 0.9543072453124999 0.381392775 0.900773265625 0.32256843281249997 0.9024848796875 0.32350287187500004 0.9560188593750001
1 0.42289666875 0.3249729734375 0.45329777499999996 0.3240883921875 0.45255280000000003 0.2814087796875 0.42215169374999995 0.2822933609375 0.42289666875 0.3249729734375
1 0.8172853375000001 0.36447477031250003 0.841490040625 0.363770484375 0.8408236984374999 0.3255957265625 0.8166189953125 0.3263000125 0.8172853375000001 0.36447477031250003
1 0.892527921875 0.18076610312500002 0.913800396875 0.1801471375 0.9133113156249999 0.1521277203125 0.8920388406249999 0.15274668593750002 0.892527921875 0.18076610312500002
1 0.8822132765624999 0.0893012 0.9075521421875001 0.0885639140625 0.9068132671875 0.0462338171875 0.8814744015624999 0.046971103125000004 0.8822132765624999 0.0893012
1 0.8705339999999999 0.6688476765625 0.9060526734375 0.6678141890625 0.9053734515625 0.62890156875 0.8698547781249999 0.62993505625 0.8705339999999999 0.6688476765625
1 0.6905769953124999 0.8454135828125 0.742997465625 0.8438883031250001 0.7422904515625001 0.8033834484375 0.68986998125 0.8049087281249999 0.6905769953124999 0.8454135828125
1 0.0779695734375 0.45533254375 0.10084647499999999 0.45466689374999997 0.10022317656249999 0.4189581546875 0.07734627499999999 0.4196238046875 0.0779695734375 0.45533254375
1 0.17358635 0.35669589375 0.20716864531249998 0.3557187484375 0.20636706718750003 0.30979641875 0.17278477187500002 0.3107735640625 0.17358635 0.35669589375
1 0.1679256296875 0.532250609375 0.193969890625 0.5314927984375 0.193097815625 0.4815316328125 0.1670535546875 0.48228944374999994 0.1679256296875 0.532250609375
1 0.7740179640625 0.049621796875 0.81051865625 0.048559734375000004 0.8097584296875 0.0050063359375 0.7732577375 0.0060683984375 0.7740179640625 0.049621796875
1 1 0.795875153125 0.9947799078124999 0.7960270421875 0.9955225109375 0.8385707312499999 1 0.83844045 1 0.795875153125
1 0.8668305421875001 0.8728939140625 0.923621690625 0.8712414609374999 0.92288654375 0.8291249562499999 0.8660953953125 0.830777409375 0.8668305421875001 0.8728939140625