3 0 0.9998845234375 0.9825451781250001 0.9941682421875001 0.9927444796874999 0.40985069375 0 0.4156263125 0 0.9998845234375
3 0.41843098593750006 0.2099396140625 0.4204789171875 0.0926137078125 0.13356067968750002 0.09428295 0.1315127484375 0.21160885624999998 0.41843098593750006 0.2099396140625
3 0.6600697640625001 0.42089385 0.662564525 0.2779690578125 0.24822490312499998 0.2803796140625 0.2457301421875 0.42330440625000004 0.6600697640625001 0.42089385
2 0.523283040625 0.6897682734374999 0.5249590171875 0.5937515609374999 0.376342665625 0.5946161859375 0.3746666890625 0.6906328984375001 0.523283040625 0.6897682734374999
2 0.8217705921875 0.527880859375 0.8229866124999999 0.4582151203125 0.394433153125 0.4607083703125 0.3932171328125 0.5303741093750001 0.8217705921875 0.527880859375
2 0.8678011359375001 0.4127361484375 0.8705638015625 0.2544631671875 0.6495575125 0.25574894375 0.646794846875 0.414021925 0.8678011359375001 0.4127361484375
2 0.6143130640625001 0.1600723640625 0.61619130625 0.052467906249999995 0.48801520624999994 0.05321361249999999 0.4861369640625 0.1608180703125 0.6143130640625001 0.1600723640625
2 0.6854649734375 0 0.6820700765625001 0.1944935703125 0.9965354859375 0.1926640640625 0.9998984484375001 0 0.6854649734375 0
20 0.2390726875 0.968635946875 0.2421878578125 0.7901679796875001 0.0165903734375 0.79148046875 0.013475203124999998 0.9699484359375001 0.2390726875 0.968635946875
20 0.7294975234375001 0.9594602609375 0.7329131734375001 0.763777809375 0.420774809375 0.7655937765624999 0.417359159375 0.9612762281249999 0.7294975234375001 0.9594602609375
20 0.8363010171875 0.9041647828125001 0.9841312062500001 0.9033047328125001 0.9854473859375 0.8279008328125 0.837617196875 0.8287608828125 0.8363010171875 0.9041647828125001
20 0.43487491718750004 0.6351210890625001 0.4398459640625 0.3503300015625 0.0289654609375 0.352720434375 0.0239944140625 0.637511521875 0.43487491718750004 0.6351210890625001
20 0.5502619625 0.342070009375 0.5533868562500001 0.163044940625 0.032254781249999996 0.1660767984375 0.0291298875 0.3451018671875 0.5502619625 0.342070009375
20 0 0.1665708265625 0.5167148421875 0.1635646671875 0.5193972828125 0.0098877875 0 0.012909553125 0 0.1665708265625
2 0.6453603046875 0.4151443640625 0.9926873484375 0.413123675 0.9998803921875 0.0010345375 0.6525533484375 0.0030552265625 0.6453603046875 0.4151443640625
6 0.69116098125 0.5095201015625 0.9910351953125 0.507775484375 0.9928069578125 0.40627130625 0.6929327437499999 0.40801592343750004 0.69116098125 0.5095201015625
6 0.1602003125 0.35507639375 0.16262651875 0.216079178125 0.0408655125 0.21678756250000003 0.03843930625 0.355784778125 0.1602003125 0.35507639375
3 0.9641005359375001 0.73584775625 0.9656068250000001 0.6495524921875 0.41051248593749995 0.6527819375 0.40900619687499995 0.7390772015625 0.9641005359375001 0.73584775625
3 0.800442684375 0.643703496875 0.8028538171875 0.5055697921875 0.5126651375 0.5072580609374999 0.5102540046875 0.645391765625 0.800442684375 0.643703496875
3 0.9207038203125 0.8586226078125 0.9226622890625 0.74642205 0.7002723515625 0.747715878125 0.6983138828125 0.8599164359374999 0.9207038203125 0.8586226078125
3 0.67522901875 0.9124688125 0.67377135 0.9959785625 0.9094317265624999 0.9946075296875 0.9108893953124999 0.9110977796874999 0.67522901875 0.9124688125
3 0.4020470109375 0.97924650625 0.40528178906249995 0.793926171875 0.2457849328125 0.794854096875 0.24255015468750002 0.98017443125 0.4020470109375 0.97924650625
3 0.3449709234375 0.19060576875 0.346429078125 0.1070681640625 0.1839762484375 0.1080132859375 0.18251809375 0.191550890625 0.3449709234375 0.19060576875
3 0.8635015156250001 0.24474201406249999 0.8645901484375 0.18237432656250002 0.732263103125 0.1831441828125 0.7311744703125 0.24551187031250002 0.8635015156250001 0.24474201406249999
3 0.9507716140625 0.3177505015625 0.9525054515625 0.21841902656249998 0.845964571875 0.2190388640625 0.8442307343750001 0.3183703390625 0.9507716140625 0.3177505015625
3 0.70512239375 0.1852378203125 0.706934025 0.0814495203125 0.560644715625 0.08230060624999999 0.558833084375 0.18608890625000002 0.70512239375 0.1852378203125
3 0.6269034437500001 0.4421431625 0.628222540625 0.36657213125 0.43029801250000005 0.367723621875 0.428978915625 0.443294653125 0.6269034437500001 0.4421431625
2 0.5195046828125001 0.5081234703125 0.5205500421875 0.44823489062500005 0.4362733125 0.448725196875 0.43522795312499996 0.5086137765625 0.5195046828125001 0.5081234703125
2 0.472715359375 0.65052609375 0.4735069140625 0.6051779046875 0.396588675 0.6056254015625 0.39579712031250003 0.650973590625 0.472715359375 0.65052609375
2 0.9884384859375 0.65473945625 0.989338953125 0.6031517125 0.8822320359375 0.6037748421875 0.88133156875 0.6553625859375 0.9884384859375 0.65473945625
2 0.9028419187500001 0.5723210734374999 0.9036879296875 0.52385310625 0.801486671875 0.5244476953125 0.8006406609375001 0.5729156625 0.9028419187500001 0.5723210734374999
2 0.592248675 0.1523603 0.5948061578125 0.0058421953125 0.5024791140625 0.0063793390625 0.49992163125 0.15289744375 0.592248675 0.1523603
2 0.4691621796875 0.1713614484375 0.46992504999999996 0.1276567140625 0.37055398125 0.1282348375 0.3697911109375 0.171939571875 0.4691621796875 0.1713614484375
2 0.2954347296875 0.11748916093749999 0.296533571875 0.0545365140625 0.2066593578125 0.055059385937500004 0.205560515625 0.11801203281249999 0.2954347296875 0.11748916093749999
2 0.2511713984375 0.21965833125 0.2519532296875 0.1748672453125 0.0777393921875 0.1758807921875 0.0769575609375 0.22067187812500003 0.2511713984375 0.21965833125