20 0.33143224375 0 0 0.00964369375 0 0.291327865625 0.9949122687499999 0.262378875 0.999492109375 0 0.33143224375 0
20 0 0.999492109375 0.2817776703125 0.9912932171875 0.289390603125 0.5551486390625 0 0.5635690453125 0 0.999492109375
2 0.2681441671875 0.45140220937500003 0.2644035953125 0.665699396875 0.426961140625 0.6609694546875 0.4307017125 0.44667226718749997 0.2681441671875 0.45140220937500003
2 0.44183578125 0.26571719531250004 0.4357258078125 0.6157573562499999 0.618692559375 0.6104335671875 0.6248025328125 0.26039340625 0.44183578125 0.26571719531250004
2 0.20109006406250002 0.3864495296875 0.199489315625 0.47815635624999997 0.3279547890625 0.4744183921875 0.3295555375 0.382711565625 0.20109006406250002 0.3864495296875
17 0.028494771875 0.44781840937500006 0.026627992187499998 0.5547662015625 0.2678300375 0.5477479375 0.2696968171875 0.4408001453125 0.028494771875 0.44781840937500006
20 0.5455340796875 0.4192468390625 0.5399337390625 0.7400902125 0.7920820765625 0.7327534453125 0.7976824171875 0.41191007187500006 0.5455340796875 0.4192468390625
2 0.7499914015625 0.5029509765625 0.7471340984375 0.6666457546875 0.8904589062499999 0.6624754296875001 0.8933162093749999 0.49878065156250007 0.7499914015625 0.5029509765625
3 0.772703028125 0.21594969531250002 0.7673683687499999 0.521572184375 0.9799259140625001 0.5153873921875001 0.9852605734375001 0.209764903125 0.772703028125 0.21594969531250002
3 0.6330563125 0.24811117187499998 0.630324490625 0.40461719531250007 0.7910661796875 0.399940090625 0.7937980015625 0.2434340671875 0.6330563125 0.24811117187499998
3 0.351473528125 0.67644230625 0.34601040781250003 0.9894242343749999 0.9668543968750001 0.9713595203125 0.9723175171875 0.6583775921874999 0.351473528125 0.67644230625
3 0.32246260625 0.307986146875 0.3200392265625 0.4468214890625 0.4648474109375 0.442608 0.46727079062500004 0.3037726578125 0.32246260625 0.307986146875