1 0.7008332453125 0.2566560859375 0.6368457328125 0.2551667609375 0.6349289015624999 0.36498195624999996 0.6989164140625 0.36647128125 0.7008332453125 0.2566560859375
1 0.8520532218750001 0.020258009375 0.7606526875 0.018130639062500002 0.7591736671875 0.10286369843750001 0.8505742015625 0.10499106875 0.8520532218750001 0.020258009375
1 0.9976164359374999 0.159573921875 0.914645875 0.15764276093750001 0.912365425 0.2882895796875 0.9953359859375001 0.29022074062500003 0.9976164359374999 0.159573921875
1 0.875537340625 0.2608096734375 0.8125221765624999 0.25934297968750003 0.8111467390625 0.3381417484375 0.874161903125 0.33960844218749997 0.875537340625 0.2608096734375
1 0.701817746875 0.0634896625 0.5809435265625 0.060676284375 0.577411653125 0.263017146875 0.6982858734375 0.26583052500000004 0.701817746875 0.0634896625
1 0.53885499375 0.09580475625 0.4637702484375 0.09405713906249999 0.4621944546875 0.184334346875 0.5372792 0.1860819640625 0.53885499375 0.09580475625
1 0.4783666828125 0.0725348140625 0.47943800156250005 0.01115904375 0.4032738625 0.009386303125 0.40220254375 0.07076207343749999 0.4783666828125 0.0725348140625
1 0.5521327296874999 0.7099257 0.38225761875000003 0.7059718125 0.3808441890625 0.786947171875 0.5507193 0.790901059375 0.5521327296874999 0.7099257
1 0.8404432796875 0.7909682375 0.6066609421875 0.7855268921875 0.6033801421875 0.9734837703125001 0.8371624796875 0.978925115625 0.8404432796875 0.7909682375
1 0.280048540625 0.6504912218750001 0.18802356250000002 0.6483493171875 0.1852624734375 0.8065320687499999 0.2772874515625 0.8086739734374999 0.280048540625 0.6504912218750001
1 0.366726240625 0.8649049859375 0.29052641874999996 0.863131415625 0.2886836015625 0.9687063640625 0.3648834234375 0.970479934375 0.366726240625 0.8649049859375
1 0.2374359046875 0.1312653296875 0.129202184375 0.12874616249999998 0.126924425 0.2592389765625 0.2351581453125 0.26175814375 0.2374359046875 0.1312653296875
1 0.074911575 0.2442958859375 0.010629684375 0.242799709375 0.009115 0.32957589062500003 0.073396890625 0.3310720671875 0.074911575 0.2442958859375
1 0.21098986718749999 0.48322110625 0.1732110984375 0.48234179531250004 0.1723403171875 0.5322288578125 0.2101190859375 0.53310816875 0.21098986718749999 0.48322110625
1 0 0.5435164125 0.063380253125 0.5449916046875 0.06526661875 0.43692179062500003 0 0.43540269374999996 0 0.5435164125
1 0.18229866249999999 0.8584811296874999 0.112066728125 0.8568464640625001 0.110609034375 0.9403577578125001 0.18084096875 0.9419924234374999 0.18229866249999999 0.8584811296874999
1 0 0.9122904046875 0.035554278125 0.9131179390625 0.036678284374999995 0.8487236890625001 0 0.8478699921875 0 0.9122904046875
1 0.7353198578125 0.48602181875 0.659093275 0.48424762499999996 0.657164615625 0.5947404374999999 0.7333911984375 0.59651463125 0.7353198578125 0.48602181875