20 0.00964859375 0 0.00964859375 1 0.291475903125 1 0.291475903125 0 0.00964859375 0
20 1 0.7007672640625 0.563855421875 0.7007672640625 0.563855421875 1 1 1 1 0.7007672640625
2 0.4594377515625 0.7238363171875 0.6737349390625 0.7238363171875 0.6737349390625 0.561278771875 0.4594377515625 0.561278771875 0.4594377515625 0.7238363171875
2 0.278714859375 0.5532992328125 0.6287550203125 0.5532992328125 0.6287550203125 0.37033248125 0.278714859375 0.37033248125 0.278714859375 0.5532992328125
2 0.39249999999999996 0.7920588234375 0.48420682656249997 0.7920588234375 0.48420682656249997 0.66359335 0.39249999999999996 0.66359335 0.39249999999999996 0.7920588234375
17 0.4488755015625 0.9636700765624999 0.55582329375 0.9636700765624999 0.55582329375 0.72246803125 0.4488755015625 0.72246803125 0.4488755015625 0.9636700765624999
20 0.435341365625 0.4468670078125 0.7561847390625 0.4468670078125 0.7561847390625 0.1947186703125 0.435341365625 0.1947186703125 0.435341365625 0.4468670078125
2 0.5250401609375001 0.24084398906249999 0.6887349390625 0.24084398906249999 0.6887349390625 0.09751918125 0.5250401609375001 0.09751918125 0.5250401609375001 0.24084398906249999
3 0.2385542171875 0.2231329921875 0.54417670625 0.2231329921875 0.54417670625 0.010575446875 0.2385542171875 0.010575446875 0.2385542171875 0.2231329921875
3 0.2666666671875 0.362289003125 0.42317269062499996 0.362289003125 0.42317269062499996 0.2015473140625 0.2666666671875 0.2015473140625 0.2666666671875 0.362289003125
3 1 0.0156905375 0.6870180718750001 0.0156905375 0.6870180718750001 0.6365345265625 1 0.6365345265625 1 0.0156905375
3 0.3175301203125 0.671994884375 0.4563654625 0.671994884375 0.4563654625 0.5271867 0.3175301203125 0.5271867 0.3175301203125 0.671994884375