14 0.75349975 0.2537478609375 0.69472089375 0.30164595 0.6837194484375 0.35440080625000003 0.6960440140624999 0.3707729 0.7243396109375 0.372823784375 0.78467613125 0.34198458125000003 0.799744746875 0.32444351562499996 0.8084470390625 0.2864873015625 0.7981744640625 0.2659357421875 0.75349975 0.2537478609375
14 0.723337271875 0.2059322109375 0.6820250515625 0.2172429265625 0.6591439375 0.234511171875 0.6789844046875 0.2638990953125 0.7130405109375 0.2704022640625 0.7389748953125 0.2479267359375 0.723337271875 0.2059322109375
14 0.40374419375 0.5837495078125 0.39268069375 0.5971793125 0.3879340859375 0.6331481015625 0.4135844984375 0.6648644734375 0.4592604890625 0.6760245406250001 0.4927602109375 0.6644410078125 0.49204290625 0.6112769234375001 0.46228851249999997 0.5879194828125 0.4253768671875 0.5781282546875001 0.40374419375 0.5837495078125
14 0.5292258984375 0.5254273656249999 0.521685809375 0.5974331484375 0.5448761453125 0.608870778125 0.5706622343750001 0.5927667578125 0.5911327046875 0.5530959359375001 0.5924179578125 0.497876221875 0.5764343046875 0.4707485453125 0.54779268125 0.4835645046875 0.5292258984375 0.5254273656249999
14 0.6374628890625 0.41017564687499997 0.617375253125 0.3914068984375 0.5746168593750001 0.4228599453125 0.5818855968750001 0.44649495000000006 0.6050759343750001 0.45793258124999997 0.640825375 0.43367424374999997 0.6374628890625 0.41017564687499997
14 0.825481403125 0.310463328125 0.8530849390625 0.3422479078125 0.8890447390625 0.35094311562499997 0.9147813921875001 0.336962928125 0.915720615625 0.29661005937499996 0.8569165109375 0.261610375 0.8352838374999999 0.2672316296875 0.8222177796875 0.2827170625 0.825481403125 0.310463328125
14 0.4938235421875 0.7027382453125 0.49869426250000004 0.7454195625 0.5354576093750001 0.7615822953125 0.5938904359375 0.7285510515625 0.61296416875 0.706898728125 0.60594259375 0.672644546875 0.570477125 0.6427109859375 0.5310191609375 0.6583375734375 0.4938235421875 0.7027382453125
14 0.939803915625 0.7735768171874999 0.973946265625 0.73438343125 0.9765420140625001 0.7068417765625 0.9624126203125 0.6840299734374999 0.9329180156250001 0.69150224375 0.8915195515625 0.7485095171875 0.899888434375 0.7668690375 0.939803915625 0.7735768171874999
14 0.3047038265625 0.6398066625000001 0.2460606421875 0.6398843578125 0.2192732765625 0.6570161953125 0.2128701390625 0.6801737671875 0.2212390234375 0.6985332859375 0.25409611875000004 0.7145596109375 0.3155454078125 0.7198938109374999 0.34733916875 0.6976228984375 0.34402611250000004 0.6720004671875001 0.32599046875000004 0.649052253125 0.3047038265625 0.6398066625000001
14 0.05418530781250001 0.7373364328124999 0.038412009375 0.7431622984375 0.029400501562499997 0.7524126390625 0.028461278125 0.7927655046875 0.0486604015625 0.8487354703125 0.070651725 0.8696962578124999 0.12233538906250001 0.874689434375 0.1365015921875 0.8539285140624999 0.1221124125 0.8002869968749999 0.08323502187500001 0.7489786781250001 0.05418530781250001 0.7373364328124999
14 0.46319304062500005 0.9269781109374999 0.49270026875 0.9609547265625 0.5249515484375 0.9610181875 0.5431722999999999 0.9340221703125 0.540749034375 0.8701707078125 0.5227628234374999 0.8450986578125 0.49932532343749997 0.8442802015625 0.47238965781250003 0.8677835453125 0.46319304062500005 0.9269781109374999
7 0.6833809234375 0.666802790625 0.9828844703125 0.677261684375 0.9890999812500001 0.41021798125000003 0.6895964343750001 0.3997590875 0.6833809234375 0.666802790625
7 0.8532522 1 0.86036478125 0.6944144890625 0.6298210453124999 0.686363725 0.6225210796875 1 0.8532522 1
7 0.1420610109375 0.9684425796875 0.43435415624999996 0.97864968125 0.43925452500000006 0.7681098359375 0.1469613796875 0.757902734375 0.1420610109375 0.9684425796875
7 0.2807681125 0.5704270328125001 0.48483430624999996 0.57755318125 0.4903108734375 0.34225755156250004 0.2862446796875 0.335131403125 0.2807681125 0.5704270328125001