19 0.9826464843749999 1 0.9863590203125 0.7873090578124999 0 0.7815705890625 0 1 0.9826464843749999 1
19 0.3488098046875 0.8018035078124999 0.9824136234375 0.8054897078125001 0.9854881640625001 0.62934935625 0.3518843453125 0.62566315625 0.3488098046875 0.8018035078124999
19 0.586932303125 0.60582233125 0.963591015625 0.6080136671874999 0.96689599375 0.4186715625 0.5902372812500001 0.4164802265625 0.586932303125 0.60582233125
19 0.8413810765624999 0.38796022343750003 0.9933142515625001 0.3888441453125 0.9991218875 0.056124846875 0.8471887125 0.055240924999999996 0.8413810765624999 0.38796022343750003
20 0.5805973515625 0.3944262953125 0.7283300484375 0.3952857796875 0.731370903125 0.22107525312499998 0.5836382062500001 0.22021576875 0.5805973515625 0.3944262953125
20 0.27804031875 0.7388196406249999 0.37479449531250003 0.7393825406250001 0.3782709625 0.5402158734375 0.28151678593749996 0.5396529734375 0.27804031875 0.7388196406249999
20 0.240398909375 0.4844958984375 0.3568189578125 0.4851732109375 0.35956353750000003 0.32793636875 0.2431434890625 0.32725905625 0.240398909375 0.4844958984375
20 0.21783068437500003 0.2855505546875 0.35868987343750003 0.28637004843749997 0.3620782984375 0.0922472421875 0.221219109375 0.0914277484375 0.21783068437500003 0.2855505546875
20 0.370868184375 0.7010882656249999 0.48115458125000005 0.70172989375 0.48900323593749995 0.252080771875 0.37871683906250003 0.25143914375 0.370868184375 0.7010882656249999
20 0.8232746953125 1 0.825186325 0.8904828312499999 0.7061887109375 0.8897905234374999 0.704264996875 1 0.8232746953125 1
20 0.6547517875 0.7373047671874999 0.7574009515625 0.7379019625 0.75927048125 0.6307966984375 0.6566213171874999 0.630199503125 0.6547517875 0.7373047671874999
20 0.7506384484375 0.41015390468749996 0.929659928125 0.4111954203125 0.9319811453125 0.2782129640625 0.7529596656249999 0.27717144843749997 0.7506384484375 0.41015390468749996
20 0.8616969796875 0.17511819687500002 0.864665871875 0.005030478125 0.7456921234375 0.004338309375 0.7427232312500001 0.17442602812500002 0.8616969796875 0.17511819687500002