5 0.0125920140625 0.31352921562499997 0.2427410453125 0.31754648125 0.2462609515625 0.015046481249999999 0.0161119203125 0.011029215625 0.0125920140625 0.31352921562499997
5 0.282785775 0.351550546875 0.8247678921875 0.3610108796875 0.8287356406249999 0.0200234859375 0.2867535234375 0.010563153124999999 0.282785775 0.351550546875
5 0.34853632968750003 0.6218915484374999 0.6770162109375 0.6276251859374999 0.680000271875 0.37117560625 0.351520390625 0.36544196875 0.34853632968750003 0.6218915484374999
5 0.7022782109375 0.6683159062499999 0.834945871875 0.670631628125 0.8383980640625 0.3739509546875 0.705730403125 0.3716352328125 0.7022782109375 0.6683159062499999
5 0.8040340796875001 0.3814515140625 0.9957255843749999 0.384797503125 0.9989873453125 0.10448237656249999 0.807295840625 0.10113638750000001 0.8040340796875001 0.3814515140625
5 0.5322611109375 0.9012469890625001 0.9217096937499999 0.9080448390625 0.9237706921875001 0.730922990625 0.534322109375 0.724125140625 0.5322611109375 0.9012469890625001
5 0.8451187265625 0.7609955765625 0.9676820640624999 0.7631349281250001 0.9704082250000001 0.5288492140625001 0.8478448875 0.5267098625 0.8451187265625 0.7609955765625
5 0.9885670546875 1 0.9897071046875 0.90202439375 0.7820170890625 0.89839915 0.78083485625 1 0.9885670546875 1
11 0.138322634375 0.7153743359375 0.3276221875 0.7186785718750001 0.328750590625 0.62170378125 0.1394510375 0.6183995453125 0.138322634375 0.7153743359375
11 0 0.57140805 0.0449545015625 0.572192734375 0.0475229890625 0.351457440625 0 0.3506279234375 0 0.57140805
11 0.2496221984375 0.9809525453125 0.3402928390625 0.9825352078125 0.34273323125 0.7728083171875 0.25206259062499997 0.7712256546875 0.2496221984375 0.9809525453125
11 0.47785231718750004 1 0.4788944 0.9104435765625001 0.3661075140625 0.9084748749999999 0.3650425234375 1 0.47785231718750004 1
11 0.40439594999999995 0.8948545859375001 0.5174212859375 0.8968274515625 0.5183846828124999 0.8140333328124999 0.40535934687499997 0.8120604671875 0.40439594999999995 0.8948545859375001
11 0.6284044984375 1 0.62873006875 0.972020521875 0.541308309375 0.9704945687500001 0.5409649828124999 1 0.6284044984375 1
11 0.047269501562499996 0.7165586703125 0.1190280703125 0.7178112203125 0.12208522343749999 0.4550801265625 0.05032665468750001 0.45382757656250006 0.047269501562499996 0.7165586703125
11 0.1406154484375 0.8347453109374999 0.2642518125 0.8369033921875 0.26519491875 0.755852971875 0.1415585546875 0.7536948906250001 0.1406154484375 0.8347453109374999