3 0.1730885765625 0.0321988828125 0.16334850781250002 0.45067193593750005 0.8278866609375 0.43133584999999997 0.8376267296875 0.012862796874999999 0.1730885765625 0.0321988828125
3 0 0.8493495453125 0.5955591375 0.8320205453125 0.6052601828124999 0.4152241375 0.0031718296875 0.43274311875000004 0 0.5690178375 0 0.8493495453125
3 0.24749751406249998 0.039892390625 0.2413734734375 0.3030061625 0.8160722687499999 0.2862841359375 0.822196309375 0.0231703640625 0.24749751406249998 0.039892390625
3 0.0694492078125 0.310447115625 0.06223596875 0.6203572953125 0.6237219125 0.6040197234375 0.6309351515625 0.29410954375 0.0694492078125 0.310447115625
3 0 0.7980370140625 0.500870725 0.7834631640625 0.5051627109375 0.5990619671874999 0 0.6137607015625 0 0.7980370140625
3 0.3426430296875 0.811120359375 0.339908534375 0.9286053890625 0.520310140625 0.9233562390625 0.5230446359375 0.805871209375 0.3426430296875 0.811120359375
3 0 0.9280836125 0.14165706718749999 0.9239618125 0.1440277984375 0.8221055249999999 0 0.8262963062500001 0 0.9280836125
20 0.1694281671875 0.7550341578124999 0.1641069140625 0.9836569125000001 0.34454868125 0.9784065937499999 0.34986993437499997 0.7497838390625 0.1694281671875 0.7550341578124999
20 0.5005011890625 0.5743192546875 0.4966684375 0.7389899125 0.7829334984375 0.73066045 0.78676625 0.5659897921875 0.5005011890625 0.5743192546875
20 0.7093665390624999 0.8980184046874999 0.9786034875 0.890184409375 0.9824069703125 0.7267712359375 0.713170021875 0.73460523125 0.7093665390624999 0.8980184046874999
20 0.6653366421875 0.26449023125000004 0.6614551093750001 0.4312566984375 0.9769169578125 0.422077696875 0.980798490625 0.25531122968750003 0.6653366421875 0.26449023125000004
20 0.841919390625 0 0.8363335140625001 0.23999203281249998 0.9938435546875001 0.235408959375 0.9993227593749999 0 0.841919390625 0
20 0.49796887031250003 0.9158980265625001 0.49636329687499997 0.9848800625 0.735399440625 0.9779248203125 0.7370050140625 0.908942784375 0.49796887031250003 0.9158980265625001