14 0.10829144531249998 0.2833358 0.16321182812499999 0.2952524453125 0.1764793390625 0.278357128125 0.1739880296875 0.23653378125 0.1549995328125 0.20327286406249997 0.14271384843749998 0.1971379703125 0.10506973906249999 0.2101317015625 0.09664673593749999 0.2395263453125 0.0986998109375 0.26252124062500004 0.10829144531249998 0.2833358
14 0.1946480234375 0.2111819796875 0.1972446875 0.1923182125 0.1855025921875 0.14432465781249998 0.17781795312499998 0.14022884375 0.16787749999999999 0.169641146875 0.166993059375 0.19685545625 0.17501855 0.215595621875 0.187206846875 0.217546415625 0.1946480234375 0.2111819796875
14 0.300155996875 0.44014213125 0.3274214171875 0.4377322515625 0.3421089953125 0.4166351796875 0.3426038921875 0.3726844671875 0.325619775 0.36032639375 0.2967882125 0.36066187968749996 0.271332403125 0.37560640312500004 0.2689305109375 0.40283837031249997 0.2738237140625 0.41742975 0.300155996875 0.44014213125
14 0.1399640265625 0.66591613125 0.1286114765625 0.6346589781249999 0.119312 0.6263967203125 0.10110259218749999 0.62660860625 0.09224135156249999 0.6371748 0.09629880625000001 0.681072540625 0.11338030937500002 0.6976147140625 0.13442984687499998 0.6889993125 0.1399640265625 0.66591613125
14 0.2874249984375 0.87136933125 0.3125806828125 0.9087437203125001 0.3260429671875 0.9002166062500001 0.3357886484375 0.8624361015625001 0.353365046875 0.8350275640625 0.35263465156249996 0.8036468109375001 0.346272690625 0.7911651375 0.32179870781250003 0.78307945 0.292131396875 0.8127212968749999 0.286645909375 0.837896528125 0.2874249984375 0.87136933125
14 0.3083116328125 0.594900875 0.3009758125 0.5405781984375 0.29153025625 0.526039790625 0.2626013078125 0.522191175 0.24478144375 0.5391394625 0.24864412656249998 0.5746690015625 0.266212559375 0.6121316765625 0.29675634375 0.620146734375 0.3083116328125 0.594900875
14 0.17019971875 0.791121315625 0.17260161093749998 0.7638893484375 0.158652396875 0.7514959609375 0.1434778890625 0.7516725328125 0.12556063906249998 0.7644367203125 0.12301266875000001 0.7853925359375 0.129423321875 0.799966259375 0.1493449546875 0.8081049171875 0.17019971875 0.791121315625
14 0.1933182640625 0.6757583828125 0.1444189921875 0.661679059375 0.1357038328125 0.6785214046875 0.1349167765625 0.709919815625 0.1412787375 0.7224014859375 0.1960043484375 0.72594993125 0.20452473593749998 0.7007393859375 0.1933182640625 0.6757583828125
14 0.28480354218750004 0.69352740625 0.252547534375 0.6771618046875 0.2406027015625 0.6856712625 0.244416690625 0.7191087515625 0.26149819218750003 0.7356509250000001 0.28719746874999996 0.7311666531250001 0.28964805312499997 0.7060267359375 0.28480354218750004 0.69352740625
14 0.3641979078125 0.7135297375 0.3440328125 0.6949308281250001 0.3291017703125 0.70556765 0.33272098906249997 0.7306369390625 0.3406490921875 0.7451930046874999 0.3606194171875 0.7554237140625 0.367719740625 0.734414925 0.3641979078125 0.7135297375
14 0.3019018671875 0.971646484375 0.30136624375 0.9486339328125 0.291871996875 0.9320034734375 0.2720477515625 0.928048915625 0.2616690625 0.938632765625 0.26063854218750004 0.9595709265625001 0.2764460578125 0.98659100625 0.29166925625 0.988506484375 0.3019018671875 0.971646484375
14 0.3807119171875 0.9665442125 0.3978908046875 0.9872704859375 0.4187942640625 0.9723789359375001 0.4211474625 0.94305491875 0.4054373328125 0.9202189359374999 0.3734247890625 0.9143135859375 0.357073684375 0.9291521656249999 0.35599446874999996 0.947998275 0.363971265625 0.964646390625 0.3807119171875 0.9665442125
14 0.5453349546874999 0.93114678125 0.549205603125 0.90180510625 0.53496423125 0.87685941875 0.5257621421875001 0.8727812609375001 0.51543214375 0.8854571625000001 0.51435293125 0.9043032703125 0.5241393375000001 0.93348603125 0.534858878125 0.93754653125 0.5453349546874999 0.93114678125
14 0.7284507 0.5816416484375 0.7572822625 0.5813061625 0.771726375 0.5497488374999999 0.7676689203125 0.5058510968750001 0.7442741515625 0.4789193015625 0.7229811484375 0.4770744515625 0.71700873125 0.4813291796875 0.7101518734375001 0.51279821875 0.7142580203125 0.558788009375 0.7284507 0.5816416484375
14 0.8900140437499999 0.3495738390625 0.8921724718749999 0.311881621875 0.8779311 0.28693593281249996 0.8641279640624999 0.280818696875 0.853895353125 0.2976786984375 0.8514934609375 0.3249106640625 0.8581475796875001 0.3499446390625 0.8706767296875 0.3665397828125 0.8900140437499999 0.3495738390625
14 0.9424510843749999 0.2547959234375 0.9269357250000001 0.2403281421875 0.9136195203125 0.2551314078125 0.9127837718749999 0.28443776875000004 0.9209066484375 0.307362034375 0.9330949468749999 0.309312828125 0.9432788656250001 0.2903607765625 0.9424510843749999 0.2547959234375
14 0.9000120468749999 0.6487017046875 0.9164605390625 0.6380472265625 0.931099421875 0.6148581015625 0.9420703953125 0.5645076390625 0.9381590203125001 0.52688605 0.9108449078125 0.527203878125 0.880690665625 0.535925221875 0.8660517828125001 0.5591143453125 0.8844966875000001 0.634233925 0.9000120468749999 0.6487017046875
14 0.9724760703124999 0.501375334375 0.973019659375 0.459516671875 0.9605392046875 0.44501357812500003 0.9453160031250001 0.44309809843750003 0.9289648968750001 0.457936678125 0.929792678125 0.49350153125 0.9395303921875 0.5205922421875 0.9518647703124999 0.5288191859375 0.9724760703124999 0.501375334375
14 0.9132069625 0.8243279796874999 0.9128661109375 0.809683628125 0.9083704203125 0.7469574359375 0.8957925781249999 0.728270240625 0.8866391796875 0.726284134375 0.8509020656249999 0.7559966078125 0.8453678859375 0.7790797890625 0.8519733125 0.8020217125 0.8676834421875 0.82485769375 0.8744836406250001 0.8561678171875 0.8707590703125 0.8917856437499999 0.8791254109375 0.9251701609375 0.896060834375 0.9354361843750001 0.9079082812499999 0.922742625 0.9104562515625 0.9017868078125 0.887945925 0.847640703125 0.896661084375 0.830798359375 0.9132069625 0.8243279796874999