5 0.016236959375000002 0.3132457984375 0.24638599062500002 0.3132457984375 0.24638599062500002 0.010745798437499999 0.016236959375000002 0.010745798437499999 0.016236959375000002 0.3132457984375
5 0.28681818125 0.3465441171875 0.8288002984375 0.3465441171875 0.8288002984375 0.0055567234375 0.28681818125 0.0055567234375 0.28681818125 0.3465441171875
5 0.355700446875 0.6156827734375 0.684180328125 0.6156827734375 0.684180328125 0.35923319375 0.355700446875 0.35923319375 0.355700446875 0.6156827734375
5 0.7099105812500001 0.6559243703125001 0.8425782421875001 0.6559243703125001 0.8425782421875001 0.359243696875 0.7099105812500001 0.359243696875 0.7099105812500001 0.6559243703125001
5 1 0.0870273109375 0.8083084953125 0.0870273109375 0.8083084953125 0.3673424375 1 0.3673424375 1 0.0870273109375
5 0.5426378546875 0.891775209375 0.9320864375 0.891775209375 0.9320864375 0.7146533609375 0.5426378546875 0.7146533609375 0.5426378546875 0.891775209375
5 0.8538002984374999 0.7460924375 0.9763636359375001 0.7460924375 0.9763636359375001 0.5118067234375 0.8538002984374999 0.5118067234375 0.8538002984374999 0.7460924375
5 1 0.884569328125 0.792309984375 0.884569328125 0.792309984375 1 1 1 1 0.884569328125
11 0.1466169890625 0.7128151265625 0.3359165421875 0.7128151265625 0.3359165421875 0.6158403359375 0.1466169890625 0.6158403359375 0.1466169890625 0.7128151265625
11 0.0014828609374999998 0.5712920171875 0.0516020859375 0.5712920171875 0.0516020859375 0.3505567234375 0.0014828609374999998 0.3505567234375 0.0014828609374999998 0.5712920171875
11 0.26098360625 0.9763970593750001 0.351654246875 0.9763970593750001 0.351654246875 0.7666701687499999 0.26098360625 0.7666701687499999 0.26098360625 0.9763970593750001
11 0.3766020859375 0.9999894953125 0.48938897187499997 0.9999894953125 0.48938897187499997 0.9019012609375 0.3766020859375 0.9019012609375 0.3766020859375 0.9999894953125
11 0.41472429218749995 0.887615546875 0.527749628125 0.887615546875 0.527749628125 0.8048214281250001 0.41472429218749995 0.8048214281250001 0.41472429218749995 0.887615546875
11 0.552488821875 0.9999894953125 0.63991058125 0.9999894953125 0.63991058125 0.9608508406249999 0.552488821875 0.9608508406249999 0.552488821875 0.9999894953125
11 0.055596124999999996 0.7155882359375 0.12735469375 0.7155882359375 0.12735469375 0.4528571421875 0.055596124999999996 0.4528571421875 0.055596124999999996 0.7155882359375
11 0.1502980625 0.8321218484375 0.2739344265625 0.8321218484375 0.2739344265625 0.751071428125 0.1502980625 0.751071428125 0.1502980625 0.8321218484375