2 0.553240740625 0.56221758125 0.578703703125 0.5536801796875 0.5925925921874999 0.5401765578125 0.5995370375 0.49986769999999997 0.578703703125 0.4781768234375 0.578703703125 0.407707025 0.571759259375 0.390968903125 0.5601851859375 0.3860026828125 0.516203703125 0.3896142640625 0.4421296296875 0.42192440937500003 0.40277777812500004 0.42215335156249995 0.3726851859375 0.4474962109375 0.3634259265625 0.469362159375 0.3796296296875 0.541415540625 0.4375 0.57295805625 0.4768518515625 0.5744069656249999 0.553240740625 0.56221758125
16 0.5694444437499999 0.4195058609375 0.546296296875 0.41964053281249997 0.5231481484375 0.4382315796875 0.54398148125 0.46495601249999996 0.571759259375 0.46982796406249994 0.5763888890625 0.4278547203125 0.5694444437499999 0.4195058609375
2 0.5 0.367896453125 0.5231481484375 0.36776178125 0.5370370375 0.35929171718749997 0.5416666671875 0.3441641109375 0.534722221875 0.2821239765625 0.48148148125 0.2471988234375 0.41898148125 0.245884584375 0.365740740625 0.2881406390625 0.35648148125 0.3351743734375 0.3611111109375 0.380449453125 0.3773148140625 0.395455853125 0.4143518515625 0.3935625265625 0.5 0.367896453125
2 0.6851851859375 0.7158123671875 0.7013888890625 0.626791921875 0.696759259375 0.6100403328125 0.678240740625 0.5984031046875 0.5949074078125001 0.5787536953125 0.5324074078125001 0.6093186515625 0.4861111109375 0.6498564531250001 0.5 0.6984333656249999 0.5879629625 0.7365122171875 0.6481481484375 0.7445513312500001 0.6851851859375 0.7158123671875
2 0.840277778125 0.5655812046875 0.858796296875 0.5403056828125 0.8611111109375 0.49666805468749997 0.8518518515625001 0.47155413749999997 0.8263888890625 0.4582794578125 0.7916666671875 0.453447909375 0.70601851875 0.405288478125 0.6620370375 0.48775911875 0.6574074078125001 0.5364437718749999 0.6736111109375 0.5699065484375 0.7106481484375 0.59318100625 0.8171296296874999 0.5808165484375001 0.840277778125 0.5655812046875
2 0.91898148125 0.74297566875 0.9351851859375 0.692545828125 0.9375 0.6489081999999999 0.91898148125 0.6137810390625 0.89351851875 0.5887613921875 0.8680555562500001 0.583875975 0.7870370375 0.6011258515625 0.7731481484375 0.649864371875 0.7731481484375 0.73711269375 0.7986111109375 0.762132340625 0.8680555562500001 0.7617283234375 0.91898148125 0.74297566875
2 1 0.329752640625 0.9606481484374999 0.3081695015625 0.902777778125 0.30682832968749996 0.8726851859375 0.29693628906249997 0.840277778125 0.3021583859375 0.8055555562500001 0.3308838859375 0.7800925921874999 0.3763340375 0.7916666671875 0.40646804375 0.8333333328125001 0.4481719421875 0.8981481484374999 0.47631835 0.9675925921875 0.47423648281249997 1 0.450558009375 1 0.42203451875000003 0.9884259265625 0.41874615000000004 0.9699074078125 0.380263284375 0.972222221875 0.36347129375 1 0.354920425 1 0.329752640625
2 0.8981481484374999 0.27665392187500004 0.9351851859375 0.2445592515625 0.9375 0.209310884375 0.9606481484374999 0.1722634609375 0.902777778125 0.1423987984375 0.8819444437499999 0.1408421515625 0.83101851875 0.1881182953125 0.83101851875 0.2183196375 0.847222221875 0.25346026718750003 0.8680555562500001 0.27515114218750003 0.8981481484374999 0.27665392187500004
2 1 0.4891486125 0.95601851875 0.47765952343749996 0.8958333328125001 0.48304322656250004 0.8819444437499999 0.49319114375 0.8611111109375 0.5386143624999999 0.8449074078125 0.5538093046875 0.8449074078125 0.5672321234375 0.884259259375 0.58545955625 0.902777778125 0.587029671875 0.9074074078125 0.5752577703124999 0.9166666671874999 0.5752039015625 0.91898148125 0.59029110625 0.946759259375 0.60355231875 1 0.6099539828125 1 0.4891486125
2 0.48148148125 0.8814270109375 0.4606481484375 0.88322606875 0.46527777812500004 0.8915883953125 0.4861111109375 0.891467190625 0.48842592656250006 0.9082322453125 0.4675925921875 0.899964190625 0.45601851875 0.90338723125 0.4513888890625 0.9470383265625 0.41203703750000004 0.9707572015625001 0.4143518515625 0.9824887 0.44444444375 0.9974142984375 0.5578703703125 0.9967544046875 0.578703703125 0.9865660859375 0.597222221875 0.9965254625 0.7129629625 0.9958521031249999 0.7361111109375 0.9705496453125001 0.7523148140625 0.8983077249999999 0.70601851875 0.896899215625 0.571759259375 0.8557340046874999 0.5486111109375 0.8541908234375001 0.48148148125 0.8814270109375
2 0.37689755156250004 0 0.36805555624999997 0.046516434375 0.3773148140625 0.064918940625 0.4421296296875 0.0829982359375 0.5069444437499999 0.087654709375 0.5578703703125 0.0705799078125 0.546296296875 0.008566707812500001 0.536095646875 0 0.515178028125 0 0.47453703750000004 0.0073063390625 0.45601851875 0.007414076562499999 0.44570707499999995 0 0.37689755156250004 0
2 0.270614065625 0 0.25694444375000003 0.0085722546875 0.23379629687499998 0.0036733703125000003 0.22453703749999998 0.0104386484375 0.2175925921875 0.0473918015625 0.222222221875 0.0624655375 0.2523148140625 0.0773911359375 0.296296296875 0.077135259375 0.3518518515625 0.063389228125 0.375 0.0397646234375 0.3772850875 0 0.270614065625 0