11 0.6939281109375 0.66802909375 0.6960617296875 0.3012913890625 0.5144106984375 0.29917768906250003 0.5122770796875 0.66591539375 0.6939281109375 0.66802909375
19 0.9785764453124999 0.996248515625 0.9843058156250001 0.011453434375 0.854606003125 0.009944240625 0.8488766328124999 0.9947393218749999 0.9785764453124999 0.996248515625
19 0.835271 1 0.8356089156250001 0.9419174390625 0.64581529375 0.939708990625 0.6454645296875 1 0.835271 1
2 0.47623539687500005 0.41239690937500006 0.47860225156249997 0.005569040625 0.265825515625 0.003093159375 0.2634586609375 0.40992102812500003 0.47623539687500005 0.41239690937500006
2 0.2542119328125 0.370630453125 0.2552224234375 0.196941928125 0.170588278125 0.1959571203125 0.16957778750000002 0.3696456453125 0.2542119328125 0.370630453125
2 0.20212862187499997 0.4153061625 0.202502965625 0.3509619 0.1633097203125 0.3505058453125 0.16293537656249998 0.41485010781250004 0.20212862187499997 0.4153061625
2 0 0.38943619687500003 0.1245356046875 0.3908853 0.12496765000000001 0.3166230046875 0 0.315168875 0 0.38943619687500003
2 0.26626665625 0.18527455937499998 0.26648983125000003 0.146913903125 0.20996074999999997 0.146256128125 0.20973757499999998 0.184616784375 0.26626665625 0.18527455937499998
2 0.1740469265625 0.2738960828125 0.1745365765625 0.1897321484375 0.10523076093749999 0.1889257015625 0.1047411109375 0.2730896359375 0.1740469265625 0.2738960828125
2 0 0.6247226171875 0.3873976109375 0.6292303968749999 0.3886976578125 0.40577137968750004 0 0.40124847187499996 0 0.6247226171875
9 0.5210216796875 0.6754112234375 0.5219808578125 0.510542371875 0.380292303125 0.5088936765625001 0.379333125 0.6737625281249999 0.5210216796875 0.6754112234375
9 0.430751209375 0.7708427734375001 0.4314578375 0.64938375625 0.28006946875 0.64762219375 0.279362840625 0.7690812109375 0.430751209375 0.7708427734375001
11 0.372173946875 0.8739058937499999 0.372451390625 0.8262173687500001 0.2834645234375 0.8251819125000001 0.2831870796875 0.8728704374999999 0.372173946875 0.8739058937499999
11 0.20033254843749998 0.9900946656249999 0.2007587765625 0.9168323703124999 0.11002706874999998 0.9157766109375001 0.109600840625 0.98903890625 0.20033254843749998 0.9900946656249999
11 0.815126396875 0.423144003125 0.8161414656250001 0.24866859375 0.7048281453125 0.2473733453125 0.7038130765624999 0.4218487546875 0.815126396875 0.423144003125
11 0.6811314125 0.202061775 0.681677621875 0.108176528125 0.5024093296875 0.1060905515625 0.5018631203125 0.1999757984375 0.6811314125 0.202061775
4 0 0.14469832031250002 0.24526516874999998 0.14755223906249998 0.2461069421875 0.0028637140625000002 0.00000938125 1.0937499999999999e-7 0 0.0016126093750000001 0 0.14469832031250002
4 0 0.28821623125 0.13261975625 0.28975940312500004 0.133382178125 0.158710221875 0 0.1571581796875 0 0.28821623125
9 0.19066415 0.752375915625 0.191386228125 0.6282611609375001 0.024444390625 0.6263186171874999 0.023722312500000002 0.750433371875 0.19066415 0.752375915625