17 0.1533980578125 0.354428571875 0.23912621406249998 0.354428571875 0.23912621406249998 0.2967857140625 0.1533980578125 0.2967857140625 0.1533980578125 0.354428571875
17 0.02961165 0.5158928578124999 0.237184465625 0.5158928578124999 0.237184465625 0.42000000000000004 0.02961165 0.42000000000000004 0.02961165 0.5158928578124999
17 0.5878276703124999 0.6351696421875 0.698385921875 0.6351696421875 0.698385921875 0.567366071875 0.5878276703124999 0.567366071875 0.5878276703124999 0.6351696421875
7 0.417815534375 1 0.417815534375 0.8441071421874999 0.117330096875 0.8441071421874999 0.117330096875 1 0.417815534375 1
17 0.2985922328125 0.8517053578124999 0.3704854375 0.8517053578124999 0.3704854375 0.8052946421874999 0.2985922328125 0.8052946421874999 0.2985922328125 0.8517053578124999
17 0.393106796875 0.7209821421875 0.482524271875 0.7209821421875 0.482524271875 0.6796249999999999 0.393106796875 0.6796249999999999 0.393106796875 0.7209821421875
17 0.303143203125 0.724991071875 0.45336165 0.724991071875 0.45336165 0.6134375000000001 0.303143203125 0.6134375000000001 0.303143203125 0.724991071875
7 0.8382645625 1 0.8382645625 0.833178571875 0.66610436875 0.833178571875 0.66610436875 1 0.8382645625 1
17 0.7279004859375 0.8436696421875001 0.80860436875 0.8436696421875001 0.80860436875 0.7759732140625 0.7279004859375 0.7759732140625 0.7279004859375 0.8436696421875001
17 0.444356796875 0.3147321421875 0.5972936890625 0.3147321421875 0.5972936890625 0.1752678578125 0.444356796875 0.1752678578125 0.444356796875 0.3147321421875
17 0.348677184375 0.4152946421875 0.5654004859375 0.4152946421875 0.5654004859375 0.307633928125 0.348677184375 0.307633928125 0.348677184375 0.4152946421875
17 0.6254247578125 0.45686607187500006 0.7202548546875 0.45686607187500006 0.7202548546875 0.3654553578125 0.6254247578125 0.3654553578125 0.6254247578125 0.45686607187500006
17 0.7051334953125 0.3040178578125 0.9479733015624999 0.3040178578125 0.9479733015624999 0.1710892859375 0.7051334953125 0.1710892859375 0.7051334953125 0.3040178578125
7 0.044830096874999996 0.2813392859375 0.350606796875 0.2813392859375 0.350606796875 0.1505892859375 0.044830096874999996 0.1505892859375 0.044830096874999996 0.2813392859375
7 0.06461164999999999 0.782928571875 0.270194175 0.782928571875 0.270194175 0.562821428125 0.06461164999999999 0.562821428125 0.06461164999999999 0.782928571875
7 0.821031553125 0.8925357140625 0.996444175 0.8925357140625 0.996444175 0.6986071421875 0.821031553125 0.6986071421875 0.821031553125 0.8925357140625
7 0.83586165 0.5663482140625 0.99875 0.5663482140625 0.99875 0.407616071875 0.83586165 0.407616071875 0.83586165 0.5663482140625
7 0.0662621359375 0.1645267859375 0.5018446609375 0.1645267859375 0.5018446609375 0.0050803578125 0.0662621359375 0.0050803578125 0.0662621359375 0.1645267859375
7 0.425509709375 0.5105357140625 0.5585194171875 0.5105357140625 0.5585194171875 0.4342857140625 0.425509709375 0.4342857140625 0.425509709375 0.5105357140625
7 0.6084466015625 0.7617321421875001 0.7008737859374999 0.7617321421875001 0.7008737859374999 0.690125 0.6084466015625 0.690125 0.6084466015625 0.7617321421875001
7 0.61831310625 0.8325625000000001 0.6995509703125 0.8325625000000001 0.6995509703125 0.766508928125 0.61831310625 0.766508928125 0.61831310625 0.8325625000000001
7 0.60514563125 0.916 0.6745145625 0.916 0.6745145625 0.83925 0.60514563125 0.83925 0.60514563125 0.916
7 0.402427184375 0.893678571875 0.50446601875 0.893678571875 0.50446601875 0.7665 0.402427184375 0.7665 0.402427184375 0.893678571875
17 0.2493446609375 0.581553571875 0.330218446875 0.581553571875 0.330218446875 0.5186964281249999 0.2493446609375 0.5186964281249999 0.2493446609375 0.581553571875
17 0.3695995140625 0.6051517859375 0.4601577671875 0.6051517859375 0.4601577671875 0.4969553578125 0.3695995140625 0.4969553578125 0.3695995140625 0.6051517859375