1 0.8900629062500001 0.46494818593750004 0.7004600187500001 0.46494818593750004 0.7043250484375 0.59778065625 0.8939279359375 0.59778065625 0.8900629062500001 0.46494818593750004
1 0.6375320624999999 0.5944732296875 0.41554650156250006 0.5944732296875 0.4173315203125 0.6558203796875001 0.63931708125 0.6558203796875001 0.6375320624999999 0.5944732296875
1 0.968679021875 0.6860017265625 0.8223613328124999 0.6860017265625 0.8261077640625001 0.814758203125 0.9724254531250001 0.814758203125 0.968679021875 0.6860017265625
1 0.771186825 0.846632125 0.471944946875 0.846632125 0.47431492343750004 0.9280829015625001 0.7735568015625 0.9280829015625001 0.771186825 0.846632125
1 0.6825021171875 0.7758290156250001 0.53051655625 0.7758290156250001 0.5325744546875 0.8465544046875 0.684560015625 0.8465544046875 0.6825021171875 0.7758290156250001
1 0.3462010765625 0.6324784109375 0.1134934953125 0.6324784109375 0.1159825734375 0.718022453125 0.3486901546875 0.718022453125 0.3462010765625 0.6324784109375
1 0.3453544375 0.2317875640625 0.22596815625 0.2317875640625 0.22877584374999999 0.3282815203125 0.348162125 0.3282815203125 0.3453544375 0.2317875640625
1 0.3043544421875 0.1868739203125 0.12074433437500001 0.1868739203125 0.1228881671875 0.26055267656250003 0.306498275 0.26055267656250003 0.3043544421875 0.1868739203125
1 0.235301925 0.046977546875 0.136890371875 0.046977546875 0.13815878125 0.0905699484375 0.236570334375 0.0905699484375 0.235301925 0.046977546875
1 0.76134045625 0.010708117187500001 0.5948783625 0.010708117187500001 0.5974031203125 0.09747841093750001 0.7638652140625 0.09747841093750001 0.76134045625 0.010708117187500001
1 0.88303723125 0.0987996546875 0.750437953125 0.0987996546875 0.7524908265625 0.16935233125 0.8850901046875 0.16935233125 0.88303723125 0.0987996546875
1 0.349545265625 0.12643350625 0.21427450625 0.12643350625 0.2155635203125 0.1707340234375 0.35083427968750003 0.1707340234375 0.349545265625 0.12643350625
1 0.47098856875 0.45457685625 0.28441817187499996 0.45457685625 0.28613183124999997 0.513471503125 0.472702228125 0.513471503125 0.47098856875 0.45457685625
1 0.0918266890625 0.451122625 0.013126328125 0.451122625 0.014860089062500002 0.5107081171875001 0.09356044999999999 0.5107081171875001 0.0918266890625 0.451122625
1 0.18825245468750001 0.5392055265625 0.015689278125 0.5392055265625 0.0177959234375 0.6116062171875 0.1903591 0.6116062171875 0.18825245468750001 0.5392055265625
1 0.2222270203125 0.7136442140625 0.0350429046875 0.7136442140625 0.0371003 0.78435233125 0.22428441562499998 0.78435233125 0.2222270203125 0.7136442140625
1 0.5410103859375 1 0.5391107875000001 0.9347150265625 0.136728115625 0.9347150265625 0.13862771406250002 1 0.5410103859375 1
1 0.4248676984375 0.8552677031249999 0.26721426875 0.8552677031249999 0.26925256875 0.9253195171874999 0.4269059984375 0.9253195171874999 0.4248676984375 0.8552677031249999
1 0.1336148921875 0.77064766875 0.02242355625 0.77064766875 0.0247528265625 0.8506994812500001 0.13594416250000002 0.8506994812500001 0.1336148921875 0.77064766875
1 0.5364302296875 0.0987823828125 0.43574430937499997 0.0987823828125 0.43715393281250003 0.1472279796875 0.537839853125 0.1472279796875 0.5364302296875 0.0987823828125