3 0.08601568281250001 0.002518175 0.0971713359375 0.48181048281249994 0.6876694203125 0.49899222187500003 0.6765137671875 0.0196999140625 0.08601568281250001 0.002518175
3 0.0469165765625 0.5179381281250001 0.055915865625000005 0.9045842828125 0.4624675890625 0.9164137296874999 0.45346830000000005 0.5297675749999999 0.0469165765625 0.5179381281250001
2 0.1264937421875 0.096602234375 0.1294328703125 0.2228791578125 0.262612946875 0.22675430312499997 0.25967381875 0.10047737968749999 0.1264937421875 0.096602234375
2 0.1599682578125 0.43922163437500006 0.1623401859375 0.5411293265625 0.3006543625 0.5451538578124999 0.298282434375 0.443246165625 0.1599682578125 0.43922163437500006
2 0.3978026046875 0.42225040625 0.400476753125 0.5371427125 0.549059128125 0.5414660171875 0.5463849796875 0.4265737109375 0.3978026046875 0.42225040625
2 1 0.06737877656249999 0.7041866406249999 0.0587714875 0.7231792515625 0.8747714875 1 0.8828261484375 1 0.06737877656249999
2 0.7163304796875 1 0.7068297578125 0.5918102828125 0.461159259375 0.5846620015624999 0.470826359375 1 0.7163304796875 1
3 0.475431546875 0.8507587687499999 0.455938696875 0.013266460937499999 0.0842911875 0.0024526234375 0.10378403750000001 0.83994493125 0.475431546875 0.8507587687499999
3 0.43470136562499995 0.017921867187500003 0.4449131171875 0.456660328125 0.886713884375 0.4695154171875 0.8765021328125 0.030776956249999998 0.43470136562499995 0.017921867187500003
2 0.10833783749999999 0.09628919062499999 0.1114330875 0.22927380625 0.264076765625 0.23371528281249998 0.260981515625 0.10073066718749998 0.10833783749999999 0.09628919062499999
2 0.1263548984375 0.3999003390625 0.1300775078125 0.5598388 0.3155947484375 0.5652368 0.3118721390625 0.4052983390625 0.1263548984375 0.3999003390625
2 0.4277342125 0.42182989375 0.43025080468750004 0.5299529703125 0.5380668953125001 0.5330900984375 0.535550303125 0.424967021875 0.4277342125 0.42182989375
2 1 0.6668955609375 0.4822879359375 0.651831678125 0.49039164375000005 1 1 1 1 0.6668955609375
2 1 0.4165114015625 0.7994064234375 0.4106747234375 0.8036611406249999 0.5934747234375 1 0.5991876015625001 1 0.4165114015625
2 0.792021540625 0.094212628125 0.7991452015625 0.40027416718750003 0.9902946265624999 0.405836046875 0.9831709656250001 0.0997745078125 0.792021540625 0.094212628125
20 0.5375883015625 0.4426144015625 0.5431299609375 0.680706709375 0.8962717234375001 0.6909820859375 0.8907300640625 0.45288977812500003 0.5375883015625 0.4426144015625
20 0.33005968750000003 1 0.32706527812499997 0.8713479484375 0.020072940625 0.862415384375 0.0232749 0.999984615625 0.0238036265625 1 0.33005968750000003 1
20 0.01950521875 0.27378238593750004 0.0261748328125 0.5603362328125 0.1798913078125 0.564808925 0.17322169375000002 0.278255078125 0.01950521875 0.27378238593750004