1 0.648425925 0.6133808859375 0.6231145062500001 0.6130863609375 0.6236940765625001 0.66289458125 0.6490054953125 0.66318910625 0.648425925 0.6133808859375
1 0.5944092390625 0.457896603125 0.570066678125 0.4576133515625 0.570720846875 0.5138325296875 0.5950634078125 0.51411578125 0.5944092390625 0.457896603125
1 0.5435546125 0.4708372703125 0.48767225937500003 0.4701870203125 0.488759353125 0.563611678125 0.54464170625 0.564261928125 0.5435546125 0.4708372703125
1 0.58781081875 0.6036767843749999 0.5603713734375 0.6033574984375 0.5609684781250001 0.6546725671875 0.5884079234375 0.6549918531250001 0.58781081875 0.6036767843749999
1 0.7543993265625 0.8476646328124999 0.7273751046875 0.8473501765625 0.7277790203125 0.8820625046874999 0.7548032421875 0.8823769609375001 0.7543993265625 0.8476646328124999
1 0.6981706437499999 0.9101661828125 0.6749699515625001 0.9098962187499999 0.6753824734375 0.945348275 0.698583165625 0.9456182390625001 0.6981706437499999 0.9101661828125
1 0.7750786078125 0.177817915625 0.7395076734375 0.177404009375 0.739969290625 0.21707524218750002 0.7755402250000001 0.21748914843749997 0.7750786078125 0.177817915625
1 0.24373820156249998 0.8086996265625 0.2203818015625 0.80842785 0.22092949218750002 0.8554963421874999 0.24428589218750002 0.85576811875 0.24373820156249998 0.8086996265625
1 0.1930709765625 0.5329829328125 0.1725692453125 0.5327443734374999 0.1730171546875 0.571237525 0.1935188859375 0.571476084375 0.1930709765625 0.5329829328125
1 0.3392492359375 0.3497500109375 0.3156160171875 0.3494750125 0.3160511734375 0.386872271875 0.3396843921875 0.38714727031249996 0.3392492359375 0.3497500109375
1 0.286999265625 0.14316991875 0.2619646640625 0.14287861562499998 0.2623698546875 0.1777005328125 0.28740445625 0.1779918359375 0.286999265625 0.14316991875
1 0.4524513953125 0.6975819578125 0.40504654999999995 0.6970303515625 0.4056038046875 0.7449207624999999 0.45300865 0.74547236875 0.4524513953125 0.6975819578125
1 0.054199501562499995 0.6313123875 0.0249088453125 0.630971559375 0.025352609375 0.6691085453125 0.054643265625000007 0.6694493734375 0.054199501562499995 0.6313123875