14 0.1562974203125 0.2970711296875 0.1699544765625 0.28033472812500004 0.16843702656249998 0.23849372343750003 0.1502276171875 0.20502092031250002 0.1380880125 0.19874477031249999 0.1001517453125 0.21129707187500002 0.09104704062499999 0.2405857734375 0.0925644921875 0.26359832656250004 0.1016691953125 0.284518828125 0.1562974203125 0.2970711296875
14 0.1896813359375 0.213389121875 0.1927162375 0.19456066875 0.18209408124999998 0.1464435140625 0.174506828125 0.1422594140625 0.1638846734375 0.17154811718750002 0.1623672234375 0.19874477031249999 0.1699544765625 0.217573221875 0.18209408124999998 0.21966527187499998 0.1896813359375 0.213389121875
14 0.3171471921875 0.44142259375000004 0.3323217 0.42050209218749995 0.33383915000000003 0.37656903750000004 0.3171471921875 0.3640167359375 0.2883156296875 0.3640167359375 0.26251896874999997 0.3786610875 0.2594840671875 0.405857740625 0.26403641875 0.42050209218749995 0.2898330796875 0.44351464375000005 0.3171471921875 0.44142259375000004
14 0.12443095625 0.6673640171875 0.11380880156249999 0.6359832640625 0.104704096875 0.6276150625 0.08649468906249999 0.6276150625 0.077389984375 0.6380753140625 0.0804248859375 0.68200836875 0.09711684375 0.6987447703125 0.118361153125 0.69037656875 0.12443095625 0.6673640171875
14 0.3050075875 0.903765690625 0.3156297421875 0.8661087859375 0.33383915000000003 0.838912134375 0.33383915000000003 0.8075313812499999 0.327769346875 0.7949790796875 0.3034901359375 0.7866108781250001 0.27314112343749997 0.8158995812500001 0.2670713203125 0.8410041843749999 0.2670713203125 0.8744769874999999 0.29135053125 0.9121338906249999 0.3050075875 0.903765690625
14 0.2943854328125 0.598326359375 0.2883156296875 0.5439330546875001 0.279210925 0.529288703125 0.25037936250000004 0.525104603125 0.2321699546875 0.5418410046875 0.23520485624999998 0.5774058578125 0.25189681406250003 0.6150627609375 0.28224582656249997 0.6234309625 0.2943854328125 0.598326359375
14 0.15174506875 0.7928870296875 0.1547799703125 0.7656903765624999 0.1411229140625 0.7531380750000001 0.12594840624999998 0.7531380750000001 0.10773899843750001 0.7656903765624999 0.104704096875 0.7866108781250001 0.11077390000000001 0.8012552296875001 0.130500759375 0.80962343125 0.15174506875 0.7928870296875
14 0.188163884375 0.7029288703125001 0.17754172968749998 0.6778242671875 0.1289833078125 0.663179915625 0.1198786046875 0.6799163187499999 0.118361153125 0.711297071875 0.12443095625 0.723849371875 0.17905918125 0.7280334734375 0.188163884375 0.7029288703125001
14 0.27314112343749997 0.7092050203125 0.2685887703125 0.6966527203124999 0.23672230625 0.6799163187499999 0.22458270156250001 0.68828451875 0.22761760312499998 0.721757321875 0.24430955937499998 0.7384937234375 0.270106221875 0.7343096234375001 0.27314112343749997 0.7092050203125
14 0.3505311078125 0.7384937234375 0.34749620625 0.7175732218750001 0.327769346875 0.6987447703125 0.312594840625 0.7092050203125 0.3156297421875 0.7343096234375001 0.32321699531250003 0.7489539749999999 0.3429438546875 0.7594142265625 0.3505311078125 0.7384937234375
14 0.279210925 0.9748953968749999 0.279210925 0.9518828453125 0.270106221875 0.9351464437500001 0.25037936250000004 0.9309623437500001 0.2397572078125 0.9414225937499999 0.2382397578125 0.962343096875 0.2534142640625 0.9895397484374999 0.2685887703125 0.9916317984375 0.279210925 0.9748953968749999
14 0.37481031875 0.9916317984375 0.39605462812500003 0.9769874484375001 0.3990895296875 0.9476987453125 0.3839150234375 0.9246861921875 0.3520485578125 0.9184100421875 0.33535660156249997 0.93305439375 0.33383915000000003 0.9518828453125 0.341426403125 0.9686192468750001 0.3581183609375 0.970711296875 0.37481031875 0.9916317984375
14 0.5235204859375 0.93723849375 0.5280728375 0.9079497906249999 0.51441578125 0.8828451890625001 0.505311078125 0.8786610874999999 0.494688921875 0.8912133890625 0.49317147187500004 0.910041840625 0.5022761765625 0.93933054375 0.51289833125 0.94351464375 0.5235204859375 0.93723849375
14 0.7435508343749999 0.589958159375 0.7587253421875 0.55857740625 0.755690440625 0.5146443515625 0.7329286796875001 0.48744769843749997 0.7116843703125 0.4853556484375 0.7056145671875 0.4895397484375 0.6980273140625 0.5209205015625 0.701062215625 0.56694560625 0.7147192718750001 0.589958159375 0.7435508343749999 0.589958159375
14 0.881638846875 0.35983263593750003 0.8846737484375 0.3221757328125 0.8710166921875 0.2970711296875 0.8573596359375 0.2907949796875 0.8467374812499999 0.30753138125 0.8437025796875 0.3347280328125 0.8497723828125 0.35983263593750003 0.8619119875000001 0.37656903750000004 0.881638846875 0.35983263593750003
14 0.9362670718749999 0.3012552296875 0.9362670718749999 0.2656903765625 0.9210925640625 0.251046025 0.9074355078125 0.2656903765625 0.9059180578125 0.2949790796875 0.9135053109375001 0.31799163125 0.9256449171875 0.32008368125 0.9362670718749999 0.3012552296875
14 0.90136570625 0.648535565625 0.9165402125 0.6255230125 0.9286798171875 0.5753138078125 0.9256449171875 0.537656903125 0.8983308046875 0.537656903125 0.8679817906249999 0.5460251046875 0.852807284375 0.56903765625 0.869499240625 0.6443514640625 0.8846737484375 0.658995815625 0.90136570625 0.648535565625
14 0.9605462828125001 0.5125523015625 0.9620637328124999 0.47071129687499996 0.949924128125 0.45606694531249997 0.9347496203125001 0.45397489531249996 0.9180576625000001 0.468619246875 0.9180576625000001 0.5041841 0.9271623671875 0.531380753125 0.9393019734375001 0.5397489546875 0.9605462828125001 0.5125523015625
14 0.854324734375 0.8661087859375 0.8497723828125 0.9016736406250001 0.8573596359375 0.9351464437500001 0.87405159375 0.9456066953125 0.8861911984375 0.93305439375 0.8892260999999999 0.9121338906249999 0.8679817906249999 0.8577405859375 0.8770864953125 0.8410041843749999 0.8937784515624999 0.8347280328125001 0.8937784515624999 0.8200836812500001 0.8907435515625 0.757322175 0.8786039453125 0.7384937234375 0.869499240625 0.7364016734375001 0.833080425 0.7656903765624999 0.827010621875 0.788702928125 0.833080425 0.81171548125 0.84825493125 0.8347280328125001 0.854324734375 0.8661087859375