3 0.000013928125 0 0.000013928125 1 0.5843314765625001 1 0.5843314765625001 0 0.000013928125 0
3 0.78760445625 0.42213836406249994 0.9049303625 0.42213836406249994 0.9049303625 0.1352201265625 0.78760445625 0.1352201265625 0.78760445625 0.42213836406249994
3 0.5752228406250001 0.6674842765625 0.7181476328125 0.6674842765625 0.7181476328125 0.25314465468749997 0.5752228406250001 0.25314465468749997 0.5752228406250001 0.6674842765625
2 0.3071169921875 0.5353773578125 0.4031337046875 0.5353773578125 0.4031337046875 0.38676100625 0.3071169921875 0.38676100625 0.3071169921875 0.5353773578125
2 0.467284121875 0.8310691828125 0.5369498609375001 0.8310691828125 0.5369498609375001 0.40251572343750003 0.467284121875 0.40251572343750003 0.467284121875 0.8310691828125
2 0.5821727015625 0.8750943390625 0.7404456828125 0.8750943390625 0.7404456828125 0.65408805 0.5821727015625 0.65408805 0.5821727015625 0.8750943390625
2 0.836337046875 0.6171698109375 0.9439415046875 0.6171698109375 0.9439415046875 0.48899371093750005 0.836337046875 0.48899371093750005 0.836337046875 0.6171698109375
2 0.999986071875 1 0.999986071875 0.685534590625 0.80151810625 0.685534590625 0.80151810625 1 0.999986071875 1
20 0.0298746515625 0.2560062890625 0.20834261875 0.2560062890625 0.20834261875 0.030408804687500002 0.0298746515625 0.030408804687500002 0.0298746515625 0.2560062890625
20 0.036197771875 0.7463207546875 0.2318802234375 0.7463207546875 0.2318802234375 0.434182390625 0.036197771875 0.434182390625 0.036197771875 0.7463207546875
20 0.16628133750000001 1 0.16628133750000001 0.8521698109375 0.0908774375 0.8521698109375 0.0908774375 1 0.16628133750000001 1
20 0.36228412187500003 0.4460062890625 0.647075209375 0.4460062890625 0.647075209375 0.0351257859375 0.36228412187500003 0.0351257859375 0.36228412187500003 0.4460062890625
20 0.65469359375 0.5562893078125 0.8337186624999999 0.5562893078125 0.8337186624999999 0.0351572328125 0.65469359375 0.0351572328125 0.65469359375 0.5562893078125
20 0.8334122562499999 0 0.8334122562499999 0.5196226421875 0.9870891359374999 0.5196226421875 0.9870891359374999 0 0.8334122562499999 0
2 0.9931476328125 1 0.9931476328125 0.65267295625 0.5810584953125 0.65267295625 0.5810584953125 1 0.9931476328125 1
6 0.5879108640624999 1 0.5879108640624999 0.7001257859375001 0.48640668593749997 0.7001257859375001 0.48640668593749997 1 0.5879108640624999 1
6 0.64395543125 0.16641509375000002 0.782952646875 0.16641509375000002 0.782952646875 0.0446540875 0.64395543125 0.0446540875 0.64395543125 0.16641509375000002
3 0.2584679671875 0.977044025 0.34476323125 0.977044025 0.34476323125 0.4219496859375 0.2584679671875 0.4219496859375 0.2584679671875 0.977044025
3 0.351573815625 0.81176100625 0.48970752031250003 0.81176100625 0.48970752031250003 0.5215723265625 0.351573815625 0.5215723265625 0.351573815625 0.81176100625
3 0.135933146875 0.9357861640625 0.24813370468749998 0.9357861640625 0.24813370468749998 0.7133962265625 0.135933146875 0.7133962265625 0.135933146875 0.9357861640625
3 0 0.9268867921874999 0.08350975000000001 0.9268867921874999 0.08350975000000001 0.691226415625 0 0.691226415625 0 0.9268867921874999
3 0.0183147625 0.41918239062499996 0.20363509687499998 0.41918239062499996 0.20363509687499998 0.259685534375 0.0183147625 0.259685534375 0.0183147625 0.41918239062499996
3 0.8073676875 0.3483333328125 0.8909052921875 0.3483333328125 0.8909052921875 0.18588050312499999 0.8073676875 0.18588050312499999 0.8073676875 0.3483333328125
3 0.7502089140625 0.8678616359375001 0.8125766015625 0.8678616359375001 0.8125766015625 0.735534590625 0.7502089140625 0.735534590625 0.7502089140625 0.8678616359375001
3 0.6766852375 0.9564150937499999 0.7760167124999999 0.9564150937499999 0.7760167124999999 0.8498742140625 0.6766852375 0.8498742140625 0.6766852375 0.9564150937499999
3 0.81064066875 0.7084276734375 0.91442896875 0.7084276734375 0.91442896875 0.5621383640625 0.81064066875 0.5621383640625 0.81064066875 0.7084276734375
3 0.5541643453125 0.634685534375 0.6297353765625 0.634685534375 0.6297353765625 0.43676100625 0.5541643453125 0.43676100625 0.5541643453125 0.634685534375
2 0.48880222812499996 0.5284276734375 0.5486908078125 0.5284276734375 0.5486908078125 0.44415094374999997 0.48880222812499996 0.44415094374999997 0.48880222812499996 0.5284276734375
2 0.34665738125 0.484119496875 0.3920055703125 0.484119496875 0.3920055703125 0.40720125781250005 0.34665738125 0.40720125781250005 0.34665738125 0.484119496875
2 0.339442896875 0.999968553125 0.39103064062500004 0.999968553125 0.39103064062500004 0.8928616359375001 0.339442896875 0.8928616359375001 0.339442896875 0.999968553125
2 0.4223676875 0.912924528125 0.4708356546875 0.912924528125 0.4708356546875 0.8107232703125 0.4223676875 0.8107232703125 0.4223676875 0.912924528125
2 0.8441782734375 0.594968553125 0.9906963781250001 0.594968553125 0.9906963781250001 0.502641509375 0.8441782734375 0.502641509375 0.8441782734375 0.594968553125
2 0.825891365625 0.4722012578125 0.8695961000000001 0.4722012578125 0.8695961000000001 0.3728301890625 0.825891365625 0.3728301890625 0.825891365625 0.4722012578125
2 0.88077994375 0.2975157234375 0.943732590625 0.2975157234375 0.943732590625 0.207641509375 0.88077994375 0.207641509375 0.88077994375 0.2975157234375
2 0.7788579390625 0.255031446875 0.8236490249999999 0.255031446875 0.8236490249999999 0.080817609375 0.7788579390625 0.080817609375 0.7788579390625 0.255031446875