20 0.0500074578125 0.017299195312499998 0.048955048437499996 0.10774305937499999 0.181409921875 0.11005506875 0.18246233125 0.0196112046875 0.0500074578125 0.017299195312499998
20 0.041271550000000004 0.3243109125 0.0393721078125 0.487548509375 0.320058028125 0.4924479 0.3219574703125 0.329210303125 0.041271550000000004 0.3243109125
20 0.00658943125 0.4965343625 0.0058675703125 0.558570915625 0.09500114531250001 0.5601267484375 0.09572300624999999 0.4980901953125 0.00658943125 0.4965343625
20 0 0.2029524390625 0.10110461875000001 0.2047172265625 0.10202547656250001 0.12557884531250002 0 0.123797984375 0 0.2029524390625
20 0 0.98521311875 0.36377299375 0.9915628 0.36786779062499997 0.6396567953125001 0 0.6332356390625 0 0.98521311875
20 0.224867134375 0.5040919109375 0.2234364765625 0.627042303125 0.3418480296875 0.6291091843750001 0.3432786875 0.5061587921874999 0.224867134375 0.5040919109375
20 0.509155825 0.01162941875 0.504796709375 0.3862508296875 0.9955909343749999 0.394817675 0.99995005 0.0201962640625 0.509155825 0.01162941875
20 0.5729480015624999 0.43929167343750003 0.57200040625 0.5207277046875001 0.8026141250000001 0.5247530828125 0.8035617203125 0.4433170515625 0.5729480015624999 0.43929167343750003
20 0.4303458421875 0.5797950281250001 0.4290947390625 0.6873146109375 0.5544377 0.6895024796875 0.555688803125 0.581982896875 0.4303458421875 0.5797950281250001
20 0.5618675609375 0.6529928734375 0.5595549328125 0.8517396109375 0.8703130546875 0.8571639140625 0.8726256828125001 0.6584171765625 0.5618675609375 0.6529928734375
20 0.7386753296874999 0.531719609375 0.737265028125 0.652920653125 0.9925357874999999 0.6573764203125 0.9939460890625 0.5361753765625 0.7386753296874999 0.531719609375
20 0.8406988765625 0.78003875 0.9910959890625 0.7826639421875 0.9923583328125 0.6741783031249999 0.8419612203125 0.6715531109375 0.8406988765625 0.78003875
20 0.6251177984375 1 0.6267261562499999 0.8617781203125 0.41333265468749997 0.858053321875 0.41168095468750004 1 0.6251177984375 1
20 0.8662173171875001 0.95158941875 0.9891054031250001 0.9537344390625 0.990303946875 0.850731828125 0.8674158609375 0.8485868078125 0.8662173171875001 0.95158941875
3 0.84799699375 1 0.8496756921875 0.8557329734374999 0.623177496875 0.8517794328124999 0.6214527953125 1 0.84799699375 1
3 0.19614117343749998 0.01859645 0.19271354999999998 0.31316564062499996 0.5009445968749999 0.318545834375 0.5043722203125001 0.023976643750000002 0.19614117343749998 0.01859645
3 0.34712001875 0.34205412343749997 0.344404534375 0.5754222703125 0.562563378125 0.5792302484375 0.5652788625 0.34586210156249997 0.34712001875 0.34205412343749997
3 0.376203309375 0.650992553125 0.37385878125 0.852480803125 0.559382246875 0.8557191281250001 0.561726775 0.654230878125 0.376203309375 0.650992553125
3 0.101051278125 0.5056520812499999 0.09935174531249999 0.651709521875 0.23837701562500002 0.6541362171875 0.24007654843749998 0.5080787765625 0.101051278125 0.5056520812499999
3 0.00151641875 0.1955100296875 0.0001750828125 0.31078418124999996 0.196925984375 0.31421848125 0.1982673203125 0.1989443296875 0.00151641875 0.1955100296875
3 0.816175425 0.52297894375 0.9940815625000001 0.5260843078125 0.9953821875 0.4143088515625 0.81747605 0.4112034875 0.816175425 0.52297894375
3 0.5684369484375 0.5337229875 0.567107765625 0.6479527515625 0.747504878125 0.6511015953125 0.7488340609375 0.53687183125 0.5684369484375 0.5337229875