1 0.42479475781250003 0.9544002687500001 0.737802165625 0.9562212921875 0.7436933921875 0.70311018125 0.430685984375 0.7012891578125 0.42479475781250003 0.9544002687500001
1 0.44130636562500003 0.63649771875 0.6312619203125001 0.6376028484375 0.6374572781250001 0.37142507187499996 0.44750172343749994 0.3703199421875 0.44130636562500003 0.63649771875
1 0.7507332375 0.3681835640625 0.9915332375 0.369584496875 0.999999740625 0.005828940625 0.759199740625 0.0044280078125 0.7507332375 0.3681835640625
1 0.0963760171875 0.37463356875 0.271783425 0.3756540578125 0.274255775 0.2694318359375 0.0988483671875 0.268411346875 0.0963760171875 0.37463356875
1 0.9574204843749999 1 0.9618175859375 0.8110825265624999 0.8293435125 0.810311815625 0.824928471875 1 0.9574204843749999 1
1 0.4695096796875 0.40416365625 0.5482504203125 0.40462175624999996 0.5524099687499999 0.2259106453125 0.473669228125 0.22545254531249997 0.4695096796875 0.40416365625
1 0.1387318625 1 0.1409153875 0.9061868453124999 0.0395524234375 0.9055971328125001 0.0373551734375 1 0.1387318625 1
5 0.44201732343750005 1 0.46163469062500007 0.9828184156249999 0.47241884375 0.9651009703125 0.474572721875 0.9362207 0.43667487656250004 0.909329940625 0.399172334375 0.9291144656249999 0.3911959765625 0.9535158140625001 0.41259148124999995 1 0.44201732343750005 1
5 0.29194786562499997 0.3795274359375 0.2834210359375 0.363920165625 0.242438303125 0.405909675 0.234255053125 0.4391999140625 0.2371478140625 0.5058924375 0.261919215625 0.5238167375 0.29011908750000004 0.521758278125 0.32951689375000004 0.48420459375 0.3268827484375 0.40640095781249996 0.29194786562499997 0.3795274359375
5 0 0.3960182875 0.01694278125 0.41793292031249996 0.0449874828125 0.42254112499999996 0.0658316703125 0.418217346875 0.08862284375 0.3939021875 0.0936547171875 0.30503053593749996 0.0410972265625 0.27138691875 0 0.311948596875 0 0.3960182875
5 0.16557862968749998 0.1432047890625 0.1814279 0.09884653437499999 0.182100296875 0.06995764531250001 0.1753135640625 0.043247884375000004 0.1481481484375 0.0008619 0.11703703750000001 0.0006809015625000001 0.11524521875 0.014005615625 0.10027523593750001 0.0205860921875 0.09557217812499999 0.031671346875 0.091711446875 0.13388495 0.12230533125000001 0.156288171875 0.16557862968749998 0.1432047890625
5 0.7061900140625 0.5975221703125 0.6715654671875 0.5573153140625 0.6322193859375 0.5926467765625001 0.6143381625 0.5969877921875 0.6258611968750001 0.674843140625 0.6459812640625 0.701630475 0.6664633906249999 0.7128622515624999 0.68127820625 0.7129484421875001 0.6978848375 0.6997099171875 0.7150087 0.6642491703125 0.7061900140625 0.5975221703125
5 0.8402105078125001 0.696092896875 0.8212098624999999 0.6848697390625 0.8063433234374999 0.6870057703125 0.7716485765625001 0.7134742015625 0.7635687718749999 0.7423199953124999 0.7685636890625 0.7823544703125 0.7771939640625 0.7935172953125 0.7919570546875 0.7958257078125001 0.8048248828125001 0.815903278125 0.8196914203125001 0.8137672468750001 0.8471856531249999 0.7783668328125 0.8485304453125 0.7205890562499999 0.8402105078125001 0.696092896875