12 0.42335296875 0.4448250265625 0.42273946718750005 0.5502771546874999 0.7538387578125 0.5599111609375 0.754452259375 0.45445903281250005 0.42335296875 0.4448250265625
20 0.18369032968750001 0.1878225359375 0.1825444015625 0.384790621875 0.32772170625 0.38901485 0.328867634375 0.1920467640625 0.18369032968750001 0.1878225359375
20 0.148354515625 0.470086996875 0.147365175 0.6401401890625 0.4042446078125 0.6476146171875 0.40523394843749994 0.47756142500000004 0.148354515625 0.470086996875
20 0.3874531765625 0.522264478125 0.3864483640625 0.6949772453125 0.6962355984374999 0.7039911328125 0.6972404109375 0.531278365625 0.3874531765625 0.522264478125
20 0.4378216359375 0.7072850546875 0.43718523437499995 0.8166733515625 0.5451639578125 0.8198152109375 0.545800359375 0.7104269140625 0.4378216359375 0.7072850546875
20 0.6475366296875 0.628266346875 0.646535065625 0.800420603125 0.7808258453125 0.8043280656249999 0.7818274093750001 0.632173809375 0.6475366296875 0.628266346875
20 0.38387265 0.814603409375 0.383399796875 0.89588000625 0.6233288734375 0.902861228125 0.6238017265625 0.82158463125 0.38387265 0.814603409375
20 0.6907007671875001 1 0.6914564828125 0.8701036156249999 0.5397898156250001 0.8656905671875 0.5390084265625 1 0.6907007671875001 1
20 0.993517978125 1 0.99497380625 0.7497642703125 0.7287681312500001 0.742018475 0.7272672390625 1 0.993517978125 1
20 0.8303790187500001 0.7880940515625 0.9955563234374999 0.7929002203125 0.9966431437500001 0.606091709375 0.8314658390625 0.601285540625 0.8303790187500001 0.7880940515625
20 0.25581725624999996 0.013255676562499999 0.25487325156249996 0.17551631406249998 0.41473140781250006 0.1801677109375 0.4156754125 0.0179070734375 0.25581725624999996 0.013255676562499999
20 0.33662719218750004 0.181180240625 0.33521203593750004 0.424424921875 0.666843240625 0.43407440468749997 0.668258396875 0.1908297234375 0.33662719218750004 0.181180240625
20 0.6016125734375 0.49621647968750004 0.9972154109375 0.507727346875 0.9996169671875 0.09493479375 0.6040141296875 0.0834239265625 0.6016125734375 0.49621647968750004
19 0.614122971875 0.14730595468750002 0.6148758859375001 0.0178910609375 0.5219326234375 0.0151866890625 0.521179709375 0.1446015828125 0.614122971875 0.14730595468750002
19 0.80798300625 0.4678005265625 0.8070123890625001 0.6346356328125 0.9354521046875 0.6383728468750001 0.9364227218750001 0.471537740625 0.80798300625 0.4678005265625
19 0.727429125 0.5545807765624999 0.7270447765625 0.6206446062500001 0.8113000953125 0.6230961859375 0.8116844437499999 0.5570323562499999 0.727429125 0.5545807765624999
19 0.6120143812500001 0.7932182953125 0.6115562265625 0.8719682953125 0.7282938140625 0.8753650125 0.7287519687499999 0.7966150125 0.6120143812500001 0.7932182953125
19 0.6840354468750001 0.0912319609375 0.6836803437500001 0.1522691953125 0.7519427546874999 0.15425542812499998 0.7522978578124999 0.09321819375 0.6840354468750001 0.0912319609375