1 0.779424878125 1 0.777472915625 0.9329153984375 0.695933490625 0.9319666015625 0.6979130609374999 1 0.779424878125 1
1 1 0.8016114640625001 0.9327997296874999 0.80082951875 0.9352510234375 0.8850750421875 1 0.8858284640624999 1 0.8016114640625001
1 0.8544489125 0.5132310343750001 0.8523842140625 0.4422719546875 0.7447246390625 0.441019221875 0.7467893375 0.5119783015625 0.8544489125 0.5132310343750001
1 0.717688028125 0.5180058078124999 0.7129086 0.3537474953125 0.543371678125 0.35177475468749997 0.54815110625 0.5160330671875 0.717688028125 0.5180058078124999
1 0.3791084265625 0.5734002015625 0.37585789531249997 0.46168664687499994 0.2361207234375 0.46006065781250005 0.23937125468749998 0.5717742125 0.3791084265625 0.5734002015625
1 0.21777194375 0.446488503125 0.21298098125 0.281833771875 0.1080623328125 0.2806129328125 0.11285329531249999 0.44526766406249996 0.21777194375 0.446488503125
1 0.3257057015625 0.7338623546874999 0.323883975 0.6712536578125 0.24598660468750003 0.6703472406250001 0.24780833124999999 0.7329559375 0.3257057015625 0.7338623546874999
1 0.083264959375 0.8854007859375 0.02574305625 0.8847314578125 0.027665990624999998 0.9508184140625 0.08518789375 0.9514877421874999 0.083264959375 0.8854007859375
1 0.38391843125 0.3106551515625 0.38176406093750004 0.23661423125 0.33460511249999997 0.23606548749999998 0.3367594828125 0.3101064078125 0.38391843125 0.3106551515625
1 0.560227128125 0.310584646875 0.5577401140625 0.2251115 0.46537465781250004 0.22403673125 0.467861671875 0.30950987812499997 0.560227128125 0.310584646875
1 0.8975635234375 0.3547903859375 0.8956309156250001 0.2883709484375 0.8490101390625 0.2878284671875 0.8509427468749999 0.3542479046875 0.8975635234375 0.3547903859375
1 0.308118253125 0.12963593906249998 0.3060275078125 0.05778171875 0.1816345171875 0.056334275 0.18372526250000001 0.1281884953125 0.308118253125 0.12963593906249998
1 0.620739140625 0.179888259375 0.6167980187500001 0.0444406875 0.5165602203125 0.043274315625 0.5205013421875 0.1787218875 0.620739140625 0.179888259375