1 0.3377553140625 0.7172511828125 0.33887222031249997 0.6532636703125 0.229057025 0.6494288390625 0.22794011875 0.7134163515624999 0.3377553140625 0.7172511828125
1 0 0.852580028125 0.0702863640625 0.85503448125 0.07188176562500001 0.763633946875 0 0.76112378125 0 0.852580028125
1 0.24965323593750002 1 0.2509388546875 0.9263469234375 0.1202920359375 0.9217846359375 0.11892678125 1 0.24965323593750002 1
1 0.30377665781249996 0.89087673125 0.30487659218749996 0.8278615671875 0.2260778234375 0.8251098546875 0.2249778890625 0.8881250187499999 0.30377665781249996 0.89087673125
1 0.23721175 0.7113524078125 0.23932161718749997 0.5904781875 0.0369807546875 0.5834122890625 0.034870887499999996 0.7042865093749999 0.23721175 0.7113524078125
1 0.16407505312499998 0.5463667296875 0.1653856625 0.471281984375 0.0751084546875 0.46812943437500004 0.0737978453125 0.5432141796875001 0.16407505312499998 0.5463667296875
1 0 0.479730240625 0.0530071484375 0.481581290625 0.05433659843750001 0.40541715156249997 0 0.4035196765625 0 0.479730240625
1 0.7679171296875 0.5914554921875 0.7708823109375 0.42158038124999997 0.6899069515625 0.41875265937500006 0.6869417703125 0.5886277703125 0.7679171296875 0.5914554921875
1 0.9441453796875001 0.887393540625 0.948226065625 0.653611203125 0.7602691874999999 0.6470476046875 0.7561885015625001 0.8808299421875001 0.9441453796875001 0.887393540625
1 0.7968098593749999 0.31928733125000003 0.7984161609375 0.22726235312499998 0.6402334093750001 0.221738490625 0.6386271078125 0.31376346875 0.7968098593749999 0.31928733125000003
1 0.9549344671875 0.41524784375 0.9562645390625001 0.339048021875 0.8506895906249999 0.3353612625 0.84935951875 0.411561084375 0.9549344671875 0.41524784375
1 0.25199794531249997 0.248575821875 0.253887171875 0.1403421015625 0.12339435781250001 0.13578519218750001 0.12150513125 0.2440189125 0.25199794531249997 0.248575821875
1 0.327848521875 0.09064058593749999 0.3289705671875 0.026358695312500003 0.24219438593749998 0.023328404687500002 0.241072340625 0.0876102953125 0.327848521875 0.09064058593749999
1 0.524174565625 0.2377736875 0.524833996875 0.19999491875 0.474946934375 0.19825282500000002 0.47428750312499995 0.23603159375 0.524174565625 0.2377736875
1 0.54202385 0.0918358171875 0.5432956875 0.018972303125 0.43522587343749997 0.015198421875000001 0.43395403593750004 0.0880619359375 0.54202385 0.0918358171875
1 0.9339602656249999 0.22993820468749998 0.9351861687499999 0.1597062703125 0.8516748749999999 0.1567899921875 0.8504489718749999 0.22702192656250003 0.9339602656249999 0.22993820468749998
1 0.911021471875 0.0833168453125 0.9118149687500001 0.037857434375 0.8474207187499999 0.0356087375 0.846627221875 0.0810681484375 0.911021471875 0.0833168453125
1 0.5662315812500001 0.7637277765625 0.567562121875 0.68750119375 0.457069309375 0.6836426999999999 0.45573876875 0.7598692828125 0.5662315812500001 0.7637277765625