11 0.341281821875 0.2682451234375 0.349523228125 0.7403949609375 0.8340627015625 0.7432139296875 0.8258212953124999 0.2710640921875 0.341281821875 0.2682451234375
11 0.49024399374999994 0.00991984375 0.49453953124999994 0.2560110484375 0.9440351453125 0.2586261359375 0.9397396078125 0.01253493125 0.49024399374999994 0.00991984375
11 0.8097157078125001 0.30625182500000003 0.8138733671875 0.5444440078125 0.9329523140625 0.5451367874999999 0.9287946546875 0.3069446046875 0.8097157078125001 0.30625182500000003
11 0.3353726390625 0.7676144218750001 0.3382879765625 0.934633965625 0.5230467484375 0.9357088609374999 0.5201314109374999 0.7686893171875 0.3353726390625 0.7676144218750001
11 0.16078311875 0.1871217125 0.1664807484375 0.51353865 0.24663425625 0.51400496875 0.2409366265625 0.18758803125 0.16078311875 0.1871217125
11 0.16815658125 0.12275747031249999 0.1660307015625 0.0009659390625 0.1045394734375 0.0006081921875 0.106665353125 0.12239972343750001 0.16815658125 0.12275747031249999
11 0.34423671875 0.0738520921875 0.34298245625 0.0019954140625 0.1666666671875 0.0009696390625000001 0.1679209296875 0.0728263171875 0.34423671875 0.0738520921875
7 0.0031037453125 0.15771376718750002 0.0077827828125 0.42577565625 0.1676073453125 0.42670548906250005 0.1629283078125 0.1586436 0.0031037453125 0.15771376718750002
7 1 0.9356908171875 0.5538751859375 0.9330953390625 0.5550430109375 1 1 1 1 0.9356908171875
7 1 0.5964174578125 0.8677661421874999 0.59564814375 0.8731121109375 0.9019185015625 1 0.9026567125 1 0.5964174578125
7 0.154691790625 0.047312193749999995 0.1569927890625 0.1791362984375 0.46747524374999994 0.1809426328125 0.4651742453125 0.049118528125 0.154691790625 0.047312193749999995