1 0.33220984374999996 0.44614721562500004 0.33448807812500003 0.5244450875 0.456574171875 0.5287084281250001 0.45429593749999997 0.45041055625000004 0.33220984374999996 0.44614721562500004
1 0.5944446531249999 0.36377836406249997 0.5968446421875 0.446260634375 0.7156857015625 0.45041065625 0.7132857125000001 0.3679283859375 0.5944446531249999 0.36377836406249997
1 0.618587184375 0.199328571875 0.6207821859375 0.2747659234375 0.6974047031249999 0.277441640625 0.6952097015625001 0.2020042890625 0.618587184375 0.199328571875
1 0.424566665625 0.21026570625000002 0.4265209125 0.2774288265625 0.5353950843749999 0.28123079687499997 0.5334408374999999 0.21406767656249998 0.424566665625 0.21026570625000002
1 0.0690008171875 0.637709009375 0.070864265625 0.7017515624999999 0.1705331390625 0.7052320765625 0.16866969062499998 0.6411895234375 0.0690008171875 0.637709009375
1 0.5890379078125 0.8890598171875 0.5909852765625 0.95598653125 0.723899184375 0.9606279859375 0.721951815625 0.8937012718749999 0.5890379078125 0.8890598171875
1 0.527147453125 0.609403025 0.5292007546875 0.6799704 0.6430418140625 0.6839458171875 0.6409885125 0.6133784421875 0.527147453125 0.609403025
3 0.693583065625 0.25125903125 0.6956432453125 0.32206281406250004 0.7767359609375 0.324894634375 0.77467578125 0.2540908515625 0.693583065625 0.25125903125
5 0.7076866328125 0.3340909578125 0.70016988125 0.30312683281249997 0.669887046875 0.285537684375 0.6236670046875 0.2886469734375 0.60138243125 0.3185704125 0.6155904875 0.352129865625 0.6522894781249999 0.36285807812500004 0.68864453125 0.3617659609375 0.7076866328125 0.3340909578125
1 0.7160925828125 0.418920265625 0.7223515390624999 0.6340266484375 0.9765568375000001 0.6429036921875 0.9702978812499999 0.427797309375 0.7160925828125 0.418920265625
5 0.7113323609375 0.459386465625 0.6841544203125001 0.43482075 0.644350534375 0.431069103125 0.6120633984375 0.45828158124999996 0.626546603125 0.5012973 0.6763530531249999 0.5077599078125 0.7024991828125 0.4968646296875 0.7113323609375 0.459386465625
5 0.605960265625 0.0211605984375 0.589747909375 0.032402771875 0.62058104375 0.0689044484375 0.6636961890624999 0.072771728125 0.68963595625 0.0547842515625 0.6821192046875 0.023820128125 0.605960265625 0.0211605984375
3 0.7843552593750001 0.065507546875 0.7908914296875 0.2901411171875 0.9647324890625001 0.29621178125 0.95819631875 0.0715782109375 0.7843552593750001 0.065507546875
3 0.5266168046875 0.0454781515625 0.5303932265625 0.17526538593750002 0.6030422343749999 0.1778023453125 0.5992658125 0.0480151109375 0.5266168046875 0.0454781515625
3 0.6980674812500001 0.1018396359375 0.7004502734375 0.1837308875 0.779754909375 0.18650026718749999 0.7773721171875 0.104609015625 0.6980674812500001 0.1018396359375
3 0.08514520625000001 0.7133737015625 0.08691785468749999 0.7742956875 0.17224898125000002 0.7772755171875 0.17047633281250002 0.71635353125 0.08514520625000001 0.7133737015625
3 0.2445998203125 0.7155648015625 0.24639448125 0.7772432874999999 0.3385136875 0.7804601609375 0.3367190265625 0.718781675 0.2445998203125 0.7155648015625
3 0.16438878125 0.749286903125 0.1663120734375 0.81538619375 0.25137829843750004 0.818356771875 0.24945500625 0.75225748125 0.16438878125 0.749286903125
1 0.6958030125 1 0.6944495015625 0.9534828718749999 0.5484892359375 0.9483858265625 0.5499910546875 1 0.6958030125 1
7 0.33216196249999996 0.0323938046875 0.34257704843750003 0.3903370671875 0.45582208281250003 0.3942916703125 0.44540699687499996 0.0363484078125 0.33216196249999996 0.0323938046875
1 0.2515139625 0.139772759375 0.255564846875 0.2789926171875 0.343147628125 0.282051075 0.33909674375 0.1428312171875 0.2515139625 0.139772759375
7 0.0183441765625 0.3126990765625 0.0243101 0.5177345375 0.330899503125 0.528440875 0.32493357968750003 0.3234054140625 0.0183441765625 0.3126990765625
7 0.285535934375 0.551890384375 0.290895153125 0.7360747828124999 0.538345484375 0.7447159375 0.5329862656250001 0.5605315390625 0.285535934375 0.551890384375
7 0.42758244687499997 1 0.42251675781250003 0.8259035671875001 0.030695565624999997 0.8122208687500001 0.03615938125 1 0.42758244687499997 1
7 1 0.6193381640625 0.7106148203125 0.6092326109374999 0.715029590625 0.7609583796875 1 0.770909765625 1 0.6193381640625
7 1 0.7720787890625 0.9093351625 0.7689127046875 0.916059115625 1 1 1 1 0.7720787890625
7 0.8157803171875001 1 0.8100546203125001 0.8032205687499999 0.7073393890624999 0.7996336734375 0.7131694546875 1 0.8157803171875001 1