3 0.0212886140625 0.9139841375 0.5005809218749999 0.8972468812500001 0.4868369265625 0.306748796875 0.00754461875 0.323486053125 0.0212886140625 0.9139841375
3 0.5393863765625 0.9470635906249999 0.92603253125 0.933561609375 0.9165699343749999 0.5270098859375001 0.5299237796875 0.5405118671875 0.5393863765625 0.9470635906249999
2 0.1133660734375 0.8724234046875001 0.23964299687500001 0.8680137171875 0.23654319531249998 0.734833640625 0.110266271875 0.7392433281249999 0.1133660734375 0.8724234046875001
2 0.454649075 0.83496755625 0.5565567671875 0.8314088609375 0.5533374703125 0.693094684375 0.45142977812499996 0.6966533796875 0.454649075 0.83496755625
2 0.4251927765625 0.5974116265625 0.5400850828125 0.5933995000000001 0.5366267890625 0.444817125 0.42173448281250003 0.4488292515625 0.4251927765625 0.5974116265625
2 0.038338828125 0 0.0452135765625 0.295367246875 0.8612135765625 0.2668719 0.8550020640625 0 0.038338828125 0
2 1 0.2718034265625 0.57876405625 0.28651330937499997 0.5844821 0.5321838078125001 1 0.517673603125 1 0.2718034265625
3 0.850155475 0.5148154265625 0.0126631671875 0.544061303125 0.021313359375 0.9157088124999999 0.8588056671875 0.8864629359375 0.850155475 0.5148154265625
3 0.018437254687499998 0.56523718125 0.45717571562500003 0.549916096875 0.4468926875 0.1081153296875 0.0081542265625 0.12343641406250001 0.018437254687499998 0.56523718125
2 0.11400415781249999 0.8905768015625 0.24698877343749998 0.8859328765625 0.24343595156250003 0.7332891984375001 0.1104513359375 0.7379331234375 0.11400415781249999 0.8905768015625
2 0.41704141874999995 0.8690277453125 0.5769798796875001 0.8634425718750001 0.5726619171875 0.67792533125 0.41272345625 0.6835105046875001 0.41704141874999995 0.8690277453125
2 0.4232031015625 0.56749506875 0.5313261781249999 0.563719328125 0.52881673125 0.4559032375 0.42069365468750003 0.459678978125 0.4232031015625 0.56749506875
2 0.638749515625 0 0.6506264046875 0.510279540625 1 0.49807914531249997 1 0 0.638749515625 0
2 0.3879920234375 0 0.392555809375 0.19607888125 0.575355809375 0.1896953640625 0.5709406015625 0 0.3879920234375 0
2 0.07609471718750001 0.2071491203125 0.38215625625 0.19646121562500002 0.377707203125 0.005311790625 0.0716456640625 0.0159996953125 0.07609471718750001 0.2071491203125
20 0.4382557546875 0.45743602031249997 0.6763480625 0.449121653125 0.668128596875 0.095979890625 0.4300362890625 0.10429425781249999 0.4382557546875 0.45743602031249997
20 1 0.6586501625000001 0.8785453171875 0.6628914531250001 0.8856906421874999 0.9698837906250001 1 0.9658920203125 1 0.6586501625000001
20 0.2963693796875 0.9773108984375 0.5829232265625001 0.96730421875 0.5793454359375 0.81358774375 0.2927915890625 0.8235944234374999 0.2963693796875 0.9773108984375