3 0.8278866609375 0.445976771875 0.8376267296875 0.02750371875 0.1730885765625 0.0352363203125 0.16334850781250002 0.45370937343750006 0.8278866609375 0.445976771875
3 0 0.8496949624999999 0.5955591375 0.8427650046874999 0.6052601828124999 0.42596859687500005 0.0031718296875 0.4329745296875 0 0.5692492484375 0 0.8496949624999999
3 0.8160722687499999 0.3006596375 0.822196309375 0.037545865625 0.24749751406249998 0.044233090625 0.2413734734375 0.3073468625 0.8160722687499999 0.3006596375
3 0.6237219125 0.6151635421874999 0.6309351515625 0.3052533625 0.0694492078125 0.31178684218749997 0.06223596875 0.621697021875 0.6237219125 0.6151635421874999
3 0 0.7983615625 0.500870725 0.7925334046875 0.5051627109375 0.6081322078125 0 0.6140103078125 0 0.7983615625
3 0.520310140625 0.9328230328125 0.5230446359375 0.815338003125 0.3426430296875 0.8174371656250001 0.339908534375 0.9349221953125 0.520310140625 0.9328230328125
3 0 0.9284610484375 0.14165706718749999 0.9268127203125 0.1440277984375 0.8249564328125001 0 0.8266323468750001 0 0.9284610484375
20 0.34454868125 0.9848247296875 0.34986993437499997 0.756201975 0.1694281671875 0.7583016046875 0.1641069140625 0.9869243593749999 0.34454868125 0.9848247296875
20 0.7829334984375 0.7446376453125 0.78676625 0.5799669875 0.5005011890625 0.5832979828125 0.4966684375 0.747968640625 0.7829334984375 0.7446376453125
20 0.7093665390624999 0.9107782390624999 0.9786034875 0.9076453843750001 0.9824069703125 0.7442322109374999 0.713170021875 0.747365065625 0.7093665390624999 0.9107782390624999
20 0.9769169578125 0.43931883125000004 0.980798490625 0.2725523640625 0.6653366421875 0.2762230953125 0.6614551093750001 0.44298956250000004 0.9769169578125 0.43931883125000004
20 0.8422617859375 0 0.8363335140625001 0.2547027296875 0.9938435546875001 0.252869934375 0.9997291671875 0 0.8422617859375 0
20 0.49796887031250003 0.924971421875 0.49636329687499997 0.9939534578125 0.735399440625 0.9911720203125001 0.7370050140625 0.922189984375 0.49796887031250003 0.924971421875