20 0.9850376515624999 0.050198556250000005 0.8945937875000001 0.050198556250000005 0.89844783125 0.1826534296875 0.9888916953125 0.1826534296875 0.9850376515624999 0.050198556250000005
20 0.6777856124999999 0.0450361015625 0.514548015625 0.0450361015625 0.522715140625 0.325722021875 0.6859527375 0.325722021875 0.6777856124999999 0.0450361015625
20 0.5040412359374999 0.012364620312500001 0.4420046828125 0.012364620312500001 0.4445982046875 0.1014981953125 0.5066347578125 0.1014981953125 0.5040412359374999 0.012364620312500001
20 0.7970887734375001 0 0.8000993171875 0.1034657046875 0.8792376984375 0.1034657046875 0.8762271546875 0 0.7970887734375001 0
20 0.0149869453125 0 0.025905159374999997 0.3752346578125 0.37781116406250004 0.3752346578125 0.36689295 0 0.0149869453125 0
20 0.5066470015625 0.23068592031250001 0.383696609375 0.23068592031250001 0.38714203281250004 0.34909747343749997 0.5100924250000001 0.34909747343749997 0.5066470015625 0.23068592031250001
20 1 0.509187725 0.6374529250000001 0.509187725 0.651733578125 0.9999819499999999 1 0.9999819499999999 1 0.509187725
20 0.587612746875 0.5779422375000001 0.506176715625 0.5779422375000001 0.5128868890625 0.80855595625 0.5943229203125 0.80855595625 0.587612746875 0.5779422375000001
20 0.4405484046875 0.43700360937499994 0.333028821875 0.43700360937499994 0.33667592968750004 0.5623465703125 0.4441955125 0.5623465703125 0.4405484046875 0.43700360937499994
20 0.37351156875 0.56935018125 0.17476483125 0.56935018125 0.18380696875 0.880108303125 0.38255370625 0.880108303125 0.37351156875 0.56935018125
20 0.5029482562500001 0.744711190625 0.3817472125 0.744711190625 0.3891748328125 0.9999819499999999 0.5103758765624999 0.9999819499999999 0.5029482562500001 0.744711190625
20 0.372373790625 1 0.36799768125 0.8496028875 0.2595120421875 0.8496028875 0.2638881515625 1 0.372373790625 1
20 0.16164896875 0.42323104687499996 0.0123278203125 0.42323104687499996 0.0185369375 0.6366245484374999 0.1678580859375 0.6366245484374999 0.16164896875 0.42323104687499996
20 0.195820265625 1 0.1922445875 0.8771119140625 0.0892419765625 0.8771119140625 0.0928176546875 1 0.195820265625 1
3 0.17768619375 0.6329602890625 0.0184172640625 0.6329602890625 0.025007687499999997 0.859458484375 0.1842766171875 0.859458484375 0.17768619375 0.6329602890625
3 0.9905425484375 0.1963176890625 0.6959733578125 0.1963176890625 0.704941965625 0.5045487359374999 0.99951115625 0.5045487359374999 0.9905425484375 0.1963176890625
3 0.6742870046875 0.35102888125 0.44091885781249995 0.35102888125 0.4472666328125 0.569187725 0.6806347796875001 0.569187725 0.6742870046875 0.35102888125
3 0.3668695015625 0.3837003609375 0.1653812515625 0.3837003609375 0.17077943281250002 0.5692238265625 0.3722676828125 0.5692238265625 0.3668695015625 0.3837003609375
3 0.499324959375 0.1069133578125 0.35326751875 0.1069133578125 0.35731274062499996 0.245938628125 0.50337018125 0.245938628125 0.499324959375 0.1069133578125
3 0.80466643125 0.0037906140625000003 0.6893922796874999 0.0037906140625000003 0.695117146875 0.20054151562500003 0.8103912984375 0.20054151562500003 0.80466643125 0.0037906140625000003
3 0.6322432421874999 1 0.627066703125 0.8220938625 0.515291246875 0.8220938625 0.5204677859375 1 0.6322432421874999 1
3 0.49302261875 0.5745306859375 0.3787928546875 0.5745306859375 0.384041875 0.7549277984375 0.4982716390625 0.7549277984375 0.49302261875 0.5745306859375