1 0.3127312390625 0.9277990468749999 0.3127312390625 0.8650228421874999 0.26217277499999997 0.8659053437500001 0.26217277499999997 0.9286815484375 0.3127312390625 0.9277990468749999
1 0.137390925 0.8616244953125 0.137390925 0.7850239296875 0.07988656250000001 0.786027671875 0.07988656250000001 0.8626282375000001 0.137390925 0.8616244953125
1 0.29565445 0.28600080625 0.29565445 0.1680971234375 0.24277486874999998 0.1690201390625 0.24277486874999998 0.286923821875 0.29565445 0.28600080625
1 0.13103839374999998 0.5368911859375001 0.13103839374999998 0.43224529375 0.0223298421875 0.43414280937500005 0.0223298421875 0.5387887015625 0.13103839374999998 0.5368911859375001
1 0.08113437968750001 0.278116371875 0.08113437968750001 0.1902126890625 0.03439790625 0.19102847812499998 0.03439790625 0.2789321609375 0.08113437968750001 0.278116371875
1 0.11817626562500001 0.3443961484375 0.11817626562500001 0.26921201250000004 0.060567190625 0.2702175828125 0.060567190625 0.34540171875 0.11817626562500001 0.3443961484375
1 0.7088656203125 0.7607428515625 0.7088656203125 0.6649921437499999 0.6115881328125 0.6666901281250001 0.6115881328125 0.7624408359375 0.7088656203125 0.7607428515625
1 0.54799301875 0.65923078125 0.54799301875 0.5879276640625 0.4926003484375 0.588894546875 0.4926003484375 0.6601976640625 0.54799301875 0.65923078125
1 0.53266143125 0.517416240625 0.53266143125 0.41775618437500006 0.49397033125 0.418431540625 0.49397033125 0.518091596875 0.53266143125 0.517416240625
1 0.598342059375 0.371977996875 0.598342059375 0.223111140625 0.5309075046875 0.22428821562499998 0.5309075046875 0.37315507187499997 0.598342059375 0.371977996875
1 0.68478185 0.46814623906249997 0.68478185 0.3813757015625 0.6266317625 0.38239071406249997 0.6266317625 0.4691612515625 0.68478185 0.46814623906249997
1 0.647582896875 0.26454625625 0.647582896875 0.21868223437499998 0.61021815 0.2193344390625 0.61021815 0.2651984609375 0.647582896875 0.26454625625
1 0.8623211171875 0.744735665625 0.8623211171875 0.6481067703125001 0.8044153578125 0.64911751875 0.8044153578125 0.7457464140625001 0.8623211171875 0.744735665625
1 0.9673821984375 0.5875335453125 0.9673821984375 0.48651371406250005 0.9179232109375001 0.4873770234375 0.9179232109375001 0.5883968546875 0.9673821984375 0.5875335453125
1 0.4588481671875 0.1279822765625 0.4588481671875 0.079908621875 0.4146596859375 0.080679934375 0.4146596859375 0.1287535890625 0.4588481671875 0.1279822765625