3 0.5906018515625 1 0.5906018515625 0.007371601562500001 0.29902777812500003 0.007371601562500001 0.29902777812500003 1 0.5906018515625 1
3 0.966759259375 1 0.966759259375 0.3094864046875 0.6213888890625 0.3094864046875 0.6213888890625 1 0.966759259375 1
20 0.0000154328125 0.47749244687500003 0.31158950625 0.47749244687500003 0.31158950625 0.026555890625000002 0.0000154328125 0.026555890625000002 0.0000154328125 0.47749244687500003
20 0.128024690625 0.594909365625 0.2904320984375 0.594909365625 0.2904320984375 0.4705891234375 0.128024690625 0.4705891234375 0.128024690625 0.594909365625
20 0.20435185156250002 0.6800755281249999 0.29280864218749997 0.6800755281249999 0.29280864218749997 0.5826435046875 0.20435185156250002 0.5826435046875 0.20435185156250002 0.6800755281249999
20 0.0070987656250000005 0.99998489375 0.14481481406250002 0.99998489375 0.14481481406250002 0.92037764375 0.0070987656250000005 0.92037764375 0.0070987656250000005 0.99998489375
20 0.2586574078125 0.9493051359375 0.370293209375 0.9493051359375 0.370293209375 0.68314199375 0.2586574078125 0.68314199375 0.2586574078125 0.9493051359375
20 0.3742129625 0.9436404828124999 0.6027006171875 0.9436404828124999 0.6027006171875 0.70258308125 0.3742129625 0.70258308125 0.3742129625 0.9436404828124999
20 0.338117284375 0.57723565 0.43237654374999995 0.57723565 0.43237654374999995 0.3949697890625 0.338117284375 0.3949697890625 0.338117284375 0.57723565
20 0.439259259375 0.4753625375 0.609938271875 0.4753625375 0.609938271875 0.298776434375 0.439259259375 0.298776434375 0.439259259375 0.4753625375
20 0.437453703125 0.6889879156250001 0.600385803125 0.6889879156250001 0.600385803125 0.5275679765625 0.437453703125 0.5275679765625 0.437453703125 0.6889879156250001
20 0.6036111109375 0.622492446875 0.7216358031250001 0.622492446875 0.7216358031250001 0.40203927500000003 0.6036111109375 0.40203927500000003 0.6036111109375 0.622492446875
20 0.7408796296875 0.5206344406250001 0.8789969140625 0.5206344406250001 0.8789969140625 0.36842900312500004 0.7408796296875 0.36842900312500004 0.7408796296875 0.5206344406250001
6 0.684891975 0.7469939578125 0.78226851875 0.7469939578125 0.78226851875 0.630105740625 0.684891975 0.630105740625 0.684891975 0.7469939578125
20 0.8167438265625 0.611193353125 0.943009259375 0.611193353125 0.943009259375 0.5187160125 0.8167438265625 0.5187160125 0.8167438265625 0.611193353125
20 1 0.1845770390625 0.8510493828125 0.1845770390625 0.8510493828125 0.47113293125 1 0.47113293125 1 0.1845770390625
20 0.5819290125000001 0.3013444109375 0.7004783953125 0.3013444109375 0.7004783953125 0.0969033234375 0.5819290125000001 0.0969033234375 0.5819290125000001 0.3013444109375
20 0.6903086421875 0.1542296078125 0.8881481484375 0.1542296078125 0.8881481484375 0.0183987921875 0.6903086421875 0.0183987921875 0.6903086421875 0.1542296078125
20 0.4157870375 0.1414803625 0.5193981484375 0.1414803625 0.5193981484375 0.046676737499999996 0.4157870375 0.046676737499999996 0.4157870375 0.1414803625
20 0.5136111109375 0 0.5136111109375 0.0590483390625 0.6198456796875 0.0590483390625 0.6198456796875 0 0.5136111109375 0
20 0.8564660500000001 0.8389425984375001 0.9835956796875 0.8389425984375001 0.9835956796875 0.707885196875 0.8564660500000001 0.707885196875 0.8564660500000001 0.8389425984375001
20 0.6888271609375 1 0.6888271609375 0.9430211484375001 0.592777778125 0.9430211484375001 0.592777778125 1 0.6888271609375 1
3 0.61444444375 0.9492598187500001 0.861419753125 0.9492598187500001 0.861419753125 0.7308610265625 0.61444444375 0.7308610265625 0.61444444375 0.9492598187500001
3 0.9999845671875001 1 0.9999845671875001 0.852870090625 0.8672993828125 0.852870090625 0.8672993828125 1 0.9999845671875001 1
3 0.953811728125 1 0.953811728125 0.930634440625 0.7011265437499999 0.930634440625 0.7011265437499999 1 0.953811728125 1
3 0.57091049375 1 0.57091049375 0.9536404828125 0.2550154328125 0.9536404828125 0.2550154328125 1 0.57091049375 1
3 0.32728395 0.3696827796875 0.42222222187499997 0.3696827796875 0.42222222187499997 0.034305135937499995 0.32728395 0.034305135937499995 0.32728395 0.3696827796875
3 0.41577160468749996 0.297507553125 0.588240740625 0.297507553125 0.588240740625 0.1474471296875 0.41577160468749996 0.1474471296875 0.41577160468749996 0.297507553125
4 0.0000154328125 0.6812839875 0.1799228390625 0.6812839875 0.1799228390625 0.5022809671874999 0.0000154328125 0.5022809671874999 0.0000154328125 0.6812839875
4 0.0507870375 0.9113746218750001 0.14445987656249998 0.9113746218750001 0.14445987656249998 0.7254229609375 0.0507870375 0.7254229609375 0.0507870375 0.9113746218750001
4 0.1441203703125 0.781948640625 0.23983024687499999 0.781948640625 0.23983024687499999 0.6909818734375001 0.1441203703125 0.6909818734375001 0.1441203703125 0.781948640625