4 0.280119046875 0.587779428125 0.742458790625 0.57701835 0.7471746265625 0.3068482828125 0.28483488281249997 0.31760936093750003 0.280119046875 0.587779428125
4 0.190873725 0.29059051406249997 0.3253609046875 0.2874602890625 0.3278503296875 0.1448412421875 0.19336314999999998 0.1479714671875 0.190873725 0.29059051406249997
4 0.400840415625 0.23988877187500002 0.53122503125 0.23685403749999998 0.5334146328125 0.1114118609375 0.4030300171875 0.11444659531250001 0.400840415625 0.23988877187500002
3 0 0.66445783125 0.2743586703125 0.6580720624999999 0.2807683609375 0.290861178125 0 0.297396134375 0 0.66445783125
3 0.2637675203125 0.6545445984375 0.257849421875 0.9935922171874999 0.48980455 0.9881934015624999 0.4957226484375 0.6491457828125 0.2637675203125 0.6545445984375
3 0 0.9995767296875 0.27254523124999996 0.99323316875 0.2742450234375 0.895852215625 0 0.9022353390625 0 0.9995767296875
4 0.6347451046875 0.9432551328125 0.7360912578125001 0.9408962750000001 0.7380653421875001 0.8278010374999999 0.6367191890624999 0.8301598953125 0.6347451046875 0.9432551328125
19 0.6613337734375 0 0.6570013140625 0.24820647187499997 0.99539875 0.240330184375 0.999593728125 0 0.6613337734375 0
20 0.78100201875 0.6806535921875 0.9877968906250001 0.6758403890625 0.9952752578125 0.2474050140625 0.7884803859375 0.2522182171875 0.78100201875 0.6806535921875
20 0.0627469328125 0 0.0602966671875 0.1403756890625 0.43596974375 0.1316318015625 0.438267384375 0 0.0627469328125 0
20 0 0.2964611390625 0.1876917375 0.2920925671875 0.19001848593749998 0.15879324687500002 0 0.163215975 0 0.2964611390625
20 0 0.9379691171875001 0.2506883421875 0.9321342796875 0.25559297812500004 0.651147884375 0 0.6570968781250001 0 0.9379691171875001
20 0.5569579499999999 0.8605591796875001 0.713304103125 0.8569201828124999 0.7159900453125 0.70304263125 0.5596438921875 0.706681628125 0.5569579499999999 0.8605591796875001
20 0.4066718171875 0.873101071875 0.4046282671875 0.9901759015625 0.550525703125 0.9867801015625 0.5525692531249999 0.8697052718749999 0.4066718171875 0.873101071875
20 0.5351249484375 0.7090713015625 0.7046762296875 0.7051249515625 0.7076228109375 0.536315428125 0.5380715296874999 0.540261778125 0.5351249484375 0.7090713015625
20 0.731963878125 0.9782051078125 0.8177651609375 0.976208059375 0.82070165 0.8079767671875 0.7349003671875 0.809973815625 0.731963878125 0.9782051078125
20 0.6965942468749999 0.5881327984375 0.7773634781250001 0.5862528734375 0.7802857171875 0.41883790625 0.6995164859375 0.42071783125 0.6965942468749999 0.5881327984375
20 0.28181795 0.3087376359375 0.45704230937499996 0.30465924375000003 0.4592716890625 0.17693815468750002 0.2840473296875 0.181016546875 0.28181795 0.3087376359375
20 0.5062400953124999 0.19160385468750002 0.6453747109375 0.1883654609375 0.647388575 0.0729913109375 0.508253959375 0.0762297046875 0.5062400953124999 0.19160385468750002
20 0.6691868421875 0.22646898593749998 0.7715265859375 0.2240870015625 0.774122284375 0.0753795171875 0.671782540625 0.0777615015625 0.6691868421875 0.22646898593749998