14 0.794715446875 0.06802190625 0.8170731703125 0.0815860328125 0.835365853125 0.07512404843750001 0.8373983734375001 0.060992232812500005 0.827235771875 0.0471442640625 0.810975609375 0.043498578125 0.7967479671875 0.045841803125000004 0.7926829265625 0.0539847078125 0.794715446875 0.06802190625
14 0.7804878046875 0.0361599015625 0.7865853656249999 0.017909325 0.7764227640625 0.0000372109375 0.7642276421875 0.00032105625 0.75 0.0107125703125 0.7479674796875 0.024844385937499998 0.7601626015625 0.0346209015625 0.7804878046875 0.0361599015625
14 0.7642276421875 0.052634940625 0.7439024390625 0.057132157812499994 0.7439024390625 0.0732287375 0.75813008125 0.0829579484375 0.77439024375 0.0825794890625 0.778455284375 0.06638829375000001 0.7642276421875 0.052634940625
14 0.7601626015625 0.26600923125 0.7601626015625 0.2479005796875 0.75 0.2360646828125 0.7398373984375 0.23630122031249998 0.729674796875 0.254646409375 0.7317073171875 0.268683609375 0.7520325203125 0.2742467515625 0.7601626015625 0.26600923125
14 0.6585365859375 0.17783134375 0.6361788625 0.186400015625 0.640243903125 0.206426125 0.66056910625 0.2160134125 0.6747967484374999 0.211658115625 0.6768292687499999 0.19149008437499998 0.6585365859375 0.17783134375
14 0.6463414640625 0.3229844046875 0.652439025 0.3027217578125 0.64430894375 0.292850625 0.6260162609375 0.289252246875 0.617886178125 0.2995018390625 0.6239837390625 0.3235047859375 0.6341463421875 0.32930446562500004 0.6463414640625 0.3229844046875
14 0.44105691093750005 0.038024025 0.422764228125 0.03643771875 0.40040650468749994 0.0550667515625 0.40040650468749994 0.069151259375 0.430894309375 0.08252615468749999 0.44715447187499996 0.0499545375 0.44105691093750005 0.038024025
14 0.302845528125 0.292749984375 0.3170731703125 0.2883946890625 0.3333333328125 0.2678955046875 0.3333333328125 0.2538109984375 0.3211382109375 0.24001033437500002 0.302845528125 0.2424481734375 0.29065040625 0.2608406703125 0.294715446875 0.286902996875 0.302845528125 0.292749984375
14 0.25813008125 0.41853924062500003 0.237804878125 0.417000240625 0.2337398375 0.44526387031250003 0.25 0.471042353125 0.26829268281249996 0.4686045140625 0.2764227640625 0.448294559375 0.25813008125 0.41853924062500003
14 0.27439024375 0.4905953875 0.30081300781250003 0.47790795625 0.30691056875 0.457645309375 0.294715446875 0.433784284375 0.26829268281249996 0.44445964375 0.27439024375 0.4905953875
14 0.1788617890625 0.587386240625 0.1686991875 0.587622778125 0.1585365859375 0.59590760625 0.1504065046875 0.6222537765625 0.1626016265625 0.640078584375 0.20325203281249998 0.6411445078125 0.2317073171875 0.62840976875 0.2317073171875 0.6123131890625 0.217479675 0.6005719078125 0.19308943125 0.6071758140625 0.1788617890625 0.587386240625
14 0.10569105625 0.675608425 0.1117886171875 0.7056475875 0.12804878125000002 0.7072811999999999 0.152439025 0.69665315 0.1666666671875 0.6782133453125 0.1666666671875 0.6661409109374999 0.148373984375 0.64443388125 0.14634146406249998 0.62033631875 0.1199186984375 0.6149150984375 0.10569105625 0.675608425
14 0.11585365781250001 0.6230580031249999 0.1199186984375 0.600830590625 0.08333333281250001 0.5533923875 0.06910569062500001 0.5517114656250001 0.048780487500000004 0.5642569765625 0.0508130078125 0.62255976875 0.0630081296875 0.6524570093750001 0.11585365781250001 0.6230580031249999
14 0.0101626015625 0.6818560171875 0.012195121875000001 0.7059535796875 0.028455284375 0.7196596265624999 0.06910569062500001 0.718713478125 0.08333333281250001 0.7063098921875001 0.085365853125 0.6841297875000001 0.0813008125 0.635934665625 0.07520325156249999 0.6320524421875 0.052845528125 0.6708022 0.0101626015625 0.6818560171875
14 0.08943089374999999 0.800735375 0.0955284546875 0.764376146875 0.0813008125 0.7526348656249999 0.06504065 0.7590495421875 0.05691056875 0.7894198593749999 0.06504065 0.80733928125 0.0792682921875 0.8090202 0.08943089374999999 0.800735375
14 0.2601626015625 0.9516911265625 0.2357723578125 0.938174309375 0.2073170734375 0.9529211203125 0.1910569109375 0.9372030015625 0.172764228125 0.9356166937499999 0.1544715453125 0.9561631859374999 0.1504065046875 0.976378525 0.1585365859375 0.9963100203125 0.1869918703125 0.9956477156249999 0.19308943125 0.9794092140625 0.205284553125 0.9730891515625 0.22560975625 0.9927368031249999 0.2479674796875 0.9942284921875 0.25813008125 0.98393159375 0.2601626015625 0.9516911265625
14 0.48780487812500006 0.7029319296875001 0.5121951218749999 0.71041253125 0.5304878046875 0.6999264015625 0.5304878046875 0.6898660390625 0.520325203125 0.67601806875 0.5 0.668442853125 0.48577235781250006 0.670786078125 0.47967479687500003 0.6809883625 0.48780487812500006 0.7029319296875001
14 0.5772357718750001 0.6324399390625 0.585365853125 0.6060937671875 0.5731707312500001 0.594305178125 0.544715446875 0.6050278453125 0.5365853656249999 0.617289509375 0.5386178859374999 0.631326709375 0.5508130078125 0.6390911531250001 0.5772357718750001 0.6324399390625
14 0.5813008125 0.8073956265625 0.585365853125 0.7851682140625 0.5711382109375001 0.767390715625 0.552845528125 0.7798889171875001 0.5583434734375 0.786800178125 0.5583434734375 0.799042221875 0.5630081296875 0.8158696843750001 0.5813008125 0.8073956265625
14 0.7479674796875 0.819612996875 0.7317073171875 0.8260276734374999 0.72560975625 0.8462903203125001 0.7337398375 0.8621976703125 0.754065040625 0.8536763046875 0.75813008125 0.83144889375 0.7479674796875 0.819612996875
14 0.7886178859374999 0.530940490625 0.77439024375 0.53931993125 0.77439024375 0.5554165109375 0.7865853656249999 0.5692171734375 0.80691056875 0.570756171875 0.81504065 0.542397928125 0.7886178859374999 0.530940490625
14 0.6991869921875 0.474671915625 0.7093495937500001 0.450290509375 0.6991869921875 0.4384546125 0.6747967484374999 0.4390223015625 0.66056910625 0.449413815625 0.66056910625 0.45947417812499997 0.6747967484374999 0.4712154609375 0.6991869921875 0.474671915625
14 0.7642276421875 0.9379468109375001 0.754065040625 0.9442195640625 0.75 0.9704711218750001 0.7560975609375 0.9763654171875 0.7764227640625 0.9678440515625001 0.7804878046875 0.94360456875 0.7642276421875 0.9379468109375001
14 0.45934959375 0.46013346874999994 0.44512195156249995 0.4644887671875 0.430894309375 0.442687121875 0.40243902499999995 0.44938564375 0.4085365859375 0.49149724062500005 0.4166666671875 0.4993563015625 0.435639325 0.48698148906250005 0.4417250140625 0.5005202890625 0.4439380046875 0.5048465 0.4550029078125 0.5002112421875 0.4633015875 0.48579043281249995 0.47823921093750005 0.47066785156249996 0.45934959375 0.46013346874999994