3 0.4005068859375 0.65056964375 0.2826006359375 0.6533139421875 0.27888419062500003 0.9727045671875001 0.396790440625 0.9699602687500001 0.4005068859375 0.65056964375
3 0.624274996875 0.5075471546875 0.523103121875 0.50990195625 0.5175563609375 0.9865894562499999 0.6187282359374999 0.9842346546874999 0.624274996875 0.5075471546875
3 0.12071071093750001 0.7160894234375 0.0336482109375 0.718115825 0.03181480625 0.875678325 0.11887730625 0.8736519234375001 0.12071071093750001 0.7160894234375
3 0.20680121406250002 0.8338422640625 0.0999574640625 0.8363290796875 0.0982569640625 0.9824697046875001 0.2051007140625 0.9799828890625 0.20680121406250002 0.8338422640625
3 0.1488484859375 0.20689258906250002 0.0274109859375 0.209719078125 0.025526490625 0.371672203125 0.146963990625 0.3688457140625 0.1488484859375 0.20689258906250002
3 0.2296468390625 0.3022122171875 0.1460687140625 0.30415751874999997 0.1441840375 0.46612626874999996 0.2277621625 0.4641809671875 0.2296468390625 0.3022122171875
3 0.8432912765625 0.1768502 0.7463225265625 0.1791071734375 0.7447291140625001 0.3160446734375 0.8416978640625 0.3137877 0.8432912765625 0.1768502
3 0.9426475484375001 0.46611491718750003 0.8401475484375001 0.46850063124999997 0.838504684375 0.60968813125 0.941004684375 0.6073024171875 0.9426475484375001 0.46611491718750003
3 0.448327946875 0.00031995 0.331827946875 0.0030315171875 0.329915815625 0.1673596421875 0.446415815625 0.164648075 0.448327946875 0.00031995
2 0.48580694687500003 0.40264307656250004 0.513986490625 0.397300959375 0.5363342046875 0.3561668140625 0.5258512390625001 0.3173588859375 0.5181296453125 0.309728225 0.49941600781249995 0.3070396359375 0.4524682828125 0.3143806640625 0.44134896875 0.3302602359375 0.45168648593749994 0.3815681640625 0.47023649062499995 0.3983192515625 0.48580694687500003 0.40264307656250004
2 0.46769438750000003 0.2140533546875 0.48631711875 0.22455444375 0.50350461875 0.22415440000000003 0.52548870625 0.2142702546875 0.5397875640625001 0.1936304453125 0.548000053125 0.1590736078125 0.54694663125 0.11535997499999999 0.5240182078125 0.0721554890625 0.5069397953125 0.0631805328125 0.477288659375 0.0607465171875 0.46462502656250004 0.07509995781249999 0.44943528437499997 0.172302265625 0.46769438750000003 0.2140533546875
2 0.6325375906249999 0.277385890625 0.6204375796875 0.24330183125 0.6080466671875 0.23421777187499998 0.56118985 0.23374630000000002 0.5469273546875 0.2512611078125 0.548180771875 0.27778724062500004 0.5587910078125 0.3056576671875 0.5883512390625001 0.3159041828125 0.6181114640625001 0.3089631984375 0.6325375906249999 0.277385890625
2 0.6830466671875 0.232472128125 0.7174034859375 0.233234540625 0.73958756875 0.20616289375000002 0.740078465625 0.16397539375 0.732284146875 0.1625947328125 0.729322778125 0.1486049671875 0.7122625484375 0.1380675109375 0.6763614109375 0.135778965625 0.6559580046875 0.14406424375 0.647981871875 0.1583085828125 0.65830120625 0.21117900937499998 0.6830466671875 0.232472128125
2 0.8344102687499999 0.1117933390625 0.8193488890625 0.06371951406250001 0.7693488890625 0.064883278125 0.7569216140624999 0.05892421875 0.74567503125 0.0857412921875 0.7591011859375 0.14010148281249998 0.782302328125 0.15986846875 0.8213466468749999 0.1605217796875 0.830885278125 0.14624107343749998 0.8344102687499999 0.1117933390625
2 0.9232898593750001 0.25968401874999997 0.9235989421875 0.23312151874999998 0.9070114265625 0.1819590625 0.8914409703124999 0.17763523750000001 0.8663864265625 0.18290461875 0.8506341578125 0.19420579531249998 0.8517784859375 0.23010692812500003 0.871618271875 0.2702591484375 0.910626228125 0.274037459375 0.9232898593750001 0.25968401874999997
2 0.539022853125 0.39359407812499997 0.5321546875000001 0.4468645484375 0.5474160609375 0.4777508734375 0.5816092484375 0.49257578593750007 0.5956717484375 0.49224847812499994 0.6082444734375 0.4857075359375 0.6256865125 0.46343249374999995 0.629556946875 0.3992972578125 0.6065012546874999 0.367030271875 0.60513875 0.3498791390625 0.58651601875 0.33937805 0.57245351875 0.339705359375 0.5534671609374999 0.3604542703125 0.539022853125 0.39359407812499997
2 0.49954108750000004 0.5647794 0.5200717640625 0.545556621875 0.528156984375 0.5219372843750001 0.5269217484375 0.49384865156249996 0.5023217375 0.4600555328125 0.45237628125 0.4565317953125 0.4286660609375 0.48051480937499996 0.428338796875 0.508639809375 0.43883994531250003 0.5458852359375 0.46356722499999997 0.5687408546875 0.49954108750000004 0.5647794
2 0.4334070109375 0.6100568390625 0.4140933890625 0.65893075 0.41207635624999994 0.6980296187499999 0.4226320484375 0.7305875453125 0.44265364687500003 0.755114765625 0.48166160312499995 0.7588930765625 0.49895819062499996 0.7491180328125 0.5197252234375 0.7095827546875 0.5235229328125001 0.65169751875 0.5054274609375 0.5958839296875 0.48684109375 0.582257840625 0.46029677500000005 0.581313590625 0.4430001859375 0.5910886343749999 0.4334070109375 0.6100568390625
2 0.405479815625 0.8622012203124999 0.4175252828125 0.9009727796875 0.42829914999999996 0.91478070625 0.4547162 0.9266624578125 0.4796798375 0.9292055765624999 0.49859346875000005 0.914706665625 0.513074140625 0.87844185625 0.51074911875 0.8097645921875 0.49536047656250004 0.78981576875 0.4438888828125 0.7832033984375 0.41696275624999996 0.815071646875 0.40573435468749997 0.8403262203124999 0.405479815625 0.8622012203124999
2 0.6485774765625 0.6441006109375 0.6249218015625 0.663396125 0.61823545 0.7010415953125 0.633369553125 0.7428654203125 0.6472320578125 0.7597256109375 0.6815888765625 0.760488025 0.709950234375 0.7395209078125 0.7165638609375 0.7081254375 0.6967786203124999 0.663285715625 0.6689081578125 0.6420653328125 0.675303609375 0.6294198625 0.661295653125 0.6250596703125 0.650339971875 0.62687674375 0.6485774765625 0.6441006109375
2 0.81051385625 0.6887558828125 0.8249763453125001 0.6540535734375 0.8331161093749999 0.6257467359375 0.8317899671875001 0.605470603125 0.78678655 0.5799627640625 0.74472631875 0.5700071890625 0.7115320109375001 0.6035834078125 0.73387863125 0.69678789375 0.7369490859375001 0.701402659375 0.8010479500000001 0.6967865875 0.81051385625 0.6887558828125
2 0.626703571875 0.5102711249999999 0.6294104015624999 0.546135890625 0.64156495625 0.5755324500000001 0.6569717796875 0.5939187734375 0.7022115546875 0.5991141140625 0.7164013234375 0.5878493046875 0.7260126812500001 0.5673186 0.734534253125 0.5061992625 0.7041205953125 0.43505161406250004 0.6541933203125 0.4299653765625 0.64312855 0.44115745000000006 0.6366603750000001 0.4600529203125 0.626703571875 0.5102711249999999
2 0.848957790625 0.336390865625 0.8445066999999999 0.344130115625 0.8443103375 0.3349398984375 0.8363160234375 0.3507467359375 0.8389864906250001 0.38973650000000004 0.8525580953125 0.43159669218749996 0.8962171874999999 0.43839090000000003 0.9087899125 0.43184995937500004 0.9152217265625 0.4160794890625 0.89894329375 0.3383545328125 0.8826251624999999 0.3476061390625 0.877223196875 0.34336863125 0.87286098125 0.3434701625 0.859774415625 0.34377475625 0.848957790625 0.336390865625
2 0.176142140625 0.3005052265625 0.207428503125 0.29665287500000004 0.23097509062500002 0.2867323609375 0.240495540625 0.27401415625 0.25186939375 0.23625958281249998 0.25067052031250003 0.20504595 0.230921640625 0.1570812296875 0.20604891093750002 0.1467256109375 0.17309095937500002 0.1599893296875 0.148908025 0.22459734375 0.1546307671875 0.26976437343750004 0.176142140625 0.3005052265625
2 0.2694397953125 0.06870840624999999 0.24709208125 0.10984255312499999 0.24532958593749998 0.12706642031249998 0.26157165781249997 0.2079163765625 0.27861370625 0.2200163328125 0.305158025 0.220960584375 0.32554325 0.21423780625000002 0.3382614265625 0.195196865625 0.34958073437500004 0.1621297921875 0.34856367499999996 0.11529115937500001 0.328905703125 0.0595139375 0.28993410937499997 0.052610628125 0.277397746875 0.056026568750000005 0.2694397953125 0.06870840624999999
2 0.2568307078125 0.078374346875 0.25864774687500003 0.056462979687500005 0.24017046718750001 0.033461890625000004 0.18704546718749998 0.0346983890625 0.171093203125 0.06318706562500001 0.16427958125 0.11177003593749998 0.1765432234375 0.1317915953125 0.20152504218749998 0.1327722125 0.2407875375 0.11467552343750001 0.2568307078125 0.078374346875
2 0 0.6005775453125 0.0069899609375 0.6074851921875 0.032317225 0.5787783109375 0.0388035828125 0.558320340625 0.037513803125 0.5349192078125 0.032953571875 0.5240908109375 0.020544478125 0.5165692515625 0 0.5158384296875 0 0.6005775453125
2 0.8265013874999999 0.7914808390625 0.8842775250000001 0.7932602375 0.9000479765625 0.7803965625 0.9113309218750001 0.7504544890625 0.9166184046874999 0.6987828859375 0.8924183843750001 0.6306147671875 0.8784831531249999 0.6200045765625 0.853501334375 0.6190239578125001 0.836132021875 0.635049 0.8074434 0.6841411171875 0.8084968218749999 0.72785475 0.8265013874999999 0.7914808390625
2 0.92361821875 0.0972203859375 0.9331386687500001 0.08450218125 0.9364818453125 0.0656794453125 0.9167875109375 0.013027223437499999 0.9043784171875 0.0055056640625 0.8731829609374999 0.0015455171875 0.8558136484375 0.017570559375 0.857048884375 0.045659192187499996 0.8691488953125001 0.07974325156249999 0.88619094375 0.09184320781250001 0.92361821875 0.0972203859375
2 0.46241613125000003 0 0.4668784171875 0.015688590625000002 0.491442065625 0.052606709375000005 0.513262521875 0.056785062500000004 0.535282971875 0.043775915625 0.5481284171875 0.013797475 0.54747645625 0 0.46241613125000003 0
2 0.6377148921875 0.3694279203125 0.651341040625 0.40660061093750005 0.6824455890625 0.41837325937500003 0.7058830890625 0.4178277453125 0.723216040625 0.404927703125 0.731264896875 0.3844333640625 0.73511715 0.3218606296875 0.7306114640625 0.3063447328125 0.704448953125 0.27258798125 0.679521678125 0.2669198625 0.6669307718749999 0.275023303125 0.6415126015625 0.311542684375 0.6377148921875 0.3694279203125