4 0.818710434375 0.430884146875 0.6758591109375 0.433377625 0.6845246625 0.731193325 0.8273759859375 0.728699846875 0.818710434375 0.430884146875
4 0.6810308625 0.564548525 0.4729045890625 0.5681813828125 0.478694203125 0.7671574921875 0.6868204765625 0.7635246343750001 0.6810308625 0.564548525
4 0.562739321875 0.33227933906249996 0.4629022546875 0.3340220015625 0.4696005296875 0.5642267796875 0.5694375968750001 0.5624841171875 0.562739321875 0.33227933906249996
4 0.8088260640625 0.2382454921875 0.679824028125 0.24049723125 0.6835391125 0.3681764109375 0.8125411484375 0.365924671875 0.8088260640625 0.2382454921875
4 0.651441834375 0 0.6496585953125 0.0000311265625 0.6551562453125 0.18897310625 0.7590666328125 0.18715934375 0.7536208515625 0 0.651441834375 0
4 1 0.5629931734375 0.9376444921875 0.56408159375 0.9425333890625 0.7321020703125 1 0.7310989859375 1 0.5629931734375
4 0.47796073437500003 0.7689117921874999 0.48445344375 0.9920517234374999 0.5786693296875 0.9904071796875 0.5721766203125 0.7672672484375 0.47796073437500003 0.7689117921874999
4 0.3586654890625 0.57953171875 0.28799339062499996 0.5807653046875 0.29204711250000004 0.720082709375 0.36271921093750004 0.7188491234375001 0.3586654890625 0.57953171875
4 0.285748734375 0.69060425 0.1770318296875 0.6925019109375 0.18160294375 0.8496008875 0.29031984843749997 0.8477032265625001 0.285748734375 0.69060425
4 0.20895265625 0.5580542390625001 0.14119298281249998 0.5592369875000001 0.1450590140625 0.69210388125 0.2128186875 0.6909211328125 0.20895265625 0.5580542390625001
4 0.31336232656249996 0.3500007921875 0.1399814703125 0.35302716562500003 0.1432586109375 0.4656551515625 0.3166394671875 0.46262877812500003 0.31336232656249996 0.3500007921875
4 0.35003174062500003 0.0989776484375 0.266019521875 0.1004440875 0.26994116562500003 0.23522224375 0.353953384375 0.23375580468749999 0.35003174062500003 0.0989776484375
4 0.30942387656250003 0 0.31310800781250003 0.1266153796875 0.44944201875 0.1242356609375 0.4458271296875 0 0.30942387656250003 0
4 0.2562737328125 0.009561153125000001 0.157984528125 0.011276796875 0.163299453125 0.1939389140625 0.2615886578125 0.1922232703125 0.2562737328125 0.009561153125000001
4 0.0676324578125 0.1240024734375 0.0036406046875 0.12511945468750002 0.009068739062500001 0.3116723546875 0.0730605921875 0.3105553734375 0.0676324578125 0.1240024734375
2 1 0.7303648265625 0.6415548078125 0.7366215109375001 0.6487367093749999 0.9834474484375001 1 0.977316125 1 0.7303648265625
2 0.9318720140625001 0.48649786562499997 0.8348048046875001 0.4881921796875 0.8421088546875 0.7392160703124999 0.9391760640625 0.7375217562499999 0.9318720140625001 0.48649786562499997
2 1 0.3125930234375 0.7419508859375 0.3170972875 0.7465954859374999 0.4767218609375 1 0.47229866875 1 0.3125930234375
2 1 0.28507886718750003 0.9955046140625001 0.1305824703125 0.8364414765625 0.133358928125 0.8416253156250001 0.311515925 1 0.308751484375 1 0.28507886718750003
2 0.6737275125 0.2767824203125 0.5507539890625 0.27892893124999996 0.5595327515624999 0.580635415625 0.6825062749999999 0.5784889046874999 0.6737275125 0.2767824203125
2 0.605692021875 0.1868998640625 0.38444965937500003 0.1907616640625 0.388610634375 0.3337650765625 0.609852996875 0.32990327656249996 0.605692021875 0.1868998640625
2 0.2040626203125 0.825937653125 0.209035928125 0.9968591546875001 0.3942905109375 0.9936255234375 0.389317203125 0.822704021875 0.2040626203125 0.825937653125
2 0.3175262046875 0.6405193109375 0.251416225 0.6416732640625 0.257114475 0.837509440625 0.3232244546875 0.8363554875 0.3175262046875 0.6405193109375
2 0.1121466703125 0.585183528125 0.0170753875 0.586843003125 0.028564245312499997 0.9816894203125001 0.123635528125 0.9800299453125 0.1121466703125 0.585183528125
2 0.16927289843749999 0.41008776874999997 0.0120223890625 0.4128325859375 0.016761332812499998 0.57569948125 0.17401184218750002 0.5729546640625001 0.16927289843749999 0.41008776874999997
2 0.0362607703125 0 0.04614726875 0.33977694375 0.17036315468750002 0.33760874687500003 0.16053974375 0 0.0362607703125 0
2 0.3610128390625 0.21795909687499998 0.1888539796875 0.22096414062499997 0.193647540625 0.3857081671875 0.3658064 0.3827031234375 0.3610128390625 0.21795909687499998
2 0.47750932500000004 0.5359515796875 0.390564315625 0.5374692109375 0.3954591703125 0.7056944671875 0.4824041796875 0.7041768359375 0.47750932500000004 0.5359515796875
2 0.48114037187500003 0 0.48698515468750003 0.2008721375 0.6671480875 0.1977273828125 0.6613948078125 0 0.48114037187500003 0