2 0.27322361562499997 0.9726078296875 0.5541414890625 0.9742421625000001 0.56691653125 0.4253742375 0.2859986578125 0.4237399046875 0.27322361562499997 0.9726078296875
2 0.1765921828125 0.6269800578125 0.30606078124999997 0.627733284375 0.3113666609375 0.3997710203125 0.1818980625 0.39901779375 0.1765921828125 0.6269800578125
2 0.0487727625 0.48427380937500003 0.18686455 0.485077203125 0.19774683125 0.0175300328125 0.059655043750000004 0.0167266390625 0.0487727625 0.48427380937500003
2 0.613918478125 0.394115115625 0.6230072468750001 0.00362455 0.20496376875000002 0.0011924437499999999 0.195875 0.391683009375 0.613918478125 0.394115115625
2 0.552697096875 0.58065216875 0.685788884375 0.581426475 0.68862583125 0.45953968281249996 0.55553404375 0.45876537656250005 0.552697096875 0.58065216875
2 0.67087021875 0.44654784531249997 0.7514740843750001 0.44701678593749994 0.754694853125 0.3086394265625 0.6740909875 0.30817048593749996 0.67087021875 0.44654784531249997
2 0.751712109375 0.2151943296875 0.7566183578125 0.0044018765625 0.61444444375 0.0035747328124999997 0.6095381953125 0.21436718593749998 0.751712109375 0.2151943296875
4 0.6151882468750001 0.9602368875 0.9759370390625 0.9623356624999999 0.9843582921875 0.6005243421875 0.6236094999999999 0.5984255671875001 0.6151882468750001 0.9602368875
4 0.6985212187500001 0.5922755921875 0.9750671125 0.5938844890625 0.9883445500000001 0.023431659375 0.7117986562499999 0.021822762500000002 0.6985212187500001 0.5922755921875
4 0 0.9781890437499999 0.26873306406249997 0.9797524859375001 0.27656496875 0.6432619203125001 0 0.6416529125 0 0.9781890437499999
4 0 0.6367465890624999 0.1533337390625 0.6376386593750001 0.15695853125 0.481902809375 0 0.48098965156249995 0 0.6367465890624999