19 0.012732696875 0 0.012732696875 0.218508771875 1 0.218508771875 1 0 0.012732696875 0
19 0.362768496875 0.37644736875 0.996372315625 0.37644736875 0.996372315625 0.20030701718750002 0.362768496875 0.20030701718750002 0.362768496875 0.37644736875
19 0.5974463 0.5869956140625 0.9741050124999999 0.5869956140625 0.9741050124999999 0.397653509375 0.5974463 0.397653509375 0.5974463 0.5869956140625
19 1 0.616973684375 0.8480668250000001 0.616973684375 0.8480668250000001 0.9496929828124999 1 0.9496929828124999 1 0.616973684375
20 0.587422434375 0.7832017546875 0.73515513125 0.7832017546875 0.73515513125 0.6089912281250001 0.587422434375 0.6089912281250001 0.587422434375 0.7832017546875
20 0.290906921875 0.4620394734375 0.3876610984375 0.4620394734375 0.3876610984375 0.26287280625 0.290906921875 0.26287280625 0.290906921875 0.4620394734375
20 0.24883054843750002 0.674188596875 0.365250596875 0.674188596875 0.365250596875 0.5169517546875 0.24883054843750002 0.5169517546875 0.24883054843750002 0.674188596875
20 0.22279236249999998 0.9098684203125 0.3636515515625 0.9098684203125 0.3636515515625 0.7157456140625 0.22279236249999998 0.7157456140625 0.22279236249999998 0.9098684203125
20 0.383066825 0.7507894734375 0.49335322187499997 0.7507894734375 0.49335322187499997 0.3011403515625 0.383066825 0.3011403515625 0.383066825 0.7507894734375
20 0.721646778125 0.1144078953125 0.8406443921875001 0.1144078953125 0.8406443921875001 0.0014692984375000002 0.721646778125 0.0014692984375000002 0.721646778125 0.1144078953125
20 0.6675537 0.3736842109375 0.7702028640624999 0.3736842109375 0.7702028640624999 0.266578946875 0.6675537 0.266578946875 0.6675537 0.3736842109375
20 0.7577207640625 0.7272368421875 0.93674224375 0.7272368421875 0.93674224375 0.5942543859375 0.7577207640625 0.5942543859375 0.7577207640625 0.7272368421875
20 0.864665871875 1 0.864665871875 0.82991228125 0.7456921234375 0.82991228125 0.7456921234375 1 0.864665871875 1