14 0.142578125 0.059462603125 0.1533203125 0.0792834703125 0.18359375 0.09300561093750001 0.2373046875 0.06403665 0.255859375 0.0289689609375 0.25390625 0.0045740468749999996 0.1572265625 0 0.142578125 0.0289689609375 0.142578125 0.059462603125
14 0.33203125 0.0686106953125 0.34765625 0.0411664171875 0.3388671875 0 0.26953125 0.00152468125 0.2734375015625 0.025919595312499998 0.2919921875 0.06098728437499999 0.33203125 0.0686106953125
14 0.537109375 0.050314509375000004 0.544921875 0.10520306875 0.5849609375 0.17076439999999998 0.623046875 0.1783878109375 0.638671875 0.16009162500000002 0.63671875 0.10825243124999999 0.62890625 0.0838575171875 0.6025390625 0.05183919375 0.5478515625 0.030493642187499996 0.537109375 0.050314509375000004
14 0.0556640625 0.22870232031249998 0.0517578125 0.2408997765625 0.0244140625 0.24699850781250002 0.017578125 0.2820661953125 0.02734375 0.315609203125 0.0458984375 0.3476275265625 0.08593750156249999 0.3613496671875 0.1083984375 0.3506768921875 0.1328124984375 0.3125598375 0.130859375 0.2698687375 0.1005859375 0.2348010484375 0.0693359375 0.22565295624999998 0.0556640625 0.22870232031249998
14 0.039062498437499996 0.4009914015625 0.0478515625 0.4208122703125 0.0751953125 0.44825654843749996 0.10546875 0.4497812296875 0.119140625 0.382695215625 0.1142578125 0.3659237125 0.0673828125 0.3659237125 0.0458984375 0.3537262546875 0.037109375 0.3674483953125 0.039062498437499996 0.4009914015625
14 0.13671875 0.2698687375 0.1484375015625 0.318658565625 0.173828125 0.32780665937500003 0.19140625 0.315609203125 0.19921875 0.272918103125 0.1953124984375 0.2363257296875 0.1826171875 0.21040613437500003 0.1572265625 0.21650486249999998 0.13671875 0.2698687375
14 0.1494140625 0.378121171875 0.1298828125 0.37507180625 0.119140625 0.3887939453125 0.111328125 0.44368250312499996 0.1318359375 0.4665527359375 0.150390625 0.4680774171875 0.1865234375 0.45130591249999996 0.205078125 0.43148504374999996 0.212890625 0.3887939453125 0.1943359375 0.3598249859375 0.1728515625 0.3537262546875 0.1494140625 0.378121171875
14 0.193359375 0.324757296875 0.2041015625 0.3354300703125 0.251953125 0.3461028453125 0.263671875 0.3339053875 0.26953125 0.3125598375 0.265625 0.27901683125 0.2470703125 0.2591959625 0.2041015625 0.2591959625 0.193359375 0.324757296875
14 0.26953125 0.2881649234375 0.2880859375 0.3232326125 0.2998046875 0.317133884375 0.3173828125 0.338479434375 0.33203125 0.3400041171875 0.337890625 0.3125598375 0.35546875 0.2912142890625 0.35546875 0.27596746875 0.3408203125 0.24394914218750002 0.26953125 0.24547382343750002 0.26953125 0.2881649234375
14 0.34765625 0.24547382343750002 0.3759765625 0.29273897031249996 0.3994140625 0.3079857921875 0.412109375 0.3064611109375 0.431640625 0.272918103125 0.427734375 0.230227003125 0.3837890625 0.167715034375 0.3583984375 0.17076439999999998 0.341796875 0.2058320875 0.34765625 0.24547382343750002
14 0.2373046875 0.3628743484375 0.228515625 0.382695215625 0.23046875 0.4070901296875 0.2568359375 0.43910845624999995 0.275390625 0.43758377499999995 0.3095703125 0.43300972812499994 0.330078125 0.4009914015625 0.328125 0.382695215625 0.3037109375 0.3506768921875 0.2587890625 0.3476275265625 0.2373046875 0.3628743484375
14 0.203125 0.5290647015625 0.2373046875 0.5915766687499999 0.265625 0.596150715625 0.28515625 0.5687064390625001 0.28125 0.5138178796874999 0.2451171875 0.45130591249999996 0.2041015625 0.44215782031249995 0.193359375 0.4619786890625 0.203125 0.5290647015625
14 0.1181640625 0.497046378125 0.10546875 0.5199166109375 0.107421875 0.5748051671875001 0.1259765625 0.606823490625 0.1376953125 0.6098728546875 0.1513671875 0.6434158625 0.1796875015625 0.6540886375 0.19140625 0.6327430875 0.193359375 0.60224944375 0.181640625 0.5717558015625 0.177734375 0.5290647015625 0.1552734375 0.49399701250000005 0.1181640625 0.497046378125
14 0.0078124984375 0.4528305953125 0.005859375 0.4650280515625 0.013671875 0.4680774171875 0.033203125 0.4406331375 0.039062498437499996 0.41013949531250005 0.0185546875 0.372022440625 0.0009765625 0.3628743484375 0 0.43148504374999996 0.0078124984375 0.4528305953125
14 0.45703125 0.0991043375 0.466796875 0.1326473453125 0.4970703125 0.18296185781250002 0.5166015625 0.1951593140625 0.533203125 0.19363463281249998 0.544921875 0.17228908125 0.52734375 0.0716600609375 0.5048828125 0.036592371875 0.4677734375 0.036592371875 0.45703125 0.06556133125 0.45703125 0.0991043375
14 0.455078125 0.2332763671875 0.44140625 0.3034117453125 0.4443359375 0.3232326125 0.46875 0.324757296875 0.49609375 0.2942636515625 0.50390625 0.2546219171875 0.501953125 0.230227003125 0.4814453125 0.1921099484375 0.4736328125 0.1951593140625 0.455078125 0.2332763671875
14 0.384765625 0.3491522109375 0.384765625 0.382695215625 0.3994140625 0.41776290625 0.4287109375 0.44215782031249995 0.45703125 0.4406331375 0.4814453125 0.42691100000000004 0.490234375 0.391843309375 0.4736328125 0.3567756203125 0.4169921875 0.32933134375 0.3994140625 0.32933134375 0.384765625 0.3491522109375
14 0.318359375 0.5077191515624999 0.3251953125 0.5183919265625 0.341796875 0.5199166109375 0.3603515625 0.5153425640625 0.400390625 0.43148504374999996 0.3759765625 0.3659237125 0.3525390625 0.368973078125 0.31640625 0.44673186718749996 0.318359375 0.5077191515624999
14 0.375 0.36439903125 0.38671875 0.3125598375 0.3681640625 0.2896896046875 0.3447265625 0.3018870640625 0.33203125 0.3552509390625 0.3388671875 0.3659237125 0.375 0.36439903125
14 0.4208984375 0.4665527359375 0.373046875 0.5107685171874999 0.361328125 0.53516343125 0.357421875 0.5748051671875001 0.3603515625 0.5641323921875 0.3720703125 0.594626034375 0.388671875 0.596150715625 0.4404296875 0.5641323921875 0.462890625 0.5290647015625 0.466796875 0.486373603125 0.4580078125 0.4726514625 0.4423828125 0.4635033703125 0.4208984375 0.4665527359375
14 0.3515624984375 0.6815329171875 0.33984375 0.7364214734375001 0.33984375 0.7943593953125 0.34765625 0.8126555812499999 0.34765625 0.8340011296875 0.365234375 0.8431492234375 0.384765625 0.8126555812499999 0.408203125 0.75166829375 0.404296875 0.6845822796875 0.3837890625 0.6556133187500001 0.3662109375 0.6586626843750001 0.3515624984375 0.6815329171875
14 0.4228515625 0.6312184046875 0.412109375 0.64494054375 0.4140624984375 0.6876316453125 0.4287109375 0.713551240625 0.4619140625 0.7440448828124999 0.48828125 0.7425202015625 0.5 0.7272733796875 0.5 0.702878465625 0.4921875015625 0.6723848234375 0.4736328125 0.646465225 0.4521484375 0.6281690421875 0.4228515625 0.6312184046875
14 0.3828124984375 0.864494771875 0.3837890625 0.8995624609374999 0.4404296875 0.93310546875 0.466796875 0.9315807875000001 0.4892578125 0.917858646875 0.5 0.8949884140625001 0.498046875 0.861445409375 0.4794921875 0.8355258109375001 0.4345703125 0.8202789906250001 0.3828124984375 0.864494771875
14 0.349609375 0.9773212499999999 0.3662109375 1 0.4296875015625 0.9986668015625 0.427734375 0.9590250656249999 0.4072265625 0.923957375 0.3544921875 0.905661190625 0.337890625 0.9193833281250001 0.3359375015625 0.9376795140624999 0.349609375 0.9773212499999999
14 0.447265625 0.6144469015625 0.4521484375 0.6251196765625 0.4736328125 0.6434158625 0.48828125 0.64189118125 0.5322265625 0.6098728546875 0.544921875 0.5809038953125001 0.5068359375 0.52449065625 0.4658203125 0.551934934375 0.44921875 0.5900519875 0.447265625 0.6144469015625
14 0.509765625 0.5199166109375 0.5322265625 0.5641323921875 0.5546875015625 0.5717558015625 0.580078125 0.5199166109375 0.580078125 0.480274871875 0.5595703125 0.41166417656250004 0.5205078125 0.3964173546875 0.50390625 0.43758377499999995 0.509765625 0.5199166109375
14 0.466796875 0.486373603125 0.466796875 0.5229659734375 0.478515625 0.5260153375 0.501953125 0.498571059375 0.498046875 0.44673186718749996 0.4814453125 0.42996036249999997 0.4384765625 0.45130591249999996 0.4404296875 0.4635033703125 0.466796875 0.486373603125
14 0.5146484375 0.23785041406250002 0.501953125 0.2820661953125 0.501953125 0.3003623828125 0.513671875 0.32780665937500003 0.53515625 0.3339053875 0.5537109375 0.32933134375 0.560546875 0.318658565625 0.572265625 0.26681937499999997 0.5703124984375 0.2485231890625 0.5439453125 0.21955422812499997 0.5146484375 0.23785041406250002
14 0.6728515625 0.3476275265625 0.63671875 0.391843309375 0.638671875 0.42843568125 0.65234375 0.4741761453125 0.6767578125 0.5122931984375 0.70703125 0.5229659734375 0.7158203125 0.5214412921875 0.7265624984375 0.498571059375 0.7265624984375 0.43758377499999995 0.705078125 0.37049775937499996 0.6865234375 0.3476275265625 0.6728515625 0.3476275265625
14 0.5849609375 0.3018870640625 0.56640625 0.3339053875 0.564453125 0.3674483953125 0.5712890625 0.3842199 0.6171875015625 0.3948926734375 0.6357421875 0.3872692625 0.669921875 0.3430534796875 0.66796875 0.2973130171875 0.6533203125 0.271393421875 0.6005859375 0.2896896046875 0.5849609375 0.3018870640625
14 0.580078125 0.5565089796875 0.5908203125 0.5702311203125 0.615234375 0.5687064390625001 0.640625 0.544311525 0.640625 0.5077191515624999 0.6181640625 0.47570082812500003 0.5888671875 0.478750190625 0.583984375 0.48332423750000003 0.580078125 0.5565089796875
14 0.6865234375 0.6769588703125 0.671875 0.70592783125 0.673828125 0.7333721078125001 0.6865234375 0.7531929749999999 0.720703125 0.7699644796875 0.7724609375 0.756242340625 0.779296875 0.745569565625 0.783203125 0.6998291 0.7646484375 0.6739095046875 0.7294921875 0.6586626843750001 0.6865234375 0.6769588703125
14 0.6435546875 0.8202789906250001 0.625 0.8553466796875 0.625 0.8858403234375001 0.6376953125 0.9087105546875 0.671875 0.916333965625 0.72265625 0.873642865625 0.7265624984375 0.8492479515625 0.7177734375 0.798933440625 0.6884765625 0.7928347109375 0.6650390625 0.8019828046875 0.6435546875 0.8202789906250001
14 0.8291015625 0.7775878890625 0.8056640625 0.7684397984375 0.7919921875 0.7775878890625 0.7744140625 0.7684397984375 0.7470703125 0.7806372546875 0.736328125 0.8218036718749999 0.7421875015625 0.8461985859375 0.7666015625 0.8934637328124999 0.7900390625 0.917858646875 0.8046875015625 0.9193833281250001 0.81640625 0.9071858718750001 0.822265625 0.8858403234375001 0.814453125 0.8431492234375 0.83984375 0.8126555812499999 0.83984375 0.7974087578125 0.8291015625 0.7775878890625
14 0.70703125 0.9498769734374999 0.7314453125 1 0.7890624984375 0.9986668015625 0.794921875 0.9956174359375 0.79296875 0.9437782421875 0.7626953125 0.9026118265624999 0.7275390625 0.8965130984374999 0.70703125 0.9193833281250001 0.70703125 0.9498769734374999
14 0.787109375 0.2698687375 0.79296875 0.35830030156250003 0.8037109375 0.3872692625 0.828125 0.391843309375 0.849609375 0.3674483953125 0.857421875 0.2881649234375 0.8369140625 0.24699850781250002 0.8076171875 0.23785041406250002 0.7958984375 0.24699850781250002 0.787109375 0.2698687375
14 0.6923828125 0.3476275265625 0.712890625 0.37659648749999997 0.736328125 0.3461028453125 0.740234375 0.318658565625 0.7216796875 0.29273897031249996 0.6708984375 0.2957883359375 0.671875 0.3400041171875 0.6923828125 0.3476275265625
14 0.6787109375 0.2896896046875 0.71484375 0.2942636515625 0.744140625 0.25767128125 0.748046875 0.230227003125 0.7431640625 0.21955422812499997 0.6826171875 0.2317516859375 0.666015625 0.2546219171875 0.6787109375 0.2896896046875
14 0.7509765625 0.32933134375 0.76953125 0.3339053875 0.787109375 0.3125598375 0.783203125 0.272918103125 0.7705078125 0.24699850781250002 0.7490234375 0.2408997765625 0.728515625 0.2973130171875 0.7509765625 0.32933134375
14 0.56640625 0.3095104734375 0.57421875 0.315609203125 0.5869140625 0.29883769843749997 0.6435546875 0.26834405625 0.6484375015625 0.2546219171875 0.64453125 0.2363257296875 0.5732421875 0.24699850781250002 0.56640625 0.3095104734375
14 0.673828125 0.5138178796874999 0.671875 0.550410253125 0.677734375 0.5748051671875001 0.6923828125 0.5976753968749999 0.705078125 0.60224944375 0.71484375 0.5748051671875001 0.734375 0.553459615625 0.734375 0.5046697875 0.7294921875 0.497046378125 0.7119140625 0.52449065625 0.673828125 0.5138178796874999
14 0.712890625 0.583953259375 0.708984375 0.6235949953125 0.7197265625 0.646465225 0.7470703125 0.6678107765625 0.791015625 0.6784835515625 0.802734375 0.6632367296874999 0.80859375 0.6266443578125 0.7861328125 0.5732804859375 0.7685546875 0.5610830265625 0.7392578125 0.5610830265625 0.712890625 0.583953259375
14 0.7421875015625 0.43758377499999995 0.732421875 0.477225509375 0.734375 0.49247233125 0.763671875 0.5077191515624999 0.802734375 0.4741761453125 0.810546875 0.43758377499999995 0.810546875 0.4131888609375 0.8037109375 0.3994667203125 0.7705078125 0.3994667203125 0.7421875015625 0.43758377499999995
14 0.755859375 0.532114065625 0.7685546875 0.5580336625 0.802734375 0.5626077078125 0.8125 0.553459615625 0.814453125 0.532114065625 0.8046875015625 0.4741761453125 0.7998046875 0.4726514625 0.7587890625 0.5061944703125 0.755859375 0.532114065625
14 0.81640625 0.434534409375 0.80859375 0.48942296562500004 0.82421875 0.5565089796875 0.85546875 0.587002621875 0.86328125 0.5778545296875001 0.873046875 0.5290647015625 0.873046875 0.49247233125 0.86328125 0.4009914015625 0.8427734375 0.390318628125 0.81640625 0.434534409375
14 0.908203125 0.208881453125 0.9296875015625 0.2820661953125 0.951171875 0.2912142890625 0.96875 0.24547382343750002 0.970703125 0.1844865390625 0.947265625 0.12044988906250001 0.9306640625 0.1097771125 0.912109375 0.1417954390625 0.908203125 0.208881453125
14 0.9658203125 0 0.958984375 0.0198208671875 0.95703125 0.10215370312500001 0.96484375 0.1265486171875 0.978515625 0.1387460734375 0.990234375 0.12349925312500001 1 0.0899562453125 0.9990234375 0 0.9658203125 0
14 0.916015625 0.852297315625 0.9404296875 0.8965130984374999 0.9619140625 0.91175991875 0.9775390625 0.91175991875 0.9794921875 0.9209080125 1 0.92243269375 0.9990234375 0.817229628125 0.9755859375 0.7958840765625 0.9501953125 0.7928347109375 0.9306640625 0.8019828046875 0.91796875 0.8218036718749999 0.916015625 0.852297315625
14 0.8837890625 0.9940927546875 0.943359375 0.9986668015625 0.943359375 0.9590250656249999 0.9130859375 0.8965130984374999 0.8876953125 0.8782169124999999 0.861328125 0.8858403234375001 0.85546875 0.925482059375 0.8837890625 0.9940927546875
14 0.783203125 0.7150759234375 0.783203125 0.7333721078125001 0.7998046875 0.76234106875 0.86328125 0.7699644796875 0.87890625 0.754717659375 0.8828124984375 0.7211746515625 0.875 0.693730371875 0.8486328125 0.6647614125 0.8154296875 0.6678107765625 0.783203125 0.7150759234375
14 0.8125 0.660187365625 0.8544921875 0.6647614125 0.869140625 0.6754341859374999 0.87109375 0.64494054375 0.859375 0.5900519875 0.8310546875 0.5702311203125 0.8134765625 0.5763298484375 0.80859375 0.587002621875 0.8125 0.660187365625
14 0.87890625 0.9986668015625 0.857421875 0.9437782421875 0.8427734375 0.923957375 0.8173828125 0.93310546875 0.798828125 0.98646934375 0.8017578125 1 0.87890625 0.9986668015625
14 0.8515624984375 0.9193833281250001 0.869140625 0.8705935 0.8564453125 0.80503216875 0.8369140625 0.8202789906250001 0.8203124984375 0.85839604375 0.828125 0.9010871453125 0.8515624984375 0.9193833281250001
14 0.041015625 0.8980377796875001 0.037109375 0.8461985859375 0.0009765625 0.7836866203125 0 0.9041365078125001 0.029296875 0.916333965625 0.041015625 0.8980377796875001