1 0.3586245671875 0.3940821921875 0.3839359859375 0.3940821921875 0.3839359859375 0.344273971875 0.3586245671875 0.344273971875 0.3586245671875 0.3940821921875
1 0.4108391 0.5489589046875001 0.4351816609375 0.5489589046875001 0.4351816609375 0.49273972656250004 0.4108391 0.49273972656250004 0.4108391 0.5489589046875001
1 0.4618512109375 0.5354246578125 0.5177335640625 0.5354246578125 0.5177335640625 0.442 0.4618512109375 0.442 0.4618512109375 0.5354246578125
1 0.41913494843750004 0.40308219218749997 0.44657439375 0.40308219218749997 0.44657439375 0.3517671234375 0.41913494843750004 0.3517671234375 0.41913494843750004 0.40308219218749997
1 0.255363321875 0.161 0.28238754374999997 0.161 0.28238754374999997 0.126287671875 0.255363321875 0.126287671875 0.255363321875 0.161
1 0.3123269890625 0.0978356171875 0.33552768125 0.0978356171875 0.33552768125 0.062383560937500006 0.3123269890625 0.062383560937500006 0.3123269890625 0.0978356171875
1 0.2268858125 0.8311780828125 0.262456746875 0.8311780828125 0.262456746875 0.79150685 0.2268858125 0.79150685 0.2268858125 0.8311780828125
1 0.7656401390625 0.19402739687499998 0.7889965390625 0.19402739687499998 0.7889965390625 0.1469589046875 0.7656401390625 0.1469589046875 0.7656401390625 0.19402739687499998
1 0.8131055359375001 0.46919178125 0.8336072671875 0.46919178125 0.8336072671875 0.43069862968750006 0.8131055359375001 0.43069862968750006 0.8131055359375001 0.46919178125
1 0.6647750859375 0.654150684375 0.6884083046875 0.654150684375 0.6884083046875 0.616753425 0.6647750859375 0.616753425 0.6647750859375 0.654150684375
1 0.714628028125 0.860150684375 0.7396626296875 0.860150684375 0.7396626296875 0.8253287671875 0.714628028125 0.8253287671875 0.714628028125 0.860150684375
1 0.5556055359375 0.30758904062500003 0.6030103812500001 0.30758904062500003 0.6030103812500001 0.2596986296875 0.5556055359375 0.2596986296875 0.5556055359375 0.30758904062500003
1 0.9531401390625 0.36923287656250003 0.9824307953125 0.36923287656250003 0.9824307953125 0.331095890625 0.9531401390625 0.331095890625 0.9531401390625 0.36923287656250003