17 0.1370305640625 0.7076777140625 0.22275872031250002 0.7101721484375 0.224100371875 0.652529290625 0.138372215625 0.65003485625 0.1370305640625 0.7076777140625
17 0.016112 0.5808616109375 0.22368481562500003 0.5869013625 0.225916746875 0.4910085046875 0.01834393125 0.484968753125 0.016112 0.5808616109375
17 0.577758003125 0.4497379671875 0.6883162546875 0.45295488281249996 0.6898944015625 0.3851513125 0.5793361499999999 0.381934396875 0.577758003125 0.4497379671875
7 0.41418708750000005 0.1680500484375 0.417815534375 0.012157190625 0.117330096875 0.0034139578125 0.11370165000000002 0.159306815625 0.41418708750000005 0.1680500484375
17 0.294060415625 0.2033935046875 0.3659536203125 0.2054853828125 0.367033840625 0.15907466718750002 0.2951406359375 0.15698278906250002 0.294060415625 0.2033935046875
17 0.3856499859375 0.33181323906250004 0.4750674609375 0.334415021875 0.47603005937500004 0.29305787968749997 0.386612584375 0.29045609687499996 0.3856499859375 0.33181323906250004
17 0.2941458609375 0.39538306562500003 0.44436430781249997 0.3997539765625 0.446960746875 0.2882004046875 0.2967423 0.28382949375 0.2941458609375 0.39538306562500003
7 0.83438175 0.19121243593749998 0.8382645625 0.0243910078125 0.66610436875 0.0193816578125 0.66222155625 0.18620308593749998 0.83438175 0.19121243593749998
17 0.7226862046875 0.2452065265625 0.8033900875000001 0.2475547703125 0.8049657390625 0.17985834218750002 0.72426185625 0.1775100984375 0.7226862046875 0.2452065265625
17 0.42516094375 0.8376616046875001 0.5780978359375 0.8421116140624999 0.581343903125 0.7026473296875 0.42840701093750005 0.6981973203125 0.42516094375 0.8376616046875001
17 0.3325621859375 0.7025115421875 0.5492854875 0.7088175453125001 0.5517913171875 0.60115683125 0.335068015625 0.594850828125 0.3325621859375 0.7025115421875
17 0.6106555671875 0.65274264375 0.7054856640625 0.65550191875 0.707613271875 0.5640912046875 0.612783175 0.5613319296875 0.6106555671875 0.65274264375
17 0.685840384375 0.849428003125 0.928680190625 0.8564939203125 0.9317741375 0.7235653484375 0.68893433125 0.71649943125 0.685840384375 0.849428003125
7 0.025059843749999998 0.8507151359374999 0.33083654375 0.8596123296875 0.3338797828125 0.7288623296875001 0.028103082812500003 0.7199651359375 0.025059843749999998 0.8507151359374999
7 0.054436206249999994 0.43905857812500004 0.26001873125 0.44504041875 0.26514178125 0.22493327500000002 0.059559256250000005 0.218951434375 0.054436206249999994 0.43905857812500004
7 0.81401655625 0.3252824359375 0.9894291781250001 0.330386421875 0.993942915625 0.13645785 0.81853029375 0.1313538640625 0.81401655625 0.3252824359375
7 0.8220737609375 0.6167050187500001 0.9849621109375001 0.621444584375 0.9886566421874999 0.4627124421875 0.8257682921875 0.4579728765625 0.8220737609375 0.6167050187500001
7 0.4789092734375 1 0.48239880625 0.8500754015625 0.04681628125 0.8374012453124999 0.043105125 0.9968476734375 0.15144356875 1 0.4789092734375 1
7 0.4123425625 0.5780953546875 0.5453522703125 0.5819655406249999 0.547127009375 0.505715540625 0.41411730156250004 0.5018453546874999 0.4123425625 0.5780953546875
7 0.6012341812499999 0.32757898750000003 0.6936613656249999 0.33026834374999997 0.695328040625 0.2586612015625 0.60290085625 0.2559718453125 0.6012341812499999 0.32757898750000003
7 0.6128785406249999 0.2514821453125 0.6941164046875 0.2538459265625 0.69565381875 0.1877923546875 0.6144159546875 0.18542857343750002 0.6128785406249999 0.2514821453125
7 0.6014041328124999 0.1783579390625 0.6707730640625 0.18037636875000002 0.672559440625 0.10362636875 0.603190509375 0.10160793906250001 0.6014041328124999 0.1783579390625
7 0.3969924109375 0.24520943437499998 0.4990312453125 0.2481784625 0.5019913593750001 0.12099989062500001 0.399952525 0.11803086249999999 0.3969924109375 0.24520943437499998
17 0.23814219531249997 0.48855876093750006 0.31901598125 0.490911946875 0.3204789984375 0.42805480312500005 0.23960521250000003 0.4257016171875 0.23814219531249997 0.48855876093750006
17 0.3578910203125 0.5137988890625 0.4484492734375 0.516433865625 0.45096757343749994 0.40823743749999997 0.3604093203125 0.4056024609375 0.3578910203125 0.5137988890625