1 0.0648760328125 0.1840252703125 0.1706060609375 0.1840252703125 0.1706060609375 0.016841154687500002 0.0648760328125 0.016841154687500002 0.0648760328125 0.1840252703125
1 0.20263085468750003 0.1262635375 0.3125757578125 0.1262635375 0.3125757578125 0.000812275 0.20263085468750003 0.000812275 0.20263085468750003 0.1262635375
1 0.1138705234375 0.40552346562499997 0.24893939375000002 0.40552346562499997 0.24893939375000002 0.24148014375 0.1138705234375 0.24148014375 0.1138705234375 0.40552346562499997
1 0.76278236875 0.7232671484375001 0.8388705234374999 0.7232671484375001 0.8388705234374999 0.642581228125 0.76278236875 0.642581228125 0.76278236875 0.7232671484375001
1 0.8209504125 0.6398375453125 0.9367906343750001 0.6398375453125 0.9367906343750001 0.5704151625 0.8209504125 0.5704151625 0.8209504125 0.6398375453125
1 0.6556473828125 0.3220577625 0.7556473828125 0.3220577625 0.7556473828125 0.1973646203125 0.6556473828125 0.1973646203125 0.6556473828125 0.3220577625
1 0.778071625 0.23859205781249998 0.8486501375 0.23859205781249998 0.8486501375 0.0970758125 0.778071625 0.0970758125 0.778071625 0.23859205781249998
1 0.5209641875 0.33812274375 0.5867493109375 0.33812274375 0.5867493109375 0.229458484375 0.5209641875 0.229458484375 0.5209641875 0.33812274375
1 0.827066115625 0 0.827066115625 0.11342960312499999 0.97106060625 0.11342960312499999 0.97106060625 0 0.827066115625 0
1 0.2271074375 0.9704151624999999 0.310137740625 0.9704151624999999 0.310137740625 0.8511732859375 0.2271074375 0.8511732859375 0.2271074375 0.9704151624999999
1 0.781157025 0.9094584843750001 0.9098622593749999 0.9094584843750001 0.9098622593749999 0.79501805 0.781157025 0.79501805 0.781157025 0.9094584843750001
1 0.5240220390625 0.9672202171875 0.60143250625 0.9672202171875 0.60143250625 0.883249096875 0.5240220390625 0.883249096875 0.5240220390625 0.9672202171875
1 0.695426996875 0.5659927796875001 0.7629752062499999 0.5659927796875001 0.7629752062499999 0.49819494531249997 0.695426996875 0.49819494531249997 0.695426996875 0.5659927796875001
1 0.8087052343750001 0.48252707656249993 0.8755922859374999 0.48252707656249993 0.8755922859374999 0.39790613750000003 0.8087052343750001 0.39790613750000003 0.8087052343750001 0.48252707656249993
1 0.876019284375 0.49859205781249993 0.9465702484375 0.49859205781249993 0.9465702484375 0.38588447656249997 0.876019284375 0.38588447656249997 0.876019284375 0.49859205781249993
1 0.24241046875 0.3316967515625 0.3125757578125 0.3316967515625 0.3125757578125 0.2454873640625 0.24241046875 0.2454873640625 0.24241046875 0.3316967515625
1 0.6954545453125001 0.09738267187500001 0.7580991734375 0.09738267187500001 0.7580991734375 0.0288989171875 0.6954545453125001 0.0288989171875 0.6954545453125001 0.09738267187500001