16 0.86301875625 0.741716178125 0.8455014234375 0.7538274281249999 0.8497024062499999 0.764655753125 0.8647313203125 0.7721592515625 0.8959500968749999 0.770203240625 0.9066219125 0.7534615984374999 0.8941959015625001 0.73618235 0.8765016328125 0.733087875 0.8764600015624999 0.72951005625 0.8927331265625 0.7272061812499999 0.9021711390625 0.72116636875 0.8951590953125 0.70222470625 0.8719571890625 0.6927425546875 0.8448457250000001 0.6974768015625 0.8367559984374999 0.702653784375 0.8301186390625 0.7159124796875 0.8424822015625001 0.727825003125 0.8629667171875001 0.73724390625 0.86301875625 0.741716178125
16 0.6277781140625 1 0.6289776890625001 0.986648209375 0.6248079296875 0.9785032484375 0.6152450218750001 0.973809609375 0.5894506203125001 0.9749976609375001 0.570605815625 0.98976065 0.5707249625 1 0.6277781140625 1
2 0.24130858281249998 0.77642738125 0.210225109375 0.7900113 0.1967630484375 0.8004285109374999 0.1767364828125 0.8303656015625 0.1826083984375 0.8680591812499999 0.210323521875 0.9152032875 0.24186494375 0.9409753625 0.28416144375 0.95716143125 0.32364688125 0.9652341625 0.41742810468749997 0.9700995812500001 0.452629296875 0.9601883515624999 0.4689544609375 0.96235675 0.482499784375 0.9590951703125 0.5094135015625 0.9373662906250001 0.5295025140625 0.9127959296875 0.53325595625 0.885162715625 0.5167850796875 0.87047195625 0.47595135624999996 0.86326205625 0.461099375 0.87096428125 0.44068771562500003 0.8678065593750001 0.4246331578125 0.888893975 0.4057154984375 0.8973957828125 0.3512531859375 0.8862918265624999 0.32389192968749997 0.8695591671875 0.30873811875 0.851322215625 0.2976187640625 0.8296023187499999 0.2943289375 0.7803440796875 0.27795173281249996 0.7737034109375001 0.24130858281249998 0.77642738125
16 0.4063920125 0.95553531875 0.4118684265625 0.9592396328125 0.4227379921875 0.959492625 0.44304557187500004 0.953705803125 0.4551489375 0.9432569671875 0.45769980312499997 0.9290089453125001 0.44398795 0.9179592515625 0.4182664046875 0.9254084859375 0.40220143906250005 0.9456014484375 0.4063920125 0.95553531875
16 0.5339116546875 0.941513340625 0.55135613125 0.923140909375 0.5444273500000001 0.9113548843749999 0.5253952015625 0.9100176937500001 0.503926678125 0.9327675234375 0.5067897796875 0.9453531328125001 0.5176801609374999 0.9473950328124999 0.5339116546875 0.941513340625
16 0.7918376265625 0.2276758640625 0.8135559421874999 0.22639294062499998 0.822983546875 0.219458671875 0.8255031890625 0.20252728750000001 0.8116768499999999 0.18163859843750002 0.79539331875 0.1830480171875 0.7739039765625 0.2040089390625 0.7795261015625 0.2202356140625 0.7918376265625 0.2276758640625
16 0.637133665625 0.24017090937500002 0.6264098109375 0.25244027812500003 0.6265451140625 0.2640681859375 0.6375812062499999 0.278632446875 0.6579616406250001 0.27910680625 0.6741619078125 0.27054174999999997 0.6807992671875 0.2572830546875 0.680632740625 0.24297178437500003 0.66694170625 0.2337110015625 0.6465820875 0.23502554999999997 0.637133665625 0.24017090937500002
16 0.7942834875 0.43787264531250003 0.7998119421875 0.44604923124999996 0.8121026499999999 0.45170057343750003 0.8297344703125 0.449428321875 0.8404791406250001 0.4389478609375 0.8457057656250001 0.42118526875000006 0.8347113046875 0.410198825 0.81294095 0.40700947656249997 0.7968135375000001 0.4218357140625 0.7942834875 0.43787264531250003
16 0.8799437609374999 0.44523168281250003 0.9017245234375 0.449315484375 0.9138278890624999 0.4388666484375 0.9149888359375 0.4219036390625 0.8971800812499999 0.4089701640625 0.874071846875 0.407538103125 0.861895625 0.411725759375 0.856606553125 0.424121625 0.8799437609374999 0.44523168281250003
16 0.9335261421875 0.49744891874999997 0.9387527671875 0.47968632656250004 0.9291690421875 0.473203778125 0.9033538249999999 0.4726029234375 0.8954410328125 0.49298562968750004 0.9037701421875 0.5083810984375 0.9186845703125 0.5060455984375001 0.9335261421875 0.49744891874999997
2 0.6406099109375 0.5389186734375 0.650068740625 0.53466776875 0.7247449609375 0.5319348171875 0.7682544453125 0.535630146875 0.7980520796875 0.5282757859375 0.8020344937500001 0.52032056875 0.7895668515625001 0.49946350156249997 0.7907694296875001 0.486078309375 0.7729918984374999 0.47582820000000003 0.7687701 0.4632109671875 0.75787971875 0.46116906562500004 0.6982324140625 0.47140551718749996 0.6779352421875 0.4780867921875 0.6628855109375 0.46879438437500004 0.6397772765624999 0.46736232187500004 0.6347588109375 0.5030140015625 0.62142164375 0.5241646671875 0.6269917296874999 0.53591906875 0.6406099109375 0.5389186734375
16 0.8658827828125 0.5209124421875 0.8264389765625 0.5164175281250001 0.814325203125 0.525971909375 0.8279954234375 0.5334437859375 0.866049309375 0.5352237125 0.8754561000000001 0.5265005359375 0.8658827828125 0.5209124421875
2 0.7549749859375 0.4450056390625 0.7588949546875 0.43168369531249995 0.7409717125 0.4089112234375 0.6931155343750001 0.38186520625 0.6875454484375 0.3701108046875 0.6766134375 0.3644910859375 0.64810164375 0.365615890625 0.62924643125 0.3794844234375 0.625409725 0.399962003125 0.6380334875 0.43423588593750007 0.6544315078125 0.4426654640625 0.6762018609375 0.445854809375 0.6981387421874999 0.463355428125 0.7482439546874999 0.4502142453125 0.7549749859375 0.4450056390625
16 0.722725825 0.3584106671875 0.698269303125 0.357841434375 0.698425421875 0.37125825 0.7121164578125 0.380519034375 0.737931675 0.381119890625 0.74458985 0.369650103125 0.722725825 0.3584106671875
2 0.5488534890625 0.591329959375 0.566412453125 0.5827965265625 0.601624053125 0.573779753125 0.63389969375 0.5459161875 0.6322287609374999 0.5190509328124999 0.641521065625 0.5004887578125 0.6413337234375 0.4843885796875 0.6233376265625 0.45535492812499995 0.591889875 0.4376329421875 0.51706794375 0.4278435328125 0.48992525468750003 0.4298944171875 0.468290203125 0.4383329765625 0.46160080312499996 0.44711939999999994 0.46201712031250003 0.48289757499999997 0.46644707656250006 0.5134038953125 0.47613487968749996 0.5288309890625 0.4751404625 0.56010526875 0.48217332187500006 0.5808358390625 0.510799603125 0.5895500328125001 0.5488534890625 0.591329959375
16 0.5882301046875 0.4733162453125 0.600260615625 0.45660622812499996 0.5892869703125 0.4474086921875 0.5620610187499999 0.442303940625 0.543112134375 0.4481223859375 0.537802246875 0.45872934218749994 0.5501866265625 0.47243077343750006 0.5882301046875 0.4733162453125
16 0.6376115046875 0.51470515625 0.6199900921875 0.5178718609375 0.6176369796875 0.5491145171875 0.6218067359375 0.5572594796875 0.63935529375 0.5478315921875 0.644571509375 0.529174546875 0.6376115046875 0.51470515625
16 0.4914135875 0.5578013937499999 0.517260028125 0.5610856125 0.5280879609375 0.5577607859375 0.5333354 0.5417871046875 0.5209822453124999 0.5307690359375 0.499211890625 0.5275796875000001 0.485697790625 0.533524628125 0.4803983109375 0.545026040625 0.4914135875 0.5578013937499999
16 0.56081114375 0.5683587609375 0.5623259578125 0.5818072 0.5773132421875 0.58573288125 0.6057625875 0.5792413515625 0.6152006015625 0.5732015374999999 0.619099753125 0.558090684375 0.6136129312499999 0.5534919171875 0.6027537734374999 0.5541333796875 0.56485600625 0.5657702687499999 0.56081114375 0.5683587609375
16 0.5642987203125001 0.6346116328125 0.5765477984375 0.6366851578125 0.6185736921875 0.6296154125 0.6293391781250001 0.6209238609375001 0.6251902359375 0.6145678078125 0.6170172468749999 0.6125891546875 0.5749601281250001 0.6169755359375 0.566880809375 0.6230469734375 0.5642987203125001 0.6346116328125
2 0.549076796875 0.7272554 0.5830858203125 0.7316238171875 0.6144398984375 0.7412957125 0.6973203328124999 0.7432247765625 0.7393774515625 0.7388383953125001 0.744614484375 0.72197025625 0.7417513812500001 0.7093846484374999 0.7307465140625 0.69750375 0.7171075171875 0.6927152375000001 0.6922763109375001 0.6599456484374999 0.6648942390625 0.64142408125 0.6430718453125001 0.6337624609375 0.6104319265625 0.6303201234375 0.56024345 0.6363056703125001 0.538577175 0.6420608671875 0.52111188125 0.6586443875 0.5176186390625 0.7086389609375 0.534068696875 0.721540809375 0.549076796875 0.7272554
2 0.3853350640625 0.8969214234375 0.40704296875 0.8947440453125 0.4326916609375 0.8810336296875001 0.443342659375 0.8625030796875001 0.4431345015625 0.8446139921875 0.45121382031249996 0.8385425546875 0.49213080781249996 0.8529080921875 0.5277691328125 0.880563946875 0.55362598125 0.8847426203125 0.5754795984375 0.8950876031250001 0.597208321875 0.89469913125 0.6187705171875 0.879999390625 0.632159725 0.8633209984375 0.6356529671875 0.813326425 0.62172255 0.7834931890625 0.5518150046875 0.7291075578124999 0.528602690625 0.7187309515625 0.46730526718750004 0.70389105625 0.3885425515625 0.7056346812500001 0.36282100625 0.7130839156250001 0.3129759921875 0.7485864578125 0.29973249687500003 0.7777872125 0.300315340625 0.8278766578125 0.3142457578125 0.8577098937500001 0.33760378125 0.8806088609374999 0.3662716921875 0.8929008703125 0.3853350640625 0.8969214234375
16 0.6933066953125 0.74849663125 0.7108344343749999 0.7372798375 0.7012715265625 0.732586196875 0.6849567703125 0.7313122546875 0.6605314718749999 0.733426384375 0.6551591359375 0.7386666156249999 0.66613278125 0.7478641515625 0.6933066953125 0.74849663125
16 0.4401521703125 0.705047484375 0.440027275 0.6943140328124999 0.42637787187500004 0.688631065625 0.3978452625 0.6879669625 0.3856794484375 0.6930490734375 0.37903168125 0.7054133140625 0.433389915625 0.7075727281249999 0.4401521703125 0.705047484375
2 0.1978407296875 0.7763098671875001 0.2031298015625 0.7639140015625 0.20763827968749998 0.6844340578125 0.1936454140625 0.649234096875 0.1621248078125 0.6252509296875 0.11849042812499999 0.610822146875 0.1076208625 0.6105691546875 0.071081790625 0.6222376703125 0.0386916625 0.6402622359375 0.014630640625 0.6736822703125 0.00822225625 0.7066189625 0.0088571390625 0.7611806796875 0.023854829687500002 0.766000815625 0.040388153125 0.7860583 0.0513097578125 0.7907835640624999 0.12877622500000002 0.7943750390625001 0.184399484375 0.7885159890625 0.1978407296875 0.7763098671875001
16 0.0092110078125 0.791592128125 0.032350467187499996 0.7957075546875 0.040481823437499995 0.7941083890625 0.0444017921875 0.7807864453125 0.0333761078125 0.7671166375 0.0088987703125 0.7647584968750001 0.0092110078125 0.791592128125
16 0.2664671765625 0.9540669562499999 0.2664151375 0.9495946843749999 0.2594967640625 0.9387031125 0.233587875 0.930052165625 0.2337335859375 0.942574528125 0.2392100015625 0.9462788421875 0.26239108906249997 0.953972084375 0.2664671765625 0.9540669562499999
2 0.20908208749999999 0.22484262500000002 0.21873866875 0.23758635312499998 0.23925440625 0.249688621875 0.2951899015625 0.2706632 0.405389959375 0.28574710625 0.4583478671875 0.284297078125 0.48272112500000003 0.277710675 0.550229184375 0.2426192453125 0.56352471875 0.2178907625 0.5737593999999999 0.1635820375 0.557028328125 0.12652991875 0.5377672062500001 0.10551473281249998 0.5090368468750001 0.0878559953125 0.47082684218750004 0.0726592546875 0.43547994062499995 0.07004812187500001 0.378570840625 0.08213672968749999 0.3566964078125 0.0700028390625 0.332198253125 0.0658557890625 0.2561529296875 0.0676626640625 0.2372977171875 0.081531196875 0.2214305015625 0.11871879375000001 0.20736952187500002 0.19439955312499999 0.20908208749999999 0.22484262500000002
2 1 0.5361260062500001 0.9434221062500001 0.5307650984375 0.902806946875 0.5423387390625 0.89216635625 0.5617637453125 0.88966753125 0.5804840390625 0.8953000640625 0.5976051671875 0.9090847703125 0.6149160421875 0.9677168437500001 0.6341649609375 1 0.631982659375 1 0.5361260062500001
2 0.8024025890625 0.9021577171875 0.8308415265625 0.89477173125 0.856448584375 0.8774835 0.8631067609375 0.8660137140625 0.8439601265625001 0.854837525 0.8186917875 0.7845008515624999 0.784422565625 0.757771075 0.742167696875 0.7451628234375 0.702755115625 0.743351271875 0.6526290875 0.754703546875 0.631056484375 0.7685088343750001 0.628557659375 0.787229128125 0.6384640296875 0.8214397609375 0.6349916015625 0.87322324375 0.661014978125 0.8917131875000001 0.7033010703125 0.9070048015625 0.8024025890625 0.9021577171875
2 0.9696886796875 0.9203587390625 0.948881521875 0.8832117484375 0.92969325625 0.8684577421874999 0.9092399656250001 0.861722203125 0.9009941203125 0.8534823687499999 0.8942006421875 0.8533242484375 0.8618833671875 0.877609996875 0.8404564750000001 0.90393764375 0.84199210625 0.9191749921874999 0.8802853734375 0.9415273687499999 0.8979067859375001 0.9383606640625001 0.9276211562500001 0.9238506671875 0.9616926250000001 0.9335858109374999 0.9696886796875 0.9203587390625
2 0.8166290203125 1 0.8238342234375 0.9929719703125001 0.8590041921875 0.9803773796874999 0.8520441875 0.9659079890625 0.8082745046875001 0.9398512968749999 0.7687890671875001 0.9317785671875001 0.7470603453125 0.9321670375 0.7308808921875001 0.9425210015625 0.7271690828125 0.9737320328125 0.716507675 0.991368128125 0.7286564640625001 1 0.8166290203125 1