1 0.2395464859375 0.3240196078125 0.3231292515625 0.3240196078125 0.3231292515625 0.20944444375 0.2395464859375 0.20944444375 0.2395464859375 0.3240196078125
1 0.37543083906249997 0.52879085 0.43613378750000004 0.52879085 0.43613378750000004 0.41310457500000003 0.37543083906249997 0.41310457500000003 0.37543083906249997 0.52879085
1 0.25404761875 0.746094771875 0.3086281171875 0.746094771875 0.3086281171875 0.5671732031250001 0.25404761875 0.5671732031250001 0.25404761875 0.746094771875
1 0.312018140625 0.6311764703125 0.40136054374999997 0.6311764703125 0.40136054374999997 0.569803921875 0.312018140625 0.569803921875 0.312018140625 0.6311764703125
1 0.41167800468750004 0.82133986875 0.4709070296875 0.82133986875 0.4709070296875 0.7003594765625001 0.41167800468750004 0.7003594765625001 0.41167800468750004 0.82133986875
1 0.48416099843750005 0.7941503265625001 0.6375623578125 0.7941503265625001 0.6375623578125 0.68728758125 0.48416099843750005 0.68728758125 0.48416099843750005 0.7941503265625001
1 0.2902607703125 0.980147059375 0.3462925171875 0.980147059375 0.3462925171875 0.8570424843750001 0.2902607703125 0.8570424843750001 0.2902607703125 0.980147059375
1 0.1872448984375 1 0.1872448984375 0.86228758125 0.0402380953125 0.86228758125 0.0402380953125 1 0.1872448984375 1
1 0.054716553125 0.846405228125 0.0944897953125 0.846405228125 0.0944897953125 0.7708496734375 0.054716553125 0.7708496734375 0.054716553125 0.846405228125
1 0.025714285937499998 0.3209150328125 0.1104308390625 0.3209150328125 0.1104308390625 0.222483659375 0.025714285937499998 0.222483659375 0.025714285937499998 0.3209150328125
1 0.0184920640625 0.22898692812500002 0.078560090625 0.22898692812500002 0.078560090625 0.1415359484375 0.0184920640625 0.1415359484375 0.0184920640625 0.22898692812500002
1 0.1308276640625 0.2749509796875 0.22926303906249998 0.2749509796875 0.22926303906249998 0.10759803906250001 0.1308276640625 0.10759803906250001 0.1308276640625 0.2749509796875
1 0.0365986390625 0.483905228125 0.17709750625 0.483905228125 0.17709750625 0.37132352968750004 0.0365986390625 0.37132352968750004 0.0365986390625 0.483905228125
5 0.124716553125 0.545751634375 0.11337868437500001 0.581699346875 0.124716553125 0.5947712421875 0.14058956875 0.59150326875 0.1451247171875 0.55228758125 0.124716553125 0.545751634375
1 0.170691609375 0.5695751640625 0.22781179062499998 0.5695751640625 0.22781179062499998 0.465326796875 0.170691609375 0.465326796875 0.170691609375 0.5695751640625
1 0.413480725 0.2979411765625 0.4756349203125 0.2979411765625 0.4756349203125 0.183300653125 0.413480725 0.183300653125 0.413480725 0.2979411765625
1 0.413480725 0.180931371875 0.4770861671875 0.180931371875 0.4770861671875 0.0762581703125 0.413480725 0.0762581703125 0.413480725 0.180931371875
1 0.3772448984375 0 0.3772448984375 0.055555556250000006 0.5147732421875 0.055555556250000006 0.5147732421875 0 0.3772448984375 0
1 0.4504535140625 0.5591339875 0.5278231296875 0.5591339875 0.5278231296875 0.47524509843749996 0.4504535140625 0.47524509843749996 0.4504535140625 0.5591339875
1 0.7142743765625 0 0.7142743765625 0.10359477187499999 0.823548753125 0.10359477187499999 0.823548753125 0 0.7142743765625 0
1 0.835680271875 0.197647059375 0.9133900234375 0.197647059375 0.9133900234375 0.052745098437500006 0.835680271875 0.052745098437500006 0.835680271875 0.197647059375
1 0.7668140593749999 0.6761437906250001 0.8626643984375001 0.6761437906250001 0.8626643984375001 0.4992810453125 0.7668140593749999 0.4992810453125 0.7668140593749999 0.6761437906250001
1 0.777687075 0.820326796875 0.923537415625 0.820326796875 0.923537415625 0.723856209375 0.777687075 0.723856209375 0.777687075 0.820326796875
1 0.581995465625 0.310457515625 0.6525623578124999 0.310457515625 0.6525623578124999 0.1075817 0.581995465625 0.1075817 0.581995465625 0.310457515625
1 0.86828798125 0.335539215625 0.997426303125 0.335539215625 0.997426303125 0.2015849671875 0.86828798125 0.2015849671875 0.86828798125 0.335539215625
1 0.8936394562500001 0.47346405156250004 0.966995465625 0.47346405156250004 0.966995465625 0.34261437968749997 0.8936394562500001 0.34261437968749997 0.8936394562500001 0.47346405156250004
1 0.9190136046875 0.8600490203125 0.9999886625000001 0.8600490203125 0.9999886625000001 0.5541339875 0.9190136046875 0.5541339875 0.9190136046875 0.8600490203125
1 0.6961564625000001 0.999983659375 0.9597619046875 0.999983659375 0.9597619046875 0.8700817000000001 0.6961564625000001 0.8700817000000001 0.6961564625000001 0.999983659375
1 0.5584467125 0.9352614375 0.6482199546875 0.9352614375 0.6482199546875 0.8021895421874999 0.5584467125 0.8021895421874999 0.5584467125 0.9352614375
5 0.462585034375 0.44117647031249996 0.4535147390625 0.47385620937499995 0.46485260781250004 0.4869281046875 0.4875283453125 0.48366013125 0.48979591874999995 0.4607843140625 0.462585034375 0.44117647031249996