3 0.48037301718750003 0.2602298640625 0.4842898390625 0.48462448281250003 0.6832141421875 0.47999446875 0.6792973203125 0.25559984999999996 0.48037301718750003 0.2602298640625
3 0.2370083 0.1940713515625 0.2405525390625 0.39712067812499996 0.5025844109375 0.39102181874999997 0.49904017187500005 0.1879724921875 0.2370083 0.1940713515625
3 0.0417222890625 0.07147985 0.0462199046875 0.3291480109375 0.3345465984375 0.3224371328125 0.3300489828125 0.064768971875 0.0417222890625 0.07147985
3 0.4271544171875 0.02105700625 0.42948541249999994 0.15459960781249998 0.6431109109375 0.14962741875000002 0.640779915625 0.0160848171875 0.4271544171875 0.02105700625
3 0.632110025 0.698761078125 0.6360205859375 0.922796953125 0.840522578125 0.9180371171875 0.8366120171875 0.6940012421875 0.632110025 0.698761078125
3 0.650577025 0.35016295468749997 0.6549024375 0.5979656453125 0.9280896875 0.5916071406250001 0.9237642749999999 0.34380445000000004 0.650577025 0.35016295468749997
3 0.7391667234375 0 0.6536667140625 0.001990034375 0.6563585515625 0.15620528125 0.8271553640624999 0.1522299421875 0.8244981796875 0 0.7391667234375 0
13 0.0090542859375 0.5175780109375 0.0130713 0.747712540625 0.1863382328125 0.7436797078125 0.18232121875 0.513545178125 0.0090542859375 0.5175780109375
13 0.35205227968749997 0.8880667296875 0.353869015625 0.992147446875 0.5129128406250001 0.9884456609375001 0.5110961046875 0.88436494375 0.35205227968749997 0.8880667296875
20 0.2821340578125 0.5998230140625 0.2848251125 0.7539934171875 0.48546256249999997 0.7493235281249999 0.4827715078125 0.5951531250000001 0.2821340578125 0.5998230140625
20 0.24837135156249998 0.846201859375 0.2508643734375 0.9890269703125 0.3606651703125 0.9864713296875 0.3581721484375 0.84364621875 0.24837135156249998 0.846201859375
20 0.048179209375 0.42198766406250005 0.050006903125 0.526696184375 0.1621981390625 0.5240849046875 0.1603704453125 0.419376384375 0.048179209375 0.42198766406250005
20 0.7350298000000001 0.3933277296875 0.7393379921875 0.6401438734375 0.8738798234375 0.637012378125 0.86957163125 0.390196234375 0.7350298000000001 0.3933277296875
20 1 0.0711128484375 0.7518660046875 0.0768882328125 0.7569866796875 0.3702514609375 1 0.3645952625 1 0.0711128484375
20 0 0 0.0020210296874999998 0.115784753125 0.116204296875 0.11312710781249999 0.11422965624999999 0 0 0
3 0.051741554687500003 0.2219132171875 0.0546149875 0.38653205156250003 0.63644765625 0.372989746875 0.6335742234375 0.2083709125 0.051741554687500003 0.2219132171875
3 0.0710679640625 0.0458539578125 0.07379815468749999 0.2022665140625 0.33794158125 0.19611850625 0.335211390625 0.039705950000000004 0.0710679640625 0.0458539578125
3 0.4870689875 0.0341751 0.488647771875 0.12462353125 0.6499625140624999 0.1208688890625 0.6483837296875 0.030420457812500003 0.4870689875 0.0341751
3 0.67445716875 0 0.6770390875000001 0.1479180765625 0.8151267359375 0.14470405 0.8126009171874999 0 0.67445716875 0
3 0.5893805234375 0.38233971875 0.5921381109375 0.5403217812500001 0.7288711796875 0.5371392828125 0.7261135921874999 0.3791572203125 0.5893805234375 0.38233971875
3 0.4894579140625 0.5557887484374999 0.49213018281250004 0.7088829203125 0.6028871546875 0.7063050234375 0.6002148859374999 0.5532108515624999 0.4894579140625 0.5557887484374999
3 0.6460790953125 0.6827345 0.650340321875 0.9268600609375 0.82332836875 0.9228337203124999 0.8190671421875001 0.678708159375 0.6460790953125 0.6827345