19 0.276292134375 0 0.276292134375 0.2702803734375 0.983820225 0.2702803734375 0.983820225 0 0.276292134375 0
19 0.0132865171875 0.4987196265625 0.1729494375 0.4987196265625 0.1729494375 0.40475700937500003 0.0132865171875 0.40475700937500003 0.0132865171875 0.4987196265625
19 0.204817415625 0.44433644843750003 0.326137640625 0.44433644843750003 0.326137640625 0.3707663546875 0.204817415625 0.3707663546875 0.204817415625 0.44433644843750003
19 0.569971909375 0.51231775625 0.7407584265625 0.51231775625 0.7407584265625 0.4132523359375 0.569971909375 0.4132523359375 0.569971909375 0.51231775625
19 0.789592696875 0.51911215 0.961362359375 0.51911215 0.961362359375 0.4336355140625 0.789592696875 0.4336355140625 0.789592696875 0.51911215
3 0.3426966296875 0.744831775 0.981797753125 0.744831775 0.981797753125 0.4999158875 0.3426966296875 0.4999158875 0.3426966296875 0.744831775
3 0.33247190937500004 0.8196261687499999 0.628426965625 0.8196261687499999 0.628426965625 0.75140186875 0.33247190937500004 0.75140186875 0.33247190937500004 0.8196261687499999
3 1 0.826168225 0.57764045 0.826168225 0.57764045 1 1 1 1 0.826168225
3 0.8227668546875 0.844102803125 0.987907303125 0.844102803125 0.987907303125 0.7378037390625 0.8227668546875 0.7378037390625 0.8227668546875 0.844102803125
3 0 0.83051401875 0.08101123593750001 0.83051401875 0.08101123593750001 0.7463084109375 0 0.7463084109375 0 0.83051401875
3 0.2423735953125 0.657943925 0.31970505625 0.657943925 0.31970505625 0.5571962609375001 0.2423735953125 0.5571962609375001 0.2423735953125 0.657943925
3 0.20735955 0.9311214953125001 0.32 0.9311214953125001 0.32 0.8686542062499999 0.20735955 0.8686542062499999 0.20735955 0.9311214953125001
20 0.41929775312500006 0 0.41929775312500006 0.088074765625 0.6161516859375 0.088074765625 0.6161516859375 0 0.41929775312500006 0
20 0.485702246875 0.2512616828125 0.7693539328125001 0.2512616828125 0.7693539328125001 0.13288785 0.485702246875 0.13288785 0.485702246875 0.2512616828125
20 0.7819241578125 0.2294953265625 0.9817837078125 0.2294953265625 0.9817837078125 0.0122242984375 0.7819241578125 0.0122242984375 0.7819241578125 0.2294953265625
20 0.268637640625 0.2240654203125 0.340407303125 0.2240654203125 0.340407303125 0.07511215 0.268637640625 0.07511215 0.268637640625 0.2240654203125
20 0.0000140453125 0.400813084375 0.130042134375 0.400813084375 0.130042134375 0.326588784375 0.0000140453125 0.326588784375 0.0000140453125 0.400813084375
20 0.495912921875 0.3940280375 0.648862359375 0.3940280375 0.648862359375 0.2824205609375 0.495912921875 0.2824205609375 0.495912921875 0.3940280375
20 0.7614887640625 0.3994672890625 0.8265449437499999 0.3994672890625 0.8265449437499999 0.326588784375 0.7614887640625 0.326588784375 0.7614887640625 0.3994672890625
20 0.88661516875 0.4212242984375 0.9960814609374999 0.4212242984375 0.9960814609374999 0.2841214953125 0.88661516875 0.2841214953125 0.88661516875 0.4212242984375
20 0.05668539375 0.8237102796875 0.30977528125 0.8237102796875 0.30977528125 0.618869159375 0.05668539375 0.618869159375 0.05668539375 0.8237102796875
20 0.0000140453125 0.8957757015625001 0.20358146093750001 0.8957757015625001 0.20358146093750001 0.8227663546875 0.0000140453125 0.8227663546875 0.0000140453125 0.8957757015625001
20 0.3375842703125 0.99911215 0.5079213484375 0.99911215 0.5079213484375 0.8737476640624999 0.3375842703125 0.8737476640624999 0.3375842703125 0.99911215
20 0.14351123593749998 0.557186915625 0.32205056249999997 0.557186915625 0.32205056249999997 0.47271962656250005 0.14351123593749998 0.47271962656250005 0.14351123593749998 0.557186915625
20 0.3730898875 0.510102803125 0.4729213484375 0.510102803125 0.4729213484375 0.3532242984375 0.3730898875 0.3532242984375 0.3730898875 0.510102803125
20 0.07713483125000001 0.36683177499999997 0.307752809375 0.36683177499999997 0.307752809375 0.27731775625 0.07713483125000001 0.27731775625 0.07713483125000001 0.36683177499999997
20 0.6874157296875001 0.6088598125 0.9776966296875 0.6088598125 0.9776966296875 0.508411215625 0.6874157296875001 0.508411215625 0.6874157296875001 0.6088598125
20 0.7768258421875001 0.7122056078125001 0.9225561796875 0.7122056078125001 0.9225561796875 0.61037383125 0.7768258421875001 0.61037383125 0.7768258421875001 0.7122056078125001
20 0.33759831406249996 0.6238130843749999 0.37515449375 0.6238130843749999 0.37515449375 0.5542803734375 0.33759831406249996 0.5542803734375 0.33759831406249996 0.6238130843749999
20 0.4282584265625 0.622271028125 0.5214606734375 0.622271028125 0.5214606734375 0.5612803734375 0.4282584265625 0.5612803734375 0.4282584265625 0.622271028125
20 0.37588483125 0.7353084109375 0.48338483125 0.7353084109375 0.48338483125 0.652841121875 0.37588483125 0.652841121875 0.37588483125 0.7353084109375
20 0.6312640453125 0.9175327109375001 0.7285112359375 0.9175327109375001 0.7285112359375 0.8550654203124999 0.6312640453125 0.8550654203124999 0.6312640453125 0.9175327109375001
20 0.7819241578125 0.9999906546874999 0.9409410109375 0.9999906546874999 0.9409410109375 0.9281214953125 0.7819241578125 0.9281214953125 0.7819241578125 0.9999906546874999
20 0.29957865156249996 1 0.29957865156249996 0.9451214953125 0.22014045000000002 0.9451214953125 0.22014045000000002 1 0.29957865156249996 1
20 0.1504494375 0.1736635515625 0.22522471875 0.1736635515625 0.22522471875 0.10304672968749999 0.1504494375 0.10304672968749999 0.1504494375 0.1736635515625
20 0.066727528125 0.05131775625 0.1588342703125 0.05131775625 0.1588342703125 0.000009345312500000001 0.066727528125 0.000009345312500000001 0.066727528125 0.05131775625