5 0.9892542015625001 0.96649554375 0.9892542015625001 0.7363465125 0.6867542015625 0.7416266703125001 0.6867542015625 0.9717757015625 0.9892542015625001 0.96649554375
5 0.9944432765625001 0.695823746875 0.9944432765625001 0.15384162968749998 0.6534558828125 0.15979358593749998 0.6534558828125 0.701775703125 0.9944432765625001 0.695823746875
5 0.64076680625 0.6331149265625 0.64076680625 0.3046350453125 0.3843172265625 0.3091113890625 0.3843172265625 0.6375912703125 0.64076680625 0.6331149265625
5 0.640756303125 0.2789049765625 0.640756303125 0.146237315625 0.3440756296875 0.1514158953125 0.3440756296875 0.28408355625000004 0.640756303125 0.2789049765625
5 0.6326575625 0 0.6326575625 0.1806484265625 0.9129726890625 0.1757555078125 0.9129726890625 0 0.6326575625 0
5 0.2853466390625 0.45238140156249995 0.2853466390625 0.06293281875 0.10822479062499998 0.06602449218749999 0.10822479062499998 0.455473075 0.2853466390625 0.45238140156249995
5 0.4881932765625 0.13767825625000002 0.4881932765625 0.015114918750000001 0.2539075625 0.019204390625 0.2539075625 0.141767728125 0.4881932765625 0.13767825625000002
5 0 0 0 0.20769001562499997 0.115430671875 0.205675165625 0.115430671875 0 0 0
11 0.3841596640625 0.8466774796875001 0.3841596640625 0.6573779265625 0.2871848734375 0.6590706265625 0.2871848734375 0.8483701796875 0.3841596640625 0.8466774796875001
11 0.6494432765625 0.9871810640625001 0.6494432765625 0.9370618390625 0.4287079828125 0.9409147890625 0.4287079828125 0.9910340140624999 0.6494432765625 0.9871810640625001
11 0.23332983125 0.73494360625 0.23332983125 0.644272965625 0.023602940625 0.6479337625 0.023602940625 0.738604403125 0.23332983125 0.73494360625
11 0.0980987390625 0.62168559375 0.0980987390625 0.5088987078125 0.0000105046875 0.5106108453125 0.0000105046875 0.6233977312500001 0.0980987390625 0.62168559375
11 0.195178571875 0.581868853125 0.195178571875 0.46884351718749995 0.112384453125 0.47028869375 0.112384453125 0.5833140296875 0.195178571875 0.581868853125
11 0.039149159375 0.4468278265625 0.039149159375 0.3594060671875 0.0000105046875 0.3600892359375 0.0000105046875 0.4475109953125 0.039149159375 0.4468278265625
11 0.5471428578124999 0.9348534609374999 0.5471428578124999 0.8630948921874999 0.2844117640625 0.8676808796875 0.2844117640625 0.9394394484375 0.5471428578124999 0.9348534609374999
11 0.248928571875 0.8453568734375001 0.248928571875 0.721720509375 0.16787815156250002 0.72313525 0.16787815156250002 0.8467716140625001 0.248928571875 0.8453568734375001