19 1 0.89258290625 0.9965575281250001 0.6953638671875 0.2890294375 0.7200712921875 0.2937472 0.990351665625 1 0.9656887749999999 1 0.89258290625
19 0.023676521875000002 0.594779015625 0.1833394421875 0.5892034625 0.18169931875 0.4952408453125 0.0220363984375 0.5008163984375 0.023676521875000002 0.594779015625
19 0.21580072968750003 0.6220812640625 0.3371209546875 0.6178446671875 0.335836784375 0.5442745734375001 0.21451655937499997 0.5485111703125 0.21580072968750003 0.6220812640625
19 0.580213628125 0.56684380625 0.7510001453124999 0.560879809375 0.7492709515625 0.46181438906250005 0.578484434375 0.46777838593750004 0.580213628125 0.56684380625
19 0.799478625 0.5387913015625 0.9712482874999999 0.532792971875 0.9697562874999999 0.44731633593750003 0.797986625 0.45331466562499995 0.799478625 0.5387913015625
3 0.3514256296875 0.48811688281250004 0.990526753125 0.46579897968750006 0.98625173125 0.22088309218750002 0.3471506078125 0.2432009953125 0.3514256296875 0.48811688281250004
3 0.33681120625 0.23698795625 0.6327662625 0.22665297812500002 0.631575403125 0.158428678125 0.335620346875 0.16876365625 0.33681120625 0.23698795625
3 0.577992546875 0 0.5806746953124999 0.1536601265625 1 0.1390169640625 1 0 0.577992546875 0
3 0.8273435078125001 0.233464609375 0.9924839562500001 0.22769777812499997 0.9906284984375 0.1213987140625 0.82548805 0.1271655453125 0.8273435078125001 0.233464609375
3 0.083969625 0.16665700625 0.0029583890625 0.16948598125 0.004428203125 0.2536915890625 0.0854394390625 0.2508626140625 0.083969625 0.16665700625
3 0.2501027640625 0.43433986718749995 0.327434225 0.4316393921875 0.32567566718749996 0.330891728125 0.24834420625 0.333592203125 0.2501027640625 0.43433986718749995
3 0.2096522 0.1241046390625 0.32229264999999996 0.120171146875 0.321202278125 0.0577038578125 0.208561828125 0.06163735 0.2096522 0.1241046390625
20 0.4352154671875 0.8972830343749999 0.43675281874999994 0.9853578000000001 0.6336067515625 0.9784835093750001 0.6320694 0.8904087437499999 0.4352154671875 0.8972830343749999
20 0.5008377453125 0.8501510531250001 0.78448943125 0.84024571875 0.782423209375 0.7218718859375 0.4987715234375 0.7317772203125 0.5008377453125 0.8501510531250001
20 0.799165846875 0.9604703078125001 0.999025396875 0.953491059375 0.9952329171875001 0.73622003125 0.7953733671875 0.7431992796875 0.799165846875 0.9604703078125001
20 0.28478161874999997 0.9155068171874999 0.35655128125 0.9130005656250001 0.3539512921875 0.7640472953125 0.2821816296875 0.766553546875 0.28478161874999997 0.9155068171874999
20 0.01176848125 0.673410725 0.14179657031249998 0.6688700437499999 0.14050098125 0.59464574375 0.010472892187500001 0.599186425 0.01176848125 0.673410725
20 0.5084383171875 0.700261778125 0.6613877546875 0.694920665625 0.6594396390624999 0.5833131890625001 0.5064902015625 0.5886543015625 0.5084383171875 0.700261778125
20 0.7732432 0.6468194421875 0.8382993796875 0.6445476296875 0.8370272812499999 0.571669125 0.7719711015625 0.5739409375 0.7732432 0.6468194421875
20 1 0.544207721875 0.8967177359375 0.5478144171875 0.8991108750000001 0.6849172203125 1 0.6813940953125 1 0.544207721875
20 0.0633380578125 0.37915134375 0.31642794531249996 0.37031325000000004 0.31285242968750004 0.1654721296875 0.0597625421875 0.1743102234375 0.0633380578125 0.37915134375
20 0.0031076703125 0.1772331546875 0.2066750859375 0.1701244234375 0.20540070312499997 0.0971150765625 0.0018332874999999998 0.1042238078125 0.0031076703125 0.1772331546875
20 0.33779004218750003 0 0.3397880125 0.11446363281250001 0.510125090625 0.10851533124999999 0.5082309484375 0 0.33779004218750003 0
20 0.1527149484375 0.52226885 0.331254275 0.5160341203125001 0.32977989375 0.43156683124999995 0.1512405671875 0.4378015609375 0.1527149484375 0.52226885
20 0.3843794 0.6337471156250001 0.4842108609375 0.6302609234375 0.4814725359375 0.47338241875 0.381641075 0.47686861093750005 0.3843794 0.6337471156250001
20 0.089749296875 0.7199886359375001 0.320367275 0.711935278125 0.3188048015625 0.622421259375 0.08818682343749999 0.6304746171875 0.089749296875 0.7199886359375001
20 0.69599644375 0.4675836984375 0.98627734375 0.457446865625 0.9845240078125 0.35699826875 0.6942431078125 0.3671351015625 0.69599644375 0.4675836984375
20 0.7836267921875 0.3624988125 0.9293571296875 0.35740979687499996 0.92757965 0.2555780203125 0.7818493125 0.26066703593749996 0.7836267921875 0.3624988125
20 0.34537837968749996 0.433930434375 0.382934559375 0.4326189421875 0.3817208609375 0.36308623125 0.34416468125 0.3643977234375 0.34537837968749996 0.433930434375
20 0.43591630625000005 0.4237645125 0.529118553125 0.42050981875 0.5280539578125001 0.3595191640625 0.43485171093749997 0.3627738578125 0.43591630625000005 0.4237645125
20 0.3819445125 0.334032690625 0.4894445125 0.3302787078125 0.48800504062499994 0.24781141875 0.380505040625 0.2515654015625 0.3819445125 0.334032690625
20 0.6337938875 0.122890353125 0.731041078125 0.11949440625 0.7299507078125 0.057027115625 0.6327035171875 0.0604230625 0.6337938875 0.122890353125
20 0.7824007749999999 0 0.7831788015625001 0.0445731109375 0.9421956546875 0.0390201203125 0.9415145562499999 0 0.7824007749999999 0
20 0.2202746359375 0 0.2210983578125 0.04719103125 0.300536559375 0.0444169875 0.2997612578125 0 0.2202746359375 0
20 0.166105815625 0.8916994609375 0.240881096875 0.88908825 0.239648475 0.8184714281250001 0.16487319375 0.8210826390625 0.166105815625 0.8916994609375
20 0.0841824296875 0.997660478125 0.17628917187499998 0.9944440390624999 0.17539358124999999 0.9431356281250001 0.08328683906249999 0.9463520671874999 0.0841824296875 0.997660478125