3 0.612155359375 0.545448553125 0.9790358250000001 0.536909315625 0.9884038828125 0.13441935625 0.6215234171875 0.14295859375 0.612155359375 0.545448553125
3 0 0.2678267171875 0.1047395609375 0.2653888765625 0.1086926171875 0.09554951874999999 0.000500196875 0.098067725 0 0.11955821562499999 0 0.2678267171875
3 0.2756343984375 0.19857382968749998 0.5827481015625 0.191425678125 0.5853186609375001 0.0809839109375 0.2782049578125 0.0881320625 0.2756343984375 0.19857382968749998
3 0.2237347625 0.467889496875 0.3706735390625 0.4644694578125 0.373961053125 0.323224478125 0.22702227656249999 0.3266445171875 0.2237347625 0.467889496875
3 0.199522034375 0.7463747 0.32363282031249996 0.743485990625 0.3296535421875 0.48481129218749996 0.20554275624999999 0.4877000015625 0.199522034375 0.7463747
3 0.3293747640625 0.82854713125 0.4778004203125 0.8250924843749999 0.484016503125 0.5580242109375 0.335590846875 0.5614788578125001 0.3293747640625 0.82854713125
3 0 0.6937605062500001 0.12827527968750002 0.6907748671875 0.1316216828125 0.5469997656250001 0 0.55006329375 0 0.6937605062500001
20 0.7091499171875 0.89508859375 0.9787709078125 0.8888130953125 0.9866209328125001 0.55154401875 0.7169999421875 0.5578195171875 0.7091499171875 0.89508859375
20 0.512495334375 0.47182539375 0.500485675 0.9878093296875001 0.668648940625 0.9838952859375001 0.6806586 0.46791134999999995 0.512495334375 0.47182539375
20 0.00490380625 0.5623721421875 0.2144956421875 0.5574938375 0.221774534375 0.2447629140625 0.0121826984375 0.24964121874999998 0.00490380625 0.5623721421875
20 0.10939373593749999 0.26385561874999997 0.27306720625 0.2600460765625 0.27853175 0.0252669609375 0.1148582796875 0.029076503124999997 0.10939373593749999 0.26385561874999997
20 0.652255003125 0.128355253125 0.8964532546875 0.122671475 0.8990967265625001 0.009097178124999999 0.654898475 0.01478095625 0.652255003125 0.128355253125
20 0 0.99943819375 0.32089430625 0.9919692953125001 0.3270103703125 0.7291982109374999 0 0.7368094625 0 0.99943819375
20 0.3534951890625 0.8263199578125 0.349654771875 0.9913199578125 0.47399879531250005 0.9884258171875 0.4778392125 0.8234258171875 0.3534951890625 0.8263199578125
20 0.3656050125 0.46878194375 0.6007362078125 0.46330920468750003 0.6074944453125 0.1729477578125 0.37236325 0.178420496875 0.3656050125 0.46878194375