2 0.21456871562500002 0.9795913421875 0.2479894125 0.92866144375 0.263048025 0.8692406640625 0.25686693437499997 0.8410261828125 0.227017221875 0.8224689578125 0.21288310156249998 0.8421698296875 0.20242410781250003 0.8718461296875001 0.18721141562500002 0.9378868953125 0.1940994234375 0.9776977140625001 0.20074275937500002 0.9860522406250001 0.21456871562500002 0.9795913421875
2 0.1132707671875 1 0.1216797171875 0.9834768140625 0.1221419625 0.9636168578125 0.10221195624999999 0.9385532828125 0.091508290625 0.9367732890625 0.0627642515625 0.9546487109375 0.0373101375 0.9990495312500001 0.06554530625 1 0.1132707671875 1
2 0.0070865578125 1 0.0123817578125 0.9788941265625001 0.02042538125 0.96905505625 0.0180599484375 0.90280975 0.0153228640625 0.8945006781249999 0 0.88794294375 0 0.9998876640625 0.0016921015625 1 0.0070865578125 1
2 0.538692609375 0.693660065625 0.5145617421875001 0.72317728125 0.5080089984375 0.752899034375 0.5392725484375 0.794648934375 0.5624789265625 0.80485163125 0.5737989203125 0.7801516828125 0.574800453125 0.737121778125 0.5474431515625 0.6954173328125 0.538692609375 0.693660065625
2 0.42136457812500006 0.740302725 0.41207475000000005 0.7617154078125 0.405290884375 0.8013671390624999 0.4190533515625 0.8396025046875 0.4328022671875 0.836451596875 0.450765596875 0.8201061749999999 0.45654793125 0.823484346875 0.460685303125 0.8135998234375 0.49005921875 0.8106307296875 0.50317825625 0.79257349375 0.507546753125 0.7727589906250001 0.49996537500000005 0.7627381078125001 0.49510753281250003 0.719640021875 0.48666515468749993 0.704642784375 0.470025071875 0.7061046046875 0.42136457812500006 0.740302725
2 0.4601011 0.460983334375 0.46136085624999995 0.49079599375000005 0.467143190625 0.49417416562499994 0.46105269375 0.5040359640625 0.4626976546875 0.5172986625 0.46738786406250005 0.5256304609375 0.48316694687500006 0.5191922875 0.498252659375 0.5425440515625 0.5256734515625 0.5395522328125 0.5291039046875 0.5180713703125 0.526276228125 0.47168601875 0.5065003046875 0.44000245781249997 0.480248678125 0.434730659375 0.47134405468749996 0.439593378125 0.4601011 0.460983334375
2 0.4386074390625 0.6709746921875 0.456094971875 0.633102953125 0.44362864999999996 0.497211440625 0.438938440625 0.4888796421875 0.42112919218749995 0.4986050796875 0.3976916921875 0.4983323609375 0.38518898125 0.4899096546875 0.3728539046875 0.5162532359374999 0.37239165937499996 0.5361131921875 0.39328680781249997 0.6456156703125 0.4112636890625 0.67065651875 0.4386074390625 0.6709746921875
2 0.402123678125 0.43382159218750005 0.4127638546875 0.48029785 0.423313440625 0.488697828125 0.44635218437499996 0.46413424062499997 0.44938388281249997 0.4178170703125 0.4462480421875 0.38467168906250004 0.4406197890625 0.3746735296875 0.44311220156250003 0.35152630937499996 0.42910506093749995 0.28183465 0.41863251718749994 0.270124678125 0.40394555781249997 0.2716092265625 0.3937947296875 0.28804555625 0.39606956875 0.3162145828125 0.3790307296875 0.29284009375000003 0.3673119796875 0.2927037328125 0.3482565265625 0.3140027828125 0.34388803125 0.33381728593750004 0.3317070359375 0.3535408828125 0.322893003125 0.3964798796875 0.322199634375 0.4262698125 0.34205260000000004 0.45464338125000003 0.35572447500000004 0.4548024671875 0.378840259375 0.4269288859375 0.383285796875 0.4038043921875 0.396404834375 0.3857471546875 0.3946193421875 0.420490715625 0.402123678125 0.43382159218750005
2 0.474847284375 0.16317489999999998 0.5011124609375 0.209832971875 0.5101847171875 0.2397365390625 0.535665934375 0.2781082640625 0.5433243531249999 0.2848191578125 0.57074514375 0.2818273359375 0.5880785953125 0.2505755828125 0.5890030859375 0.210855671875 0.5600778656250001 0.1525785375 0.5486672796875001 0.1392022046875 0.515849359375 0.1222658890625 0.49490427031250006 0.09884595 0.468575603125 0.096884140625 0.4642071078125 0.11669864375000001 0.474847284375 0.16317489999999998
2 0.3630433625 0.140353165625 0.35413873906250004 0.145215884375 0.359612909375 0.1618340265625 0.3566582515625 0.20484120625000002 0.3722197625 0.24971928281250003 0.4012084734375 0.263300153125 0.4519897234375 0.263891046875 0.46683076406249996 0.2557865140625 0.4697854203125 0.2127793375 0.47587591875 0.2029175375 0.467741703125 0.1746803328125 0.40225994531250003 0.1341877125 0.3817136125 0.135604078125 0.376484115625 0.1504422296875 0.3630433625 0.140353165625
2 0.722894159375 0.1660611875 0.713835453125 0.1775438921875 0.704069828125 0.177430259375 0.695949165625 0.19057932187499999 0.6822002484375 0.19373022812500001 0.673925503125 0.21349927812499997 0.650886759375 0.23806286562499998 0.6462871406249999 0.267807346875 0.6677850656250001 0.3094436125 0.68122581875 0.3195326765625 0.7088777328125 0.3066108796875 0.738867975 0.2771618453125 0.758308634375 0.2393128328125 0.7587708796875 0.21945287656249998 0.7498527046875 0.182929325 0.7451624953125 0.1745975265625 0.722894159375 0.1660611875
2 0.9003066656250001 1 0.9190940031249999 0.9695793453125001 0.9363368624999999 0.9002513140625 0.9308626921875 0.88363316875 0.932095346875 0.8306732859375 0.9274051375000001 0.8223414890624999 0.9108420953125 0.8204933171875 0.9449697109375 0.7811597578125 0.9557368687500001 0.738243484375 0.9782998171875 0.69215358125 0.9787620625000001 0.672293625 0.9722728093749999 0.6573191140625 0.9537566421875001 0.655448215625 0.918845065625 0.6864954296875 0.9072033562499999 0.6830490765625 0.8968984453125 0.7061053921875 0.8779200328125001 0.7240944484375 0.8612935 0.766942540625 0.86044605 0.8033524578125 0.8703793078125001 0.838232378125 0.8879574328125001 0.83843691875 0.9028755140625 0.8270223953125001 0.8827279359375 0.85327506875 0.8661784453125 0.8928131671875 0.8630697062499999 0.9424403296874999 0.8547179187499999 0.9655193734375 0.868711509375 0.9938247609375 0.896207990625 1 0.9003066656250001 1
2 0.8875408625000001 0.520586715625 0.8797283625000001 0.5204958093750001 0.8706696562499999 0.5319785140625 0.8310179312500001 0.640776465625 0.8304016031250001 0.66725640625 0.8357987328125001 0.6871845421875 0.8518995296874999 0.7088926703125 0.8752599875 0.712475384375 0.8832265703125 0.7059463046875 0.8948547281250001 0.6680063859375001 0.9195248828125001 0.6153192234375 0.9248178703125 0.555784809375 0.9353539046874999 0.522798515625 0.92143735625 0.4911831359375 0.9068274390625 0.4893576890625 0.8875408625000001 0.520586715625
2 0.7117139375 0.8562514734375 0.7353055187499999 0.8499042078124999 0.7545150546875 0.821985175 0.760836675 0.8021933984375 0.7562099546875001 0.749165334375 0.7459685328125001 0.7275253890625 0.721978196875 0.70903634375 0.70027625 0.7601026 0.6884804578125 0.7632762343749999 0.6753614203125 0.7813334703125 0.676775259375 0.8045261453125001 0.7117139375 0.8562514734375
2 0.7302529421874999 0.6892672953125001 0.749951825 0.724260846875 0.757841365625 0.7210417609374999 0.7654997828125001 0.7277526546875001 0.7768968187499999 0.6997427140625 0.7909538984375 0.6833518359374999 0.7995368078125 0.6503428171875 0.8096876375000001 0.6339064875 0.8147495015624999 0.58430205 0.8043539984375 0.5692820859375 0.7819315812500001 0.5673657328124999 0.743358428125 0.6298237859375 0.7309463109375 0.6594773625 0.7302529421874999 0.6892672953125001
2 0.7766978203125 0.3305762609375 0.7609187390625001 0.3370144328125 0.7517829921875 0.3518071296875 0.75124370625 0.37497707812500003 0.7671133796875 0.406615184375 0.7809393359375 0.40015428750000004 0.789137040625 0.38369523125 0.8246014546874999 0.370864340625 0.8602064 0.3100271921875 0.8646519359375 0.28690269687500003 0.8573787218750001 0.26364184375 0.8450300937499999 0.24859915156249998 0.8265909671875 0.2434182578125 0.7986308906249999 0.269580028125 0.7766978203125 0.3305762609375
2 0.25540817968749996 0.442047071875 0.2600077984375 0.41230258906249995 0.24015483437500001 0.383929021875 0.2177324171875 0.38201266875 0.208521084375 0.41382946875000004 0.1941543859375 0.42974620625000004 0.1751759734375 0.4477352625 0.1599632796875 0.5137760296875 0.1594239921875 0.536945978125 0.1658362046875 0.55523048125 0.19208783125 0.5605022796875 0.195377753125 0.5870276750000001 0.192577178125 0.623414865625 0.2050028484375 0.6351475640625 0.2186747234375 0.63530665 0.2237501375 0.6270884875 0.226319590625 0.600631271875 0.265277946875 0.5216232546875 0.264865640625 0.45540067500000003 0.25540817968749996 0.442047071875
2 0.14445170937500001 0.382815415625 0.1560934171875 0.38626176874999996 0.170150496875 0.3698708921875 0.19171191406250002 0.3668108921875 0.196787328125 0.3585927265625 0.19568165312500002 0.3221600828125 0.16807967968749998 0.2489993421875 0.1558080921875 0.23064666093750003 0.137214884375 0.23208575312500002 0.124404009375 0.23690301875 0.10917776562499999 0.2615575140625 0.11177432031250001 0.317872840625 0.14445170937500001 0.382815415625
2 0.167794353125 0.093384234375 0.14108048125 0.1079723890625 0.12740860625 0.107813303125 0.07187365625 0.1435868765625 0.06453695312499999 0.16502228593749999 0.0614282140625 0.21464945000000002 0.075575884375 0.23633485156249998 0.09104680312499999 0.24313665156250003 0.1050268421875 0.2300557671875 0.10931829687500001 0.21355125468749997 0.12869546406250001 0.2203985078125 0.1643910015625 0.1976376390625 0.1699286609375 0.16955951875 0.1840627828125 0.14985865 0.18881648281250002 0.113494184375 0.18420331406249998 0.1018523921875 0.167794353125 0.093384234375
2 0.31764066875 0.580173109375 0.32693049687500003 0.5587604265625 0.32949995 0.5323032125 0.3396507796875 0.5158668828125 0.33995894375 0.5026269109375 0.31635381093750004 0.46758790625 0.292055309375 0.46233883281250004 0.2851808515625 0.4639142859375 0.27190773125 0.48859150781249994 0.2687989921875 0.5382186718749999 0.290451 0.5732349515624999 0.31764066875 0.580173109375
2 0.2790700640625 1 0.27683759218750004 0.9902485734375001 0.265349965625 0.9801822343750001 0.2545692578125 0.9817122328125001 0.25663058125 1 0.2790700640625 1