2 0.7628301109375 0.0276071796875 0.7309020312500001 0.078724578125 0.7175767828125 0.13822490468749998 0.7245764046875001 0.1663996125 0.7549557546875 0.1847807 0.7685120875 0.1650002828125 0.7781043999999999 0.1352671640625 0.7913911359375 0.0691468515625 0.7833475515625 0.029381487499999998 0.776463471875 0.021066734375 0.7628301109375 0.0276071796875
2 0.939462753125 0.0071205734375 0.8642578125 0.0050281046875 0.8555746640624999 0.023181931250000003 0.8556902046875001 0.0430418875 0.8763424453124999 0.06798614375 0.8870942609375 0.0697036359375 0.915308659375 0.051663440625 0.939462753125 0.0071205734375
2 1 0.0074722421875 0.9697265625 0.0056417046875000005 0.9649689203125 0.02712825 0.957214190625 0.037012775 0.96150558125 0.10323535312500001 0.9644834109374999 0.11152738124999999 1 0.12633942812500001 1 0.0074722421875
2 0.447132284375 0.315385059375 0.470396471875 0.2857314796875 0.47608253281249996 0.2559756359375 0.443615259375 0.2144132375 0.4201199875 0.2043469046875 0.409522228125 0.229109353125 0.40977256874999995 0.27213925781250003 0.43833359375000003 0.3136789296875 0.447132284375 0.315385059375
2 0.5630639953125 0.2680662609375 0.5717278875 0.24660244062499997 0.577356178125 0.20691661875 0.5624862859374999 0.16876648125 0.5488336687500001 0.17199693437500002 0.531351828125 0.1884446296875 0.5254731953125 0.18510054843749998 0.5216247171874999 0.1950078 0.4923470984375 0.19814734843749998 0.47975770000000006 0.2162784484375 0.4759669921875 0.2361156796875 0.4838372625 0.24609110781250002 0.489946978125 0.28915510312500003 0.498822696875 0.304101203125 0.51541463125 0.3025427921875 0.5630639953125 0.2680662609375
2 0.5324646468750001 0.5475731515625 0.530338209375 0.51777185625 0.524459578125 0.5144277749999999 0.53026118125 0.5045318859375 0.528231028125 0.49128055000000004 0.5233000734375 0.4829771625 0.5077135875 0.48950624375 0.4919537890625 0.466245390625 0.4646292953125 0.4693963015625 0.461824778125 0.4908942109375 0.4660006265625 0.5372568328125 0.4866913796875 0.568821075 0.513087453125 0.5739394640625 0.5218476296875 0.5690256078125 0.5324646468750001 0.5475731515625
2 0.5478433921875 0.3374852015625 0.531463284375 0.3754535328125 0.5478778203125 0.5112541359375 0.552808775 0.519557525 0.5703291296875 0.5097298125 0.5937666296875 0.50986616875 0.606510084375 0.5182150109375 0.618074778125 0.49180324531249997 0.6179592375 0.4719432890625 0.59388625625 0.3625771765625 0.5751871421875 0.33764428281250003 0.5478433921875 0.3374852015625
2 0.591212453125 0.57439398125 0.5792241046875 0.5279859078125 0.568433775 0.519648428125 0.546117265625 0.5443427 0.5444337375 0.590671234375 0.5485325578125 0.6237938875 0.554449703125 0.6337579546875001 0.552631378125 0.6569165390625 0.5686607734375 0.7265172890625 0.5794703609375 0.7381647609375 0.5941091703125 0.736594984375 0.603778509375 0.7201018359375 0.6006851375 0.6919498546875 0.6183980625000001 0.7152220703125 0.6301168125000001 0.7152902484375 0.6485463296875 0.69388324375 0.6523370374999999 0.6740460125000001 0.6639402453125001 0.654254234375 0.6715024046875 0.6112697812500001 0.6713290921875 0.5814798484375 0.6506575953125 0.5532256 0.6369857203125 0.553146059375 0.6146884671875 0.5811503234375001 0.610917015625 0.60429754375 0.5983276171874999 0.6224286453125 0.59910198125 0.5876794046875 0.591212453125 0.57439398125
2 0.526385275 0.845427040625 0.49877192656249997 0.7989280609375 0.4888329890625 0.7690813125 0.46224434687500005 0.730862996875 0.4543933328125 0.7241975578125001 0.4270688390625 0.727348471875 0.41065021875 0.7586968171875 0.41088130156249997 0.7984167281250001 0.4414917375 0.856517725 0.4532875140625 0.8698258750000001 0.486586925 0.8865690078125 0.5082060984375001 0.9098639468749999 0.5345829140625 0.9116723453125 0.538373621875 0.8918351140624999 0.526385275 0.845427040625
2 0.6388151328125 0.8675953609375 0.647575309375 0.8626815062500001 0.64161965 0.8460974546875001 0.643322434375 0.8030789109375001 0.626460903125 0.7582974250000001 0.5970869999999999 0.7448870109375 0.5463057499999999 0.7445915750000001 0.5317054546875 0.7527813359375 0.5300026703125 0.7957998749999999 0.524201065625 0.8056957656250001 0.5331538124999999 0.8338818359375001 0.599791146875 0.8739880875000001 0.62028933125 0.872452403125 0.6250854875 0.8575858421874999 0.6388151328125 0.8675953609375
2 0.2783384 0.8439839453125 0.2870600625 0.8324501046874999 0.2968256875 0.83250691875 0.304561159375 0.8193123999999999 0.31821377812499996 0.8160819484375 0.32591073593750003 0.7962674437499999 0.348227246875 0.7715731734375 0.351960184375 0.7418059640625 0.32925853437499997 0.7003003828125001 0.3155288875 0.6902908640625001 0.288262165625 0.703371753125 0.259138603125 0.7329912421875 0.240805371875 0.7709482109375 0.2409209140625 0.7908081671875 0.250898365625 0.8272748999999999 0.2558293203125 0.8355782890624999 0.2783384 0.8439839453125
2 0.0588344625 0.041715796875 0.043613859375 0.1111347375 0.04956951875 0.12771879218749999 0.0498776296875 0.180678675 0.054808584375000004 0.1889820625 0.07141977656250001 0.1907336421875 0.038447734375 0.23026038437500002 0.02893245 0.2732334765625 0.0077176734375 0.31944838125 0.0078332140625 0.3393083375 0.014755809375000001 0.35424307499999996 0.033320125 0.35600601875 0.0673168703125 0.3247599390625 0.079054878125 0.328138109375 0.0886857046875 0.3050249765625 0.10713447812500002 0.286927965625 0.1225091375 0.24398896250000002 0.1222973109375 0.20757904531250002 0.111352925 0.172761625 0.0937748 0.17265935937500002 0.0791937625 0.184159109375 0.09857095625 0.1577927984375 0.113964871875 0.118163790625 0.11562914375 0.06852526406250001 0.12330684375 0.045400765625 0.108494721875 0.01718060625 0.07720620781250001 0.0103788140625 0.0588344625 0.041715796875
2 0.1034359703125 0.49046410625 0.1112484703125 0.49050955781249994 0.11997013281249999 0.478975715625 0.156444028125 0.3699618546875 0.156289971875 0.3434819140625 0.1503150546875 0.32358786875 0.133588321875 0.30197633125 0.110131565625 0.2985299828125 0.1023575796875 0.3051045171875 0.091836846875 0.34310693593749997 0.0687074578125 0.3959304640625 0.065147834375 0.4554876046875 0.055574778125 0.48853071718749996 0.07040615781250001 0.52006086875 0.0850642234375 0.5218010875 0.1034359703125 0.49046410625
2 0.2694405078125 0.15382206874999999 0.246041521875 0.1603056984375 0.22765051875000003 0.18833268593750002 0.2219066859375 0.2081585546875 0.22807417187499998 0.2611525265625 0.23894152968750001 0.2827299734375 0.26346150625 0.30107697031249997 0.28367083593750003 0.249891396875 0.295370328125 0.24664957968749998 0.307959728125 0.2285184796875 0.305871803125 0.20533716875 0.2694405078125 0.15382206874999999
2 0.2557645484375 0.320891475 0.2350545375 0.2860172421875 0.22726129374999998 0.2892817828125 0.21941027968750001 0.28261634375 0.2088317765625 0.310688784375 0.1952561875 0.327159209375 0.18763625625 0.3602136828125 0.1779669171875 0.37670683125000004 0.174349521875 0.42633399531249994 0.185178365625 0.44129145937500003 0.20764893125 0.4430771296875 0.24439242343749998 0.3804031671875 0.2559378609375 0.3506814078125 0.2557645484375 0.320891475
2 0.21976799218749998 0.6798041015625 0.23535447812500002 0.6732750203125 0.244056884375 0.6584311859375 0.24392208593750003 0.6352612375 0.22713758125 0.6037197234375 0.2135042203125 0.6102601671875 0.20578800625000002 0.626764678125 0.1707087828125 0.639800115625 0.13688535 0.7008361296875 0.1331138984375 0.7239833515625 0.14106119687500002 0.74719875 0.1538431671875 0.7621675781249999 0.1724267390625 0.767240515625 0.199616434375 0.7409196546875 0.21976799218749998 0.6798041015625
2 0.7376390578125 0.5653162234375 0.7339061203125 0.5950834328125 0.7545776171874999 0.62333768125 0.7770481828125 0.625123353125 0.785331 0.5932572796875 0.79922989375 0.5772591312500001 0.81767866875 0.5591621203125 0.830965403125 0.4930418078125 0.8308306046875 0.469871859375 0.8238887546875 0.45162712968749996 0.79749268125 0.446508740625 0.793432375 0.42000607187499994 0.7951736734375 0.38360751875 0.7824109609375001 0.371948684375 0.7687390859375001 0.37186914375 0.7639044171875 0.380115715625 0.762105346875 0.4065842953125 0.7254581390625 0.485808221875 0.7277964046875 0.5520194390625 0.7376390578125 0.5653162234375
2 0.8502807421874999 0.6238944671875 0.838542734375 0.6205162953125 0.82496714375 0.63698671875 0.8035020265625 0.64017171875 0.79866735625 0.64841829375 0.8008323078125 0.6848395734375 0.8305528359375 0.7578298593749999 0.8433540624999999 0.7761086749999999 0.8618991218750001 0.7745616281250001 0.8745655484375 0.7696704984375 0.889069559375 0.744930775 0.8848359406249999 0.6886381765625 0.8502807421874999 0.6238944671875
2 0.8353641640625 0.9134222390625 0.8616446953124999 0.8986806734374999 0.8753165703124999 0.8987602140625001 0.92979224375 0.86266845625 0.9365030109375001 0.8411932734375 0.9381672812499999 0.7915547453125 0.9233936734375 0.7699545718749999 0.907730159375 0.7632436828125 0.8941353124999999 0.7764041125000001 0.890325346875 0.7929313515625 0.8707555828125001 0.7861977359375001 0.8357341328125001 0.8091631515625 0.8310150046875 0.8372696828124999 0.8174586703125 0.857050096875 0.813764246875 0.8934372906249999 0.818714459375 0.9050506734375 0.8353641640625 0.9134222390625
2 0.6714102046875 0.42757087031249996 0.6627463125 0.449034690625 0.66094724375 0.47550326875 0.651277903125 0.49199641562499996 0.65135493125 0.5052363875 0.6759711921875 0.540133346875 0.700414140625 0.5452403734375 0.70724045 0.5436251484375 0.719791334375 0.5188740609375 0.7214556046875 0.469235534375 0.69879246875 0.43434993593750004 0.6714102046875 0.42757087031249996
2 0.7197265625 0.004187246875 0.697275253125 0.00571156875 0.700272340625 0.017313587499999998 0.7120488609375 0.02731174375 0.7227814203125 0.02571924375 0.7197265625 0.004187246875