2 0.7626953125 0.023169948437499997 0.73046875 0.0744748359375 0.716796875 0.134054703125 0.7236328125 0.16218964062500002 0.75390625 0.1803946015625 0.767578125 0.16053464374999998 0.77734375 0.1307447109375 0.791015625 0.0645448578125 0.783203125 0.0248249453125 0.7763671875 0.0165499625 0.7626953125 0.023169948437499997
2 0.8759765625 0.0628898609375 0.88671875 0.0645448578125 0.9150390625 0.0463398984375 0.939453125 0.0016549953124999999 0.8642578125 0 0.85546875 0.018204959375 0.85546875 0.038064915625 0.8759765625 0.0628898609375
2 1 0.0016549953124999999 0.9697265625 0 0.96484375 0.021514953125 0.95703125 0.0314449296875 0.9609375 0.0976447828125 0.9638671875 0.10591976562500001 1 0.12081473125 1 0.0016549953124999999
2 0.408203125 0.2697644015625 0.4365234375 0.31113931093749997 0.4453125 0.3127943078125 0.46875 0.283004371875 0.474609375 0.2532144390625 0.4423828125 0.21183952968750003 0.4189453125 0.2019095515625 0.408203125 0.22673449687499997 0.408203125 0.2697644015625
2 0.5302734375 0.1853595890625 0.5244140625 0.182049596875 0.5205078125 0.1919795734375 0.4912109375 0.19528956718749999 0.478515625 0.21349452656249998 0.474609375 0.23335448281249999 0.482421875 0.243284459375 0.48828125 0.286314365625 0.4970703125 0.3012093328125 0.513671875 0.2995543359375 0.5615234375 0.2647994125 0.5703125 0.243284459375 0.576171875 0.2035645484375 0.5615234375 0.1654996328125 0.5478515625 0.1688096265625 0.5302734375 0.1853595890625
2 0.525390625 0.48822391718749997 0.5205078125 0.47994893593750004 0.5048828125 0.486568921875 0.4892578125 0.46339897187499995 0.4619140625 0.4667089640625 0.458984375 0.48822391718749997 0.462890625 0.5345638140625 0.4833984375 0.5660087453125 0.509765625 0.570973734375 0.5185546875 0.5660087453125 0.529296875 0.5444937921874999 0.52734375 0.514703859375 0.521484375 0.5113938671875 0.52734375 0.5014638890625001 0.525390625 0.48822391718749997
2 0.529296875 0.3723741734375 0.544921875 0.5080838734374999 0.5498046875 0.5163588546875 0.5673828125 0.5064288765625 0.5908203125 0.5064288765625 0.603515625 0.514703859375 0.615234375 0.48822391718749997 0.615234375 0.4683639609375 0.591796875 0.359134203125 0.5732421875 0.3343092578125 0.5458984375 0.3343092578125 0.529296875 0.3723741734375
2 0.6484375 0.6702735140625 0.66015625 0.6504135578125 0.66796875 0.607383653125 0.66796875 0.5775937203125 0.6474609375 0.5494587828124999 0.6337890625 0.5494587828124999 0.611328125 0.5775937203125 0.607421875 0.6007636671875 0.5947265625 0.618968628125 0.595703125 0.5842137046875 0.587890625 0.570973734375 0.576171875 0.5246338374999999 0.5654296875 0.5163588546875 0.54296875 0.5411838 0.541015625 0.5875236968750001 0.544921875 0.620623625 0.55078125 0.630553603125 0.548828125 0.65372355 0.564453125 0.723233396875 0.5751953125 0.734818371875 0.58984375 0.7331633734375 0.599609375 0.7166134109375 0.5966796875 0.6884784734375 0.6142578125 0.7116484234375 0.6259765625 0.7116484234375 0.64453125 0.6901334703125 0.6484375 0.6702735140625
2 0.4501953125 0.7215783984375 0.4228515625 0.7248883937499999 0.40625 0.7563333234375 0.40625 0.796053234375 0.4365234375 0.8539781062499999 0.4482421875 0.8672180781250001 0.4814453125 0.8837680406249999 0.5029296875 0.9069379874999999 0.529296875 0.9085929859374999 0.533203125 0.8887330296875 0.521484375 0.8423931328125001 0.494140625 0.796053234375 0.484375 0.7662633015625 0.4580078125 0.7281983859375 0.4501953125 0.7215783984375
2 0.6220703125 0.7546783265625 0.5927734375 0.74143835625 0.5419921875 0.74143835625 0.52734375 0.7497133390624999 0.525390625 0.7927432421875 0.51953125 0.802673221875 0.5283203125 0.8308081578125 0.5947265625 0.8705280703125 0.615234375 0.868873075 0.6201171875 0.8539781062499999 0.6337890625 0.863908084375 0.642578125 0.8589430953124999 0.63671875 0.8423931328125001 0.638671875 0.7993632265625 0.6220703125 0.7546783265625
2 0.34375 0.7695732937499999 0.34765625 0.739783359375 0.3251953125 0.6984084515625 0.3115234375 0.6884784734375 0.2841796875 0.70171844375 0.2548828125 0.731508378125 0.236328125 0.7695732937499999 0.236328125 0.78943325 0.24609375 0.82584316875 0.2509765625 0.8341181499999999 0.2734375 0.8423931328125001 0.2822265625 0.8308081578125 0.2919921875 0.8308081578125 0.2998046875 0.8175681875 0.3134765625 0.8142581953124999 0.3212890625 0.7943982390625 0.34375 0.7695732937499999
2 0.12109375 0.2068745421875 0.1103515625 0.17211961874999998 0.0927734375 0.17211961874999998 0.078125 0.1837045921875 0.09765625 0.1572246515625 0.11328125 0.1175047390625 0.115234375 0.06785485 0.123046875 0.0446849 0.1083984375 0.0165499625 0.0771484375 0.009929978124999999 0.05859375 0.0413749078125 0.04296875 0.11088475312499999 0.048828125 0.12743471875 0.048828125 0.1803946015625 0.0537109375 0.18866958125 0.0703125 0.1903245765625 0.037109375 0.23004448906250002 0.02734375 0.2730743953125 0.005859375 0.3194142921875 0.005859375 0.3392742484375 0.0126953125 0.354169215625 0.03125 0.3558242109375 0.0654296875 0.3243792796875 0.0771484375 0.3276892734375 0.0869140625 0.304519325 0.10546875 0.286314365625 0.12109375 0.243284459375 0.12109375 0.2068745421875
2 0.1484375 0.322724284375 0.1318359375 0.3012093328125 0.1083984375 0.2978993390625 0.1005859375 0.304519325 0.08984375 0.34258424062500004 0.06640625 0.3955441234375 0.0625 0.45512399062500003 0.052734375 0.48822391718749997 0.0673828125 0.5196688468749999 0.08203125 0.5213238437500001 0.1005859375 0.48987891406250006 0.1083984375 0.48987891406250006 0.1171875 0.47829393906249995 0.154296875 0.36906418125 0.154296875 0.34258424062500004 0.1484375 0.322724284375
2 0.2451171875 0.1588796484375 0.2265625 0.18701458437500001 0.220703125 0.2068745421875 0.2265625 0.259834425 0.2373046875 0.281349375 0.26171875 0.2995543359375 0.2822265625 0.24824945 0.2939453125 0.24493945625000002 0.306640625 0.22673449687499997 0.3046875 0.2035645484375 0.2685546875 0.1522596640625 0.2451171875 0.1588796484375
2 0.2177734375 0.281349375 0.20703125 0.3094843125 0.193359375 0.32603427812499997 0.185546875 0.359134203125 0.17578125 0.375684165625 0.171875 0.42533405625 0.1826171875 0.44022902343750003 0.205078125 0.44188402031249996 0.2421875 0.3789941609375 0.25390625 0.349204225 0.25390625 0.3194142921875 0.2333984375 0.2846593703125 0.2255859375 0.2879693625 0.2177734375 0.281349375
2 0.2236328125 0.602418665625 0.2099609375 0.60903865 0.2021484375 0.6255886125 0.1669921875 0.6388285828125 0.1328125 0.7000634484375 0.12890625 0.723233396875 0.13671875 0.7464033437500001 0.1494140625 0.7612983125 0.16796875 0.7662633015625 0.1953125 0.739783359375 0.2158203125 0.6785484953124999 0.2314453125 0.6719285109375 0.240234375 0.65703354375 0.240234375 0.6338635953125 0.2236328125 0.602418665625
2 0.8212890625 0.446849009375 0.794921875 0.44188402031249996 0.791015625 0.415404078125 0.79296875 0.3789941609375 0.7802734375 0.3674091859375 0.7666015625 0.3674091859375 0.76171875 0.375684165625 0.759765625 0.40216410781249995 0.72265625 0.48160393125 0.724609375 0.547803784375 0.734375 0.5610437546875 0.73046875 0.590833690625 0.7509765625 0.618968628125 0.7734375 0.620623625 0.7819059953124999 0.588708284375 0.7958984375 0.5726287296875 0.814453125 0.5544237703125 0.828125 0.48822391718749997 0.828125 0.46505396875000005 0.8212890625 0.446849009375
2 0.8212890625 0.6322085984375 0.7998046875 0.635518590625 0.794921875 0.6437935734375 0.796875 0.6802034906250001 0.826171875 0.75302333125 0.8388671875 0.7712282890625 0.857421875 0.7695732937499999 0.8701171875 0.7646083046875 0.884765625 0.739783359375 0.880859375 0.6835134859374999 0.8466796875 0.618968628125 0.8349609375 0.615658634375 0.8212890625 0.6322085984375
2 0.9189453125 0.7646083046875 0.9033203125 0.7579883187500001 0.8896484375 0.7712282890625 0.8857421875 0.7877782546875001 0.8662109375 0.7811582687499999 0.8310546875 0.8043282171874999 0.826171875 0.8324631546875001 0.8125 0.8523231093750001 0.80859375 0.8887330296875 0.8134765625 0.9003180046875 0.830078125 0.9085929859374999 0.8564453125 0.8936980203125 0.8701171875 0.8936980203125 0.9248046875 0.8572881000000001 0.931640625 0.835773146875 0.93359375 0.78612325625 0.9189453125 0.7646083046875
2 0.66015625 0.44519401406250003 0.658203125 0.4716739546875 0.6484375 0.48822391718749997 0.6484375 0.5014638890625001 0.6728515625 0.5362188109375 0.697265625 0.5411838 0.7041015625 0.5395288046875 0.716796875 0.514703859375 0.71875 0.46505396875000005 0.6962890625 0.4302990453125 0.6689453125 0.4236790609375 0.66015625 0.44519401406250003
2 0.7197265625 0 0.697265625 0.0016549953124999999 0.7001953125 0.013239970312499998 0.7119140625 0.023169948437499997 0.72265625 0.021514953125 0.7197265625 0