513.522494 338.139678 512.6124240897441 286.0018113706773 251.30338099999994 290.56297800000004 252.21345091025592 342.7008446293228 capped-brood-cells 0
340.263694 288.7289130000001 338.32456858843796 177.63648950229663 8.718252000000001 183.38978900000004 10.657377411562006 294.4822124977035 wax-sealed-honey-cells 0
209.32490995800924 407.0777898250543 188.7554640780857 400.1668417582131 181.91070124551035 420.5392967794131 202.48014712543386 427.45024484625435 capped-drone-cells 0
171.14975948344127 411.6186544627932 170.54343027238272 395.68404832337603 148.6109990349334 396.5186013466794 149.21732824599195 412.4532074860966 capped-drone-cells 0
249.37323994485104 448.5966972131518 238.33686866492076 428.09359334735177 221.6686854690618 437.0657109113778 232.70505674899212 457.56881477717786 capped-drone-cells 0
247.20738954140558 506.50520480332995 246.68572059145453 484.0921224033127 229.42245501250835 484.49392834265495 229.94412396245937 506.9070107426722 capped-drone-cells 0
245.42034993287194 509.51149320307263 225.16839062400888 503.2255541046426 218.3218043283064 525.2837994827782 238.5737636371695 531.5697385812083 capped-drone-cells 0
296.79674134920765 545.7121312748627 266.59297868173473 531.4378294109142 245.07518018819314 576.9684959906151 275.278942855666 591.2427978545635 queen-cell 0
33.55046415862327 512.861490451398 31.345696834479597 494.9394221019527 13.87995778225671 497.0880519366086 16.08472510640039 515.010120286054 capped-drone-cells 0
301.131524 505.614054 297.4369927827649 346.8819236585582 250.56333999999993 347.97291999999993 254.2578712172351 506.70505034144173 capped-brood-cells 0
430.7033789999999 499.293578 429.42430151694555 426.0152795475467 300.5225520000001 428.265268 301.80162948305446 501.5435664524533 capped-brood-cells 0
498.9984719999999 288.754752 497.65906381345974 212.02010255666707 413.42749200000003 213.49036999999996 414.7669001865401 290.2250194433329 capped-brood-cells 0
623.1750930000001 250.165593 620.6548315994298 141.88486833502836 532.328507 143.940686 534.8487684005702 252.22141066497164 empty-cells 0
524.912746 171.44124400000004 524.3841331784896 141.15702562493186 476.678802 141.98972499999996 477.20741482151027 172.27394337506814 empty-cells 0
603.8719269999999 324.85958400000004 603.0590565497295 278.29028387050454 534.0795539999999 279.49432599999994 534.8924244502704 326.0636261294954 empty-cells 0
523.5330700000001 463.67999699999996 522.0746869942932 401.02192828330254 480.8596970000001 401.9812180000001 482.31808000570686 464.63928671669754 empty-cells 0
478.83384100000006 526.6569110000002 477.60042423446396 473.66429663444774 433.492111 474.690929 434.7255277655361 527.6835433655524 empty-cells 0
420.3224210000001 573.97589 419.2568150975445 512.9274054966087 338.188503 514.342459 339.2541089024555 575.3909435033913 empty-cells 0
339.146531 601.5794549999999 338.06324227498357 555.0369131510982 301.7755849999999 555.8815169999999 302.85887372501634 602.4240588489016 empty-cells 0
204.65243 573.0619529999999 201.27485293140006 427.94746444088923 109.50213799999999 430.0834980000001 112.87971506859996 575.1979865591106 empty-cells 0
111.104182 546.1689730000002 109.49732195348008 477.13171524607833 59.286978000000005 478.3003739999999 60.89383804651989 547.3376317539219 empty-cells 0
124.041026 423.911888 122.56629880733728 360.55162576827956 63.589141999999995 361.92433500000004 65.06386919266274 425.28459723172045 empty-cells 0
330.175333 266.244375 329.8261963474693 246.2423437835272 266.02525699999995 247.355993 266.37439365253067 267.35802421647276 empty-cells 0
285.001282 283.8671560000001 284.6847049635341 265.73045721327645 242.64090300000004 266.46433400000006 242.95748003646594 284.6010327867237 empty-cells 0
566.6988001732803 382.70967110274205 563.7226180705742 338.63543155164746 522.3834604867886 341.4269229578505 525.3596425894949 385.5011625089451 queen-cell 0
413.396833 271.51218200000005 412.78538519917277 236.48233869146173 360.074158 237.40241600000002 360.6856058008273 272.4322593085383 capped-brood-cells 0
492.007059 381.93858 491.31101961839465 342.06253056920355 442.10988499999996 342.92134 442.80592438160545 382.79738943079644 capped-brood-cells 0
366.969031 428.1207089999999 366.3465697790476 392.4599446349128 297.183673 393.667188 297.80613422095234 429.3279523650872 capped-brood-cells 0
329.175396 530.686928 328.727224035316 505.01117761371563 286.44756100000006 505.74917200000004 286.8957329646841 531.4249223862844 capped-brood-cells 0