395.558857 294.829714 134.55314300000006 294.829714 134.55314300000006 346.96228599999995 395.558857 346.96228599999995 capped-brood-cells 0
635.552 183.46742900000007 306.592 183.46742900000007 306.592 294.54857100000004 635.552 294.5485710000001 wax-sealed-honey-cells 0
467.3796099981565 423.9368034228088 460.8267981663839 403.41714234680444 440.4997505754698 409.9084443944055 447.0525624072425 430.42810547040983 capped-drone-cells 0
500.87116399494533 399.34868907821453 478.95281263840155 398.3524000830015 478.2326946076098 414.19499203464784 500.1510459641536 415.1912810298609 capped-drone-cells 0
428.07672245000924 451.3707081313473 416.7647085395936 432.05547515554974 399.7859008938382 441.99915579930473 411.09791480425383 461.3143887751023 capped-drone-cells 0
421.9428570000001 488.25325 404.6772540000001 488.25325 404.6772540000001 510.680479 421.9428570000001 510.680479 capped-drone-cells 0
433.9900296279871 528.723776736348 426.53496180310367 506.917491517029 406.4952928835054 513.7685938245169 413.95036070838887 535.5748790438358 capped-drone-cells 0
393.60000000000014 544.457143 357.0285710000001 544.457143 357.0285710000001 591.085714 393.60000000000014 591.085714 queen-cell 0
637.6961812704149 497.0953327364475 620.179914993138 495.3437055339673 618.383026182041 513.312587748897 635.8992924593178 515.0642149513774 capped-drone-cells 0
397.63428600000003 352.203429 350.754286 352.203429 350.75428600000004 510.6628569999999 397.6342860000001 510.6628569999999 capped-brood-cells 0
349.56342900000004 433.33485699999994 221.08800000000005 433.33485699999994 221.08800000000005 506.6057139999999 349.5634290000001 506.6057139999999 capped-brood-cells 0
231.707429 220.617143 147.922286 220.617143 147.92228600000004 297.344 231.70742900000005 297.344 capped-brood-cells 0
111.23657100000003 153.170286 22.89828600000002 153.170286 22.898286000000027 260.937143 111.23657100000003 260.937143 empty-cells 0
166.818286 150.249143 119.28914300000002 150.249143 119.28914300000002 180.530286 166.818286 180.530286 empty-cells 0
112.64000000000003 288.699429 43.93142900000002 288.699429 43.93142900000004 335.264 112.64000000000003 335.264 empty-cells 0
168.68800000000005 410.208 127.46742900000004 410.208 127.46742900000004 472.626286 168.68800000000005 472.626286 empty-cells 0
217.72800000000007 482.06171400000005 173.61371400000002 482.06171400000005 173.61371400000002 534.797714 217.72800000000007 534.797714 empty-cells 0
313.91542900000013 520.034286 233.20228600000004 520.034286 233.20228600000004 581.076571 313.91542900000013 581.076571 empty-cells 0
351.2800000000001 560.921143 314.98742900000013 560.921143 314.98742900000013 607.252571 351.2800000000001 607.252571 empty-cells 0
540.548571 431.8194290000001 448.763429 431.819429 448.76342900000003 576.4 540.548571 576.4 empty-cells 0
591.865143 479.14057100000014 541.648 479.14057100000014 541.648 547.885714 591.865143 547.885714 empty-cells 0
584.857143 362.8868570000002 525.872 362.8868570000002 525.872 425.9040000000001 584.857143 425.9040000000001 empty-cells 0
379.837714 251.89714300000006 316.153143 251.89714300000006 316.153143 271.897143 379.837714 271.897143 empty-cells 0
403.657143 270.589714 361.71885700000007 270.589714 361.71885700000007 288.724571 403.657143 288.724571 empty-cells 0
126.23035170612116 350.9625623025711 85.18677011639198 347.36224859781134 81.3476921646689 391.1277429580835 122.3912737543981 394.72805666284336 queen-cell 0
285.595429 243.58857100000006 233.08800000000005 243.58857100000006 233.08800000000005 278.614857 285.595429 278.614857 capped-brood-cells 0
206.04800000000006 350.496 157.07885700000006 350.496 157.07885700000006 390.368 206.04800000000006 390.368 capped-brood-cells 0
352.096 398.692571 283.140571 398.692571 283.140571 434.349714 352.096 434.349714 capped-brood-cells 0
365.4354290000001 510.541714 323.3051430000001 510.541714 323.3051430000001 536.214857 365.4354290000001 536.214857 capped-brood-cells 0