338.0577750000001 244.44114300000007 285.96930302304963 242.92552338584778 278.330713 505.4468570000001 330.41918497695053 506.9624766141524 capped-brood-cells 0
456.40314700000005 4.448000000000057 345.41597084762515 1.218603139488419 335.75024699999994 333.408 446.73742315237484 336.63739686051167 wax-sealed-honey-cells 0
231.24826059296902 179.1341377483836 210.91730811922577 172.58069468364818 204.31518482859317 193.0626693528008 224.64613730233646 199.61611241753621 capped-drone-cells 0
236.96499709671497 161.25453581201305 236.60621069669236 139.32051276488764 220.73513267787047 139.58012437077574 221.09391907789308 161.51414741790114 capped-drone-cells 0
201.38040125645313 228.22940279070832 192.9584472776575 211.4774789640324 171.96136084364235 222.0336692539186 180.38331482243794 238.7855930805945 capped-drone-cells 0
145.16744 218.057143 122.81097200000004 218.057143 122.81097200000004 235.322746 145.16744000000003 235.322746 capped-drone-cells 0
126.7450592946918 213.42144233197376 104.97627692442302 205.9044193837829 98.00155024080053 226.10274900367943 119.7703326110693 233.61977195187023 capped-drone-cells 0
91.0185755525196 249.00360132132965 45.77167551933055 236.60617896668694 36.28094392317041 271.2445232522206 81.52784395635945 283.6419456068633 queen-cell 0
143.290129 2.7428570000000176 125.044319 2.742857000000016 125.044319 20.571429000000016 143.290129 20.571429000000016 capped-drone-cells 0
280.744449 242.36571400000003 120.92095200000003 242.365714 120.92095200000003 289.245714 280.744449 289.245714 capped-brood-cells 0
198.21430200000006 290.4365710000001 125.00542634053798 288.3064103833687 121.20519200000004 418.912 194.41406765946212 421.04216061663135 capped-brood-cells 0
407.5027570000001 408.29257100000007 330.8408048666523 406.06193571369477 328.3380010000001 492.07771400000007 404.99995313334796 494.3083492863054 capped-brood-cells 0
471.44427000000013 528.763429 361.1070310000001 528.763429 361.1070310000001 617.101714 471.44427000000013 617.101714 empty-cells 0
475.9826750000001 473.1817140000001 445.7271474574702 472.3013679436104 444.3185750000001 520.7108570000001 474.57410254253 521.5912030563899 empty-cells 0
335.955962 527.36 289.43078093306934 526.0062556488516 287.392176 596.068571 333.91735706693066 597.4223153511484 empty-cells 0
216.07822100000007 471.312 152.46053900000007 471.312 152.46053900000007 512.532571 216.07822100000007 512.532571 empty-cells 0
145.65142600000004 422.27199999999993 91.63183100000006 422.27199999999993 91.63183100000006 466.386286 145.65142600000004 466.386286 empty-cells 0
110.47762200000007 326.084571 49.48697396001698 324.3099240902603 47.08682400000002 406.7977139999999 108.0774720399831 408.5723609097396 empty-cells 0
70.67796300000003 288.72 23.29052900000004 288.72 23.290529000000042 325.012571 70.67796300000003 325.012571 empty-cells 0
205.28683 99.45142900000002 58.035584000000014 99.451429 58.03558400000003 191.236571 205.28683 191.236571 empty-cells 0
159.458848 48.13485700000001 89.252535 48.13485700000001 89.252535 98.35200000000002 159.458848 98.35200000000003 empty-cells 0
275.50865 55.14285700000003 210.775214 55.14285700000003 210.775214 114.12800000000003 275.50865 114.12800000000003 empty-cells 0
380.53290800000013 260.16228600000005 360.5498264216526 259.5808376359483 358.67987600000004 323.84685700000006 378.66295757834763 324.4283053640518 empty-cells 0
362.53341100000006 236.34285700000007 344.4138946415484 235.81563313342681 343.178275 278.28114300000004 361.2977913584517 278.8083668665733 empty-cells 0
276.0223921051964 515.9330075315241 231.8761153990283 511.9090643794522 228.08293565970683 553.5236588306922 272.2292123658749 557.547601982764 queen-cell 0
386.09930900000006 354.40457100000003 351.10265246053467 353.3862723926246 349.545213 406.9119999999999 384.54186953946544 407.93029860737533 capped-brood-cells 0
276.87728600000014 433.952 237.03901453131715 432.7928251267174 235.58043 482.9211429999999 275.418701468683 484.0803178732825 capped-brood-cells 0
232.93027800000007 287.90400000000005 197.30329811928038 286.8673607938439 195.26673700000003 356.859429 230.89371688071975 357.8960682061562 capped-brood-cells 0
121.46927300000007 274.56457100000006 95.8178474430184 273.8181908201495 94.57026400000004 316.69485700000007 120.22168955698172 317.44123717985065 capped-brood-cells 0