554.347561 482.100873 476.1469879245585 481.64591447100804 475.656998 565.867861 553.8575710754416 566.3228195289919 wax-sealed-honey-cells 0
146.78266200585213 562.8829621386277 146.258097 472.71786599999996 54.55293199414784 473.2513908613721 55.077496999999994 563.4164869999998 wax-sealed-honey-cells 0
98.8842020000001 212.3831 51.530607674928646 212.1076049931602 50.11508499999997 455.41541399999994 97.46867932507143 455.6909090068398 nectar 0
517.9105486822299 495.9523956593579 517.8427130000001 484.292385 494.7150363177702 484.4269373406422 494.78287200000005 496.0869480000001 nectar 0
475.69512100000003 453.52904200000006 461.70780089031524 453.4476662280906 461.42275800000004 502.442423 475.41007810968483 502.52379877190947 bee-larvae 0
477.4867258791123 449.5715519762248 477.40267500000004 435.12453 461.29110112088773 435.2182650237752 461.37515200000007 449.66528700000003 bee-larvae 0
481.53927823012305 329.8032281271128 481.47062299999993 318.002427 465.2063747698769 318.0970498728872 465.27503 329.897851 bee-larvae 0
447.479791 325.6079290000001 432.2989526929565 325.5196095061676 432.174736 346.87065500000006 447.3555743070434 346.95897449383256 bee-larvae 0
466.88384300000007 371.91666900000007 456.3949530614859 371.85564621495587 456.327361 383.4736950000001 466.81625093851426 383.5347177850443 bee-larvae 0
458.127687 352.056284 450.4962036258886 352.01188540329724 450.42405799999995 364.412686 458.0555413741114 364.45708459670277 bee-larvae 0
509.665425 401.05077800000004 492.63404497003455 400.9516919814567 492.50751500000007 422.70027000000005 509.53889502996554 422.7993560185434 pollen 0
526.404152083755 396.8087349974511 526.328181 383.75041899999997 496.76716691624495 383.92240000254895 496.84313799999995 396.98071600000003 pollen 0
522.2471060000001 366.266755 510.2031213352847 366.19668502100126 510.088025 385.98002900000006 522.1320096647154 386.0500989789988 pollen 0
510.814295 321.0964000000001 502.01275783404935 321.0451943786333 501.94098 333.38281000000006 510.74251716595074 333.4340156213668 capped-brood-cells 0
476.279614 282.294637 465.2894249974267 282.23069820227124 465.187386 299.7697810000001 476.17757500257323 299.83371979772886 capped-brood-cells 0
429.09831799999995 299.338162 422.44490140456867 299.29945404667376 422.397518 307.444073 429.0509345954313 307.48278095332626 capped-brood-cells 0
443.952049 279.841203 437.24636994454806 279.8021908536859 437.18109200000004 291.0226180000001 443.8867710554519 291.0616301463142 capped-brood-cells 0
432.00312400000007 272.78216100000003 426.2061834351618 272.7484352994206 426.15996499999994 280.692689 431.9569055648383 280.7264147005794 capped-brood-cells 0
410.67696500000005 327.0412010000001 403.7259685633219 327.0007608689947 403.68167299999993 334.6144430000001 410.63266943667816 334.6548831310055 capped-brood-cells 0
410.2507800000001 305.78520000000003 404.3781115557464 305.75103386690387 404.30620600000003 318.11056800000006 410.17887444425367 318.1447341330962 capped-brood-cells 0
429.23038099999997 352.1740060000001 420.0022057215193 352.12031752859025 419.94044199999996 362.736497 429.16861727848067 362.7901854714098 capped-brood-cells 0
427.67758000000003 335.5452030000001 421.2428156109279 335.5077667045184 421.18813 344.90744200000006 427.62289438907214 344.9448782954817 capped-brood-cells 0
381.8228069046314 369.0620520997877 381.716938 350.864884 361.90732709536866 350.9801339002123 362.01319600000005 369.177302 capped-brood-cells 0
374.06789200000003 323.31351900000004 365.65246169407203 323.2645596081142 365.599541 332.36088200000006 374.01497130592804 332.4098413918859 capped-brood-cells 0
357.8698861799704 371.1813397999806 357.744053 349.5524039999999 325.14037782002964 349.74208620001934 325.266211 371.37102200000004 capped-brood-cells 0
359.4477260000001 340.43160000000006 348.9300380086685 340.3704102894077 348.85895400000004 352.58879500000006 359.3766419913316 352.64998471059243 capped-brood-cells 0
331.7948670000001 423.10488700000013 323.64608564717633 423.057478819564 323.577135 434.9090990000001 331.7259163528239 434.95650718043623 capped-brood-cells 0
336.84250233510676 406.12089500758873 336.788275 396.799926 327.20781566489325 396.85566299241134 327.262043 406.17663200000004 capped-brood-cells 0
349.88693600000005 414.41672100000005 341.63896035200685 414.3687362683716 341.571912 425.8935100000001 349.8198876479932 425.9414947316285 capped-brood-cells 0
368.85969600000004 386.44568400000014 361.4031347781439 386.4023033329483 361.323806 400.03786800000006 368.7803672218562 400.0812486670519 capped-brood-cells 0
387.0626260000001 377.49448200000006 379.92604212600884 377.4529622774299 379.859589 388.87520400000005 386.9961728739913 388.91672372257017 capped-brood-cells 0
406.8022470000001 387.94088300000004 398.0241742372132 387.8898138775153 397.9633820000001 398.3391550000001 406.74145476278704 398.3902241224849 capped-brood-cells 0
425.4509160000001 453.5357640000001 416.20034223332686 453.4819457023105 416.14353900000015 463.2455860000001 425.3941127666734 463.29940429768965 capped-brood-cells 0
408.90706800000004 423.263441 389.9920814808743 423.1533968962556 389.858741 446.07269299999996 408.7737275191258 446.18273710374444 capped-brood-cells 0
459.7853594696181 437.1269604780076 459.6900930000001 420.75206900000006 439.1560875303821 420.8715325219925 439.251354 437.24642400000005 capped-brood-cells 0
457.68590800000004 520.6691470000001 449.0379594327045 520.6188350266216 448.969115 532.452263 457.61706356729565 532.5025749733785 capped-brood-cells 0
410.7390900000001 549.0189260000001 395.2916027382684 548.9290553854639 395.15897200000006 571.7264030000001 410.60645926173174 571.8162736145363 pollen 0
277.7898220000001 535.66408 269.7828980399952 535.6174971323944 269.705086 548.992266 277.7120099600049 549.0388488676056 bee-larvae 0
234.52102800000006 533.6230879999999 209.802701335478 533.4792816759012 209.65519200000003 558.834105 234.37351866452212 558.9779113240987 nectar 0
151.72589096862094 473.2220372595884 151.531775 439.85629599999993 117.13819703137904 440.0563917404115 117.33231299999998 473.422133 bee-larvae 0
145.58438600000005 401.605792 136.5769957699956 401.5533885046849 136.5023180000001 414.38939900000014 145.50970823000455 414.4418024953153 bee-larvae 0
168.9280070000001 366.0591820000001 160.38031864254438 366.00945326764423 160.31232800000004 377.696114 168.86001635745575 377.7458427323558 bee-larvae 0
115.55356500000005 367.018483 108.54603938231058 366.9777148080773 108.48013600000003 378.305655 115.48766161768951 378.34642319192267 bee-larvae 0
132.107911 331.868159 123.79594069350844 331.8198013147881 123.73868900000002 341.66052 132.05065930649158 341.7088776852119 bee-larvae 0
123.97053600000005 367.99428000000006 96.45986536698618 367.834228169164 96.29735700000005 395.767143 123.80802763301392 395.9271948308361 pollen 0
83.02100400000003 369.82526399999995 64.25534036760267 369.71608849426207 64.04212400000002 406.36484600000006 82.80778763239739 406.4740215057379 pollen 0
99.78459500000002 322.6341300000001 82.86627331376798 322.5357021510593 82.69843100000004 351.385365 99.6167526862321 351.4837928489408 pollen 0
116.88918847253743 412.31238000253575 116.794397 396.019083 96.49280752746259 396.13719399746435 96.58759900000001 412.4304910000001 nectar 0
182.54044427903114 265.755379445512 182.37298600000005 236.97172799999998 140.8455237209689 237.213327554488 141.012982 265.99697900000007 pollen 0
249.4117891377312 249.5836680571711 249.289502 228.564291 185.27851886226875 228.93669594282883 185.400806 249.95607299999995 pollen 0
321.7844062827213 259.7030596149874 321.6374159999999 234.43757000000002 282.1946257172787 234.66704138501262 282.341616 259.93253100000004 pollen 0
126.31874100000005 224.43747700000006 99.61334886743933 224.28210937681462 99.33346700000004 272.38965500000006 126.03885913256076 272.5450226231855 pollen 0
425.421001373957 536.241938496987 424.8399189999999 436.3623 281.0985146260429 437.198562503013 281.67959699999994 537.078201 capped-brood-cells 0
269.89304700000014 369.73884000000004 151.74851198212428 369.05149501783177 150.78851199999997 534.0614310000001 268.9330470178758 534.7487759821684 capped-brood-cells 0
280.0991235085537 367.0579515461734 279.6218610000001 285.023505 137.18037049144635 285.8522054538267 137.657633 367.88665200000014 capped-brood-cells 0
442.589824 271.981394 286.5843850414014 271.073780665013 285.615818 437.55626900000004 441.6212569585986 438.4638823349871 capped-brood-cells 0