585.688 125.08400000000006 97.36480000000003 125.084 97.36480000000003 180.18320000000003 585.688 180.18320000000006 wax-sealed-honey-cells 0
589.936533 179.24000000000007 413.5664 179.24000000000007 413.5664 250.77920000000006 589.936533 250.77920000000006 wax-sealed-honey-cells 0
526.5984 246.4976000000001 452.5824 246.4976000000001 452.5824 331.1600000000001 526.5984 331.16000000000014 wax-sealed-honey-cells 0
208.15306700000002 186.2264 55.43733300000003 186.2264 55.43733300000003 226.3144 208.15306700000002 226.3144 wax-sealed-honey-cells 0
142.01920000000004 224.6608 50.77866700000003 224.6608 50.77866700000003 262.6608 142.01920000000007 262.6608 wax-sealed-honey-cells 0
236.75306700000004 253.4848 187.62453300000007 253.4848 187.62453300000007 354.4 236.75306700000004 354.4 capped-brood-cells 0
396.497067 181.85920000000004 320.977067 181.85920000000004 320.977067 235.57440000000008 396.497067 235.57440000000008 capped-brood-cells 0
417.920533 242.13120000000006 374.550933 242.13120000000006 374.550933 336.22720000000004 417.920533 336.22720000000004 capped-brood-cells 0
377.8672 343.4544 240.61600000000004 343.4544 240.61600000000004 396.3376 377.8672 396.3376 capped-brood-cells 0
261.873067 201.17360000000005 245.557333 201.17360000000005 245.557333 214.62160000000006 261.873067 214.62160000000006 capped-brood-cells 0
301.582933 213.58640000000005 283.899733 213.58640000000005 283.899733 224.55440000000004 301.582933 224.55440000000004 capped-brood-cells 0
238.308267 211.93200000000002 219.904 211.93199999999996 219.904 225.87920000000003 238.308267 225.87920000000003 capped-brood-cells 0
221.32106700000003 226.8272 204.456 226.8272 204.45600000000002 253.0288 221.32106700000006 253.0288 capped-brood-cells 0
367.175467 225.19280000000006 236.570667 225.19280000000006 236.57066700000001 340.04239999999993 367.175467 340.04239999999993 empty-cells 0
479.568 230.91360000000006 416.4448 230.91360000000006 416.4448 494.15200000000004 479.5680000000001 494.15200000000016 empty-cells 0
586.826667 329.11360000000013 481.911467 329.11360000000013 481.911467 494.91520000000014 586.826667 494.91520000000014 empty-cells 0
598.517867 246.16800000000006 530.851733 246.16800000000006 530.851733 333.17600000000016 598.517867 333.17600000000016 empty-cells 0
185.39786700000005 264.2824 36.99146700000003 264.2824 36.99146700000004 488.812 185.39786700000005 488.812 empty-cells 0
97.96426700000004 119.3648 33.813867000000016 119.3648 33.813867000000016 157.1728 97.96426700000004 157.1728 empty-cells 0
237.54880000000009 357.7152 185.72160000000002 357.7152 185.72160000000002 482.176 237.54880000000009 482.176 empty-cells 0
413.45226700000006 401.192 236.57013300000006 401.192 236.57013300000006 490.568 413.4522670000001 490.568 empty-cells 0
413.4528 351.9943999999999 382.75840000000005 351.9943999999999 382.75840000000005 400.54320000000007 413.4528 400.54320000000007 empty-cells 0