257.53787600000004 614.2117960000002 245.2249678715027 85.19906357122241 53.905614 89.652071 66.21852212849734 618.6648034287778 wax-sealed-honey-cells 0
302.656729 353.28491900000006 297.2414661036264 120.6231223702266 246.57591700000006 121.80237600000001 251.99117989637364 354.4641726297733 wax-sealed-honey-cells 0
385.31263700000005 605.3602170000001 380.9989847138986 420.0281124112254 263.176327 422.7704650000001 267.48997928610135 608.1025695887748 wax-sealed-honey-cells 0
402.31667148413146 356.0587358962904 258.8696110000001 353.5548580000001 257.7288145158687 418.91104110370975 401.1758750000001 421.4149190000001 nectar 0
323.66821082060153 38.21614643321855 96.38230200000001 34.24885600000002 95.76290617939847 69.7340175667815 323.048815 73.70130800000004 nectar 0
353.8108681250521 71.16857649782233 249.461339 69.34714800000003 248.5816518749479 119.74437050217774 352.93118100000004 121.56579900000004 nectar 0
364.394816 359.6057629999999 358.79389780696226 118.96748703947654 301.40192799999994 120.3033 307.00284619303767 360.94157596052344 nectar 0
252.72252144127242 475.3601441715607 183.88431100000005 474.15856900000006 183.5458025587277 493.5517088284394 252.38401300000007 494.7532840000001 nectar 0
378.12629800000013 487.8728790000001 376.6401930274154 424.0237536445137 341.25934800000005 424.84725200000014 342.7454529725847 488.6963773554865 nectar 0
409.424001 581.0508670000003 407.2667662892751 488.36725691790707 372.11290600000007 489.18547200000006 374.270140710725 581.8690820820932 nectar 0
377.1562415423423 582.4303080815308 329.0540360000001 581.590681 328.60106645765796 607.5412899184691 376.7032720000002 608.380917 nectar 0
417.19270300000005 210.810604 413.89923197576013 69.30966492346239 350.178864 70.792773 353.4723350242399 212.29371207653764 nectar 0
438.3751694187524 34.82748871232378 328.526377 32.910071000000045 327.9338475812476 66.85606028767633 437.78264 68.77347800000005 empty-cells 0
471.190236 602.323993 458.83423652344754 71.4598880522737 413.910442 72.505501 426.2664414765525 603.3696059477262 empty-cells 0
427.842768 351.2285739999999 424.65439248087296 214.24296822272336 350.43997700000006 215.97032799999997 353.6283525191271 352.9559337772765 empty-cells 0
427.855337 488.88857600000006 426.320874523318 422.9618377589155 367.25529200000005 424.336605 368.78975447668205 490.26334324108456 empty-cells 0