320.06369244999325 142.31092198139726 319.46666700000003 91.002669 44.41630755000675 94.20316901860275 45.013333 145.511422 wax-sealed-honey-cells 0
205.6399650772351 191.01516210309836 205.087467 143.533591 34.861368922764925 145.51435089690162 35.413866999999996 192.995922 wax-sealed-honey-cells 0
94.97546700000002 194.41406 37.547200000000025 194.41406 37.54720000000003 310.760699 94.97546700000002 310.760699 wax-sealed-honey-cells 0
89.00053300000005 304.884385 42.880000000000045 304.884385 42.880000000000045 405.443446 89.00053300000008 405.443446 wax-sealed-honey-cells 0
596.2985462213651 132.69423862513761 595.7759999999998 87.786719 352.75745377863484 90.61449537486237 353.28 135.522015 wax-sealed-honey-cells 0
587.7631909622581 171.20475632433374 587.240533 126.287638 463.6906750377419 127.7252706756663 464.21333300000003 172.64238900000004 wax-sealed-honey-cells 0
614.5552 164.36980300000005 580.480533 164.36980300000005 580.480533 245.54869700000006 614.5552 245.54869700000006 wax-sealed-honey-cells 0
76.40746700000003 240.549319 59.571200000000026 240.549319 59.57120000000003 300.294026 76.40746700000003 300.294026 nectar 0
101.32000000000002 240.258635 87.33706700000002 240.258635 87.33706700000002 296.182941 101.32000000000002 296.182941 nectar 0
114.4120620676415 242.84709473263314 114.281067 231.58941899999996 95.40980493235851 231.80900626736684 95.54080000000002 243.06668199999996 nectar 0
116.46933300000003 241.028757 105.84746700000002 241.028757 105.84746700000002 261.629153 116.46933300000003 261.629153 nectar 0
109.06240000000003 239.852544 95.75040000000003 239.852544 95.75040000000003 260.737043 109.06240000000003 260.737043 pollen 0
126.56853300000003 221.664842 120.57173300000002 221.664842 120.57173300000002 232.928221 126.56853300000003 232.928221 pollen 0
131.23456812075 258.55694720718236 131.113067 248.115161 114.77076587925004 248.30532079281772 114.89226700000002 258.747107 pollen 0
123.87520000000004 260.820982 112.36800000000002 260.820982 112.36800000000002 279.22688 123.87520000000004 279.22688 pollen 0
113.77600000000002 273.875296 103.95413300000003 273.875296 103.95413300000003 287.405584 113.77600000000002 287.405584 pollen 0
125.19130989136929 322.75846764325183 124.88533299999999 296.46282800000006 96.49615610863069 296.7931653567482 96.802133 323.088805 pollen 0
93.57653300000003 294.303138 81.65760000000003 294.303138 81.65760000000003 313.165028 93.57653300000003 313.165028 pollen 0
125.72693300000003 284.779435 118.25813300000004 284.779435 118.25813300000004 297.338342 125.72693300000003 297.338342 pollen 0
145.42133300000006 266.87987 134.95840000000007 266.87987 134.95840000000007 287.169617 145.42133300000006 287.169617 bee-larvae 0
110.91360000000003 321.867803 101.42986700000003 321.867803 101.42986700000003 333.680557 110.91360000000003 333.680557 pollen 0
116.69513481524861 360.7701295596037 116.469333 341.364757 91.5288651847514 341.6549654403963 91.754667 361.060338 pollen 0
122.02346700000004 330.888928 113.41973300000004 330.888928 113.41973300000004 342.630642 122.02346700000004 342.630642 pollen 0
133.46986700000005 339.59093699999994 122.67520000000003 339.59093699999994 122.67520000000005 352.116545 133.46986700000005 352.116545 pollen 0
91.72426700000005 366.263892 85.65386700000006 366.263892 85.65386700000006 379.5633270000001 91.72426700000005 379.5633270000001 pollen 0
115.61369918876247 398.15151243935355 115.45973300000001 384.919704 92.44176681123756 385.18754256064653 92.59573300000001 398.41935100000006 pollen 0
126.06346700000006 366.811519 115.52373300000005 366.811519 115.52373300000005 386.5373599999999 126.06346700000006 386.5373599999999 pollen 0
150.05193301013992 414.918787456047 149.79733300000004 393.03854999999993 121.57899998986012 393.36690054395285 121.8336 415.24713799999995 pollen 0
156.69920000000005 413.78383999999994 138.24053300000006 413.78383999999994 138.24053300000006 441.811426 156.69920000000005 441.811426 pollen 0
115.45920000000007 423.474911 101.85066700000006 423.474911 101.85066700000006 445.01086 115.45920000000007 445.01086 pollen 0
94.08213300000006 405.677255 85.86453300000005 405.677255 85.86453300000005 416.920076 94.08213300000006 416.920076 pollen 0
74.21866700000002 221.012388 66.30186700000003 221.012388 66.30186700000003 234.178108 74.21866700000002 234.178108 nectar 0
86.67520000000003 228.123443 77.45066700000002 228.123443 77.45066700000002 242.37957999999998 86.67520000000003 242.37957999999998 nectar 0
150.04703706824031 214.77244442727522 149.797333 193.31295 116.32522893175971 193.70243357272477 116.57493300000002 215.161928 nectar 0
161.91679999999997 192.855927 148.126933 192.855927 148.126933 212.52198700000002 161.91679999999997 212.52198700000002 pollen 0
218.2848 191.253626 207.445333 191.253626 207.445333 212.589355 218.2848 212.589355 bee-larvae 0
233.602133 191.70579300000009 225.956267 191.70579300000003 225.956267 202.02196100000003 233.602133 202.02196100000003 bee-larvae 0
247.573867 191.41601700000007 237.104533 191.41601700000007 237.104533 213.25463900000005 247.573867 213.25463900000005 bee-larvae 0
273.242133 182.18934000000004 266.073067 182.18934000000004 266.073067 191.09676000000005 273.242133 191.09676000000005 bee-larvae 0
258.3248 181.38771900000006 250.0272 181.38771900000006 250.0272 192.01227000000006 258.3248 192.01227000000006 bee-larvae 0
235.56991624628063 192.42689554098277 235.427733 180.20774999999998 221.84874975371937 180.36575645901718 221.990933 192.58490199999997 bee-larvae 0
242.22758217199728 164.96462657931494 241.957867 141.78536499999998 216.7953518280027 142.07815742068505 217.065067 165.257419 nectar 0
240.536 131.42111000000006 231.208 131.42111000000003 231.208 143.147251 240.536 143.14725100000004 nectar 0
119.82880000000003 220.688866 110.17440000000005 220.688866 110.17440000000005 232.750005 119.82880000000003 232.750005 nectar 0
84.12000000000003 311.357175 75.91200000000003 311.357175 75.91200000000003 325.011084 84.12000000000003 325.011084 pollen 0
79.27200000000003 300.414387 72.08586700000002 300.414387 72.08586700000002 313.574805 79.27200000000003 313.574805 nectar 0
68.81120000000003 322.057709 57.898133000000044 322.057709 57.898133000000044 340.336694 68.81120000000003 340.336694 nectar 0
80.03680000000004 345.59908800000005 61.40533300000004 345.59908800000005 61.40533300000004 377.03348399999993 80.03680000000006 377.03348399999993 nectar 0
87.94666700000005 322.551048 74.79680000000003 322.551048 74.79680000000003 347.02725999999996 87.94666700000005 347.02725999999996 nectar 0
95.72853300000006 349.480498 85.63680000000005 349.480498 85.63680000000005 369.289126 95.72853300000006 369.289126 nectar 0
109.96517603198933 415.4916395644194 109.76000000000002 397.858827 90.05402396801071 398.08812643558053 90.2592 415.72093900000004 nectar 0
111.79145268712472 424.46318865893625 111.6736 414.33495999999997 87.27201431287527 414.61889834106364 87.389867 424.7471269999999 nectar 0
92.28426700000006 376.06297499999994 79.35520000000005 376.06297499999994 79.35520000000005 398.435819 92.28426700000006 398.435819 nectar 0
106.31573300000005 350.459704 100.33386700000005 350.459704 100.33386700000005 360.11491 106.31573300000005 360.11491 nectar 0
115.75573300000005 366.46506 100.93973300000005 366.46506 100.93973300000005 385.36546 115.75573300000005 385.36546 nectar 0
138.62453300000007 415.261358 126.17546700000005 415.261358 126.17546700000005 431.715016 138.62453300000007 431.715016 nectar 0
443.377067 328.308041 435.0784 328.308041 435.0784 339.348604 443.377067 339.348604 bee-larvae 0
399.0016 291.437196 387.566933 291.437196 387.566933 310.27745 399.0016 310.27745 bee-larvae 0
373.817067 282.823045 364.152 282.823045 364.152 295.770708 373.817067 295.770708 bee-larvae 0
358.6016 263.337693 350.38826700000004 263.337693 350.38826700000004 276.761263 358.6016 276.761263 bee-larvae 0
579.7197487832015 208.66155020629267 579.2752000000002 170.45712300000002 526.4882512167987 171.07135479370737 526.9328 209.27578200000002 nectar 0
550.128533 181.63227500000005 542.876267 181.63227500000005 542.876267 198.21906300000006 550.128533 198.21906300000006 pollen 0
568.48 246.43793600000006 560.8128 246.43793600000006 560.8128 263.0103520000001 568.48 263.0103520000001 pollen 0
582.514133 267.5746340000001 573.268267 267.5746340000001 573.268267 286.6918200000001 582.514133 286.6918200000001 pollen 0
580.532267 207.06569600000006 561.195733 207.06569600000006 561.195733 246.10029600000004 580.532267 246.10029600000004 nectar 0
526.9883695581079 172.5943356287048 526.8271999999998 158.743411 502.933763441892 159.02143537129518 503.09493299999997 172.87236000000001 nectar 0
554.911467 134.53822000000005 545.2784 134.53822000000005 545.2784 149.46951100000007 554.911467 149.46951100000007 nectar 0
572.1568 125.98075300000006 557.217067 125.98075300000006 557.217067 147.85379200000006 572.1568 147.85379200000006 nectar 0
535.8235569225342 178.46032839011573 535.7184 169.42315200000002 520.8996430774658 169.59558360988427 521.0048 178.63276 nectar 0
549.503467 155.77954800000006 538.370667 155.77954800000006 538.370667 177.48189000000002 549.503467 177.48189000000002 nectar 0
587.396267 240.83782600000006 569.627733 240.83782600000006 569.627733 267.9005810000001 587.396267 267.9005810000001 nectar 0
588.281067 267.18193000000014 580.864533 267.18193000000014 580.864533 288.2570290000001 588.281067 288.2570290000001 nectar 0
350.38285677940155 291.19092589871184 349.388267 205.716099 143.09127722059853 208.1165821012882 144.08586700000004 293.591409 capped-brood-cells 0
251.2652365500335 400.40106452772284 249.84426700000003 278.28319899999997 123.62329744996651 279.7519124722772 125.04426699999999 401.8697780000001 capped-brood-cells 0
435.76308671895254 390.3942376451861 434.52586699999995 284.067834 294.12918028104747 285.7014973548139 295.3664 392.02790100000004 capped-brood-cells 0
283.898667 366.74934 251.99253300000007 366.74934 251.99253300000007 407.26780099999996 283.898667 407.26780099999996 capped-brood-cells 0
497.418133 412.10881600000005 487.27306699999997 412.10881600000005 487.27306699999997 428.2444650000001 497.418133 428.2444650000001 pollen 0
549.385067 399.69852600000013 532.584 399.69852600000013 532.584 419.30202400000013 549.385067 419.30202400000013 pollen 0
532.112 417.4283160000001 521.8528 417.4283160000001 521.8528 431.6068930000001 532.112 431.6068930000001 pollen 0
461.37253365581216 205.4506442494431 460.4821329999999 128.92980499999996 274.2007993441877 131.09738475055684 275.09119999999996 207.61822399999997 empty-cells 0
563.1293222123703 285.8177972096646 562.2048000000001 206.364555 354.91014478762986 208.77664679033546 355.8346670000001 288.22988900000007 empty-cells 0
525.0373039126808 208.65543755647923 524.496533 162.18173000000002 462.9498960873192 162.8978904435208 463.4906669999999 209.37159800000003 empty-cells 0
485.21805902432186 454.71077679305654 484.6688000000001 407.50756800000005 158.20807397567816 411.3062822069436 158.757333 458.5094910000001 empty-cells 0
590.792533 285.3383060000001 432.746667 285.33830600000005 432.746667 463.234937 590.792533 463.23493700000006 empty-cells 0
612.9248 246.37677400000007 588.583467 246.37677400000007 588.583467 315.4984110000001 612.9248 315.4984110000001 pollen 0