405.16250300000013 310.6158480000001 352.31894174049853 309.6934603494533 350.97727599999996 386.557451 403.82083725950156 387.47983865054687 capped-drone-cells 0
249.07748800000007 280.612926 198.0580672657281 279.7223789205291 196.79195200000004 352.2580920000001 247.81137273427197 353.14863907947097 capped-drone-cells 0
250.65093925505434 458.6456463677579 250.040374 406.173812 186.7973327449457 406.90971163224214 187.40789800000002 459.38154600000007 capped-drone-cells 0
598.5530700000002 164.68673400000006 410.4438089045746 161.40327470473366 403.2831859999999 571.635095 591.3924470954255 574.9185542952664 empty-cells 0
410.59785900000014 402.06681100000014 257.08755841194204 399.3872789292903 253.90401500000002 581.7723720000001 407.4143155880581 584.4519040707098 empty-cells 0
404.6138450000001 156.86386800000002 260.6187117875703 154.35042304390055 258.02043 303.205854 402.01556321242975 305.71929895609946 empty-cells 0
293.795885 304.86754700000006 260.23959492365407 304.2818196954071 259.379179 353.57500800000014 292.93546907634595 354.16073530459306 capped-drone-cells 0
242.35609932746829 581.906744924393 240.843571 451.92035499999986 10.521620672531668 454.6003930756068 12.034149 584.5867829999999 empty-cells 0
180.42391000000006 171.51250900000002 11.83540149589265 168.56978574205343 6.746988000000014 460.08481000000006 175.33549650410743 463.0275332579465 empty-cells 0
285.95474480518027 398.0526756433493 285.45475000000005 355.083224 175.90580019481976 356.3579413566508 176.405795 399.32739300000003 empty-cells 0
255.241121 161.68295200000003 180.5771760897884 160.379688078997 178.507709 278.939386 253.17165391021155 280.242649921003 empty-cells 0
352.3086610000001 308.0219100000001 283.771736246002 306.8255939422851 282.2027530000001 396.7126150000001 350.7396777539982 397.9089310577151 empty-cells 0