170.88276391070295 540.1686026074459 170.390983 455.638699 98.009333089297 456.05980339255404 98.501114 540.5897070000001 wax-sealed-honey-cells 0
268.63384015136154 592.7955683568324 267.811602 522.1326179999999 153.1428968486384 523.4669096431675 153.965135 594.12986 wax-sealed-honey-cells 0
149.17913908052674 438.7226689634431 147.90735600000002 220.121692 93.01109791947329 220.44106903655694 94.282881 439.042046 wax-sealed-honey-cells 0
151.50834518734882 221.48742091756435 150.771686 94.86655299999998 93.00653081265118 95.20262108243563 93.74319000000001 221.823489 wax-sealed-honey-cells 0
216.78317313614158 190.8799244996734 216.155018 136.896379 143.73855086385842 137.73902050032663 144.366706 191.722566 wax-sealed-honey-cells 0
262.71838555253964 120.67937030202981 261.94684600000005 54.37345899999998 153.34988844746042 55.637099697970186 154.12142799999998 121.94301100000001 wax-sealed-honey-cells 0
405.13538709839565 208.04102502537125 404.60237400000005 162.233993 264.4046769016044 163.8653409746288 264.93769 209.67237300000005 nectar 0
197.3459070791847 259.80568158141483 197.001205 230.18208699999997 151.67845992081527 230.70946541858513 152.02316199999999 260.33306 nectar 0
198.3005878680589 221.67236167732534 198.16722599999997 198.74932499999997 181.41945913194107 198.84676032267467 181.55282099999997 221.769797 nectar 0
228.6300101294206 231.86539176254539 228.285855 202.28872699999997 195.78258287057938 202.6669362374546 196.126738 232.24360100000007 nectar 0
399.7177781248472 153.91852939221144 398.60712199999995 58.468991 244.64381287515283 60.26051660778859 245.75446899999997 155.710055 nectar 0
222.10062069744657 121.15146825264216 221.84782200000004 99.426005 165.4782263025534 100.08192474735786 165.731025 121.807388 nectar 0
234.59303458736548 104.55805808365929 234.31923600000002 81.02791799999999 203.8207414126345 81.3828009163407 204.09454 104.91294100000002 nectar 0
191.90630909075617 92.47524596982139 191.510797 58.485012999999995 133.2378469092438 59.16308003017861 133.63335899999998 93.153313 nectar 0
243.38795864482864 78.32968565665652 243.18834100000004 61.174580000000006 224.78773535517144 61.38869034334349 224.98735300000004 78.54379600000001 nectar 0
240.60401753447684 157.41134000855263 240.39424199999996 121.35409699999998 207.8203394655231 121.54360699144735 208.030115 157.60085 nectar 0
196.16733687061225 141.28923767910803 195.90309499999995 118.58037499999998 140.9101781293877 119.22027632089197 141.17441999999997 141.929139 nectar 0
206.9039188916554 156.27383557698113 206.77963900000003 134.91199600000002 187.57898910834462 135.02370242301888 187.70326899999998 156.385542 nectar 0
191.3019475487601 343.41561762432144 190.91852599999999 277.5109969999999 134.70862345123987 277.8380163756785 135.09204499999998 343.742637 nectar 0
219.31257051186543 524.9262938023188 218.86812700000002 448.53283999999996 174.89063848813453 448.78869319768114 175.33508199999997 525.1821470000001 nectar 0
236.887011649591 567.0394739043749 236.368073 522.44196 175.06381235040897 523.155299095625 175.58275099999997 567.7528129999998 nectar 0
317.89814974997944 525.4583396817865 317.496916 490.97640700000005 225.0147052500206 492.0525353182136 225.41593900000004 526.5344680000001 nectar 0
352.63041276209776 592.785711656775 351.831086 524.0916960000001 275.80583623790227 524.9763293432251 276.605163 593.670345 nectar 0
394.5946428245103 553.258505020178 394.14705500000014 514.792842 351.1888691754898 515.292704979822 351.63645700000006 553.758368 nectar 0
396.6102898870585 515.7978495294534 396.363039 494.549155 318.9050171129415 495.4504604705466 319.152268 516.699155 nectar 0
441.46442079712267 554.3895045373398 441.2023879999999 531.870496 402.08897620287735 532.3256224626601 402.3510090000001 554.8446309999999 nectar 0
164.60866990916765 574.2610357955425 164.371257 533.453207 144.8745970908324 533.5666352044575 145.11201 574.374464 nectar 0
176.21930538231027 497.29411397386446 175.880606 439.07663699999995 133.91598561768967 439.3207800261355 134.25468499999997 497.538257 nectar 0
193.3795586948401 380.89896109591444 193.102323 357.073374 146.00851030515992 357.6213599040856 146.28574600000002 381.446947 nectar 0
166.44143326488293 434.3780236457319 166.26977500000004 404.872547 137.78081073511706 405.0382913542682 137.95246899999998 434.5437680000001 nectar 0
143.74529176739367 112.7260486903485 143.47211399999998 89.24923799999999 112.14672923260633 89.61374230965149 112.419907 113.090553 nectar 0
138.17603145636417 96.88951034185382 137.60835399999996 48.103479 81.09572454363581 48.76106365814615 81.66340199999999 97.54709499999998 empty-cells 0
454.51395793247286 152.78051699573766 453.85296900000003 39.16621799999999 401.7088040675271 39.46958400426233 402.3697930000001 153.083883 empty-cells 0
448.6740784159161 487.17458278209915 447.05230400000005 208.415203 210.91951158408398 209.78898321790084 212.54128600000004 488.548363 empty-cells 0
218.80606271547944 449.96643205334266 218.423111 384.1427249999999 172.63756128452056 384.40909794665737 173.020513 450.23280500000004 empty-cells 0
451.46387510076806 592.6613489995651 451.004769 553.205887 355.7432238992319 554.3143560004348 356.20232999999996 593.769818 empty-cells 0
147.69078268086486 603.8372837865818 147.33381500000002 542.479786 94.96084231913515 542.7844832134182 95.31780999999998 604.141981 empty-cells 0