576.490414 149.77792600000012 442.22698671410257 148.21562915046104 440.9406220000001 258.76551300000006 575.2040492858976 260.32780984953916 wax-sealed-honey-cells 0
570.2956550000001 260.1274660000001 511.73413495457964 259.10527111656836 510.205995 346.6523720000001 568.7675150454205 347.6745668834319 wax-sealed-honey-cells 0
188.4187100000001 134.060028 55.595931223107115 131.74159810492858 51.11084699999999 388.691938 183.93362577689294 391.0103678950714 wax-sealed-honey-cells 0
419.443594 249.6199670000001 139.65218224617752 246.36429836035143 138.04477100000003 384.50485000000003 417.8361827538226 387.7605186396487 nectar 0
523.7134850000001 301.22669000000013 486.9534849932445 300.58504192347755 485.188634 401.6933050000001 521.9486340067557 402.3349530765227 nectar 0
594.4094 100.47477800000003 210.3519973576946 96.00586545589407 209.58649800000006 161.7927190000001 593.6439006423054 166.26163154410605 empty-cells 0
607.0594280000003 170.7346120000001 563.3092048533003 169.97094908226384 558.300912 456.89588000000003 602.0511351467 457.6595429177363 empty-cells 0
561.4423370000001 399.167104 24.232157952116022 392.91609754895524 23.305102000000062 472.5870910000001 560.5152810478842 478.83809745104486 empty-cells 0
54.552716000000075 106.24262400000003 25.62125401241739 105.73762339913694 20.77918499999999 383.139542 49.71064698758268 383.644542600863 empty-cells 0
204.472251 94.84202600000003 34.37349137435683 92.86274777351557 33.91142500000002 132.572636 204.01018462564315 134.55191422648446 empty-cells 0
442.73516200000006 168.82252600000004 192.2599314390818 165.90798248501258 191.29023800000002 249.24322400000008 441.7654685609183 252.15776751498754 empty-cells 0