551.9436064081538 502.27856594476435 550.661332 447.18682599999994 62.01761759184629 458.5601340552358 63.299892 513.6518740000001 wax-sealed-honey-cells 0
234.89234215903645 455.4800130892468 233.227474 383.950499 56.44119484096356 388.06524591075316 58.106063 459.59476 wax-sealed-honey-cells 0
194.29372712008345 389.5708624305162 192.808422 304.477807 118.78490487991654 305.76989256948366 120.27020999999999 390.8629479999999 wax-sealed-honey-cells 0
592.7165081844412 440.1623253686356 591.7835759999999 400.079753 438.83464881555875 403.63967863136446 439.76758099999995 443.7222510000001 wax-sealed-honey-cells 0
596.6921530771161 401.61977607211827 595.8078129999999 363.624921 504.3462329228838 365.7537129278818 505.23057299999994 403.748568 wax-sealed-honey-cells 0
459.12710453512875 376.2718943358327 457.360634 275.0708440000001 408.2271104648713 275.92847266416743 409.993581 377.12952300000006 capped-brood-cells 0
327.33227352099686 450.7081863329364 326.082208 397.000259 250.24974447900308 398.7652786670635 251.49981 452.473206 capped-brood-cells 0
272.39829766114076 391.94274683540533 270.751441 297.594404 227.37743633885927 298.35150016459465 229.02429299999997 392.699843 capped-brood-cells 0
404.8678464376923 287.2426739853245 403.63714300000004 234.366634 266.07831956230774 237.5683510146755 267.309023 290.44439100000005 capped-brood-cells 0
402.1806383576526 429.643824214401 401.867675 416.19764499999997 385.47371264234744 416.57921878559887 385.78667600000006 430.02539799999994 capped-brood-cells 0
363.6071454398948 418.1237890051782 363.35189700000006 407.1572739999999 345.6048955601053 407.5703399948218 345.86014400000005 418.53685500000006 capped-brood-cells 0
427.6490856793129 418.28826866278393 427.324505 404.342957 408.83910732068716 404.7732093372162 409.163688 418.71852100000007 capped-brood-cells 0
442.7576708324226 403.13352902421457 442.29860700000006 376.833801 425.4318271675774 377.12821197578535 425.89089099999995 403.4279399999999 capped-brood-cells 0
411.3379046579719 405.4017281542327 408.665112 290.56767799999994 277.3922273420281 293.6230888457672 280.06502 408.457139 empty-cells 0
230.70224085159572 404.2503723910713 226.10098599999998 140.644695 162.97137514840426 141.74662660892864 167.57263 405.35230399999995 empty-cells 0
163.52573028163235 307.8172898220964 160.620998 141.405249 55.69514271836765 143.2367361779036 58.599875 309.64877700000005 empty-cells 0
116.02950224115652 391.6852565071645 114.50389999999999 304.283546 46.83089375884347 305.4647824928355 48.35649599999999 392.8664930000001 empty-cells 0
609.5817802819181 362.5459113968779 605.6475290000001 137.15282100000002 457.226056718082 139.74352760312215 461.16030800000004 365.1366180000001 empty-cells 0
615.4937847444168 506.5209420555615 614.613913 468.71806100000003 550.2435822555832 470.2162969444385 551.1234539999999 508.019178 empty-cells 0
459.21096360625705 272.012904709592 457.033228 147.250553 405.2007643937429 148.155292290408 407.3784999999999 272.917644 empty-cells 0
408.1181796538443 229.40596510921648 406.038212 140.04206599999998 228.6361743461556 144.17114389078353 230.716142 233.53504300000003 empty-cells 0
262.27187335300033 282.1968281299164 261.42133400000006 233.46943499999998 230.7238166469997 234.0052618700836 231.57435599999997 282.732655 empty-cells 0