592.029333 104.32080000000005 91.94720000000001 104.3208 91.94720000000001 204.93040000000002 592.029333 204.93040000000005 wax-sealed-honey-cells 0
153.54026700000003 216.3208 65.28000000000003 216.3208 65.28000000000003 313.7592 153.54026700000006 313.7592 wax-sealed-honey-cells 0
276.3856 203.52000000000004 177.280533 203.52 177.28053300000002 295.8336 276.3856 295.8336 wax-sealed-honey-cells 0
489.658133 205.12000000000006 295.679467 205.12000000000006 295.679467 243.34080000000006 489.658133 243.34080000000006 wax-sealed-honey-cells 0
598.001067 205.12000000000006 544.213333 205.12000000000006 544.213333 308.6368000000001 598.001067 308.6368000000001 wax-sealed-honey-cells 0
400.08320000000003 344.32000000000005 74.88000000000002 344.32000000000005 74.88000000000004 466.1184 400.08320000000015 466.1184 empty-cells 0
583.9776 318.7864000000001 515.425067 318.7864000000001 515.425067 464.7080000000001 583.9776 464.7080000000001 nectar 0
376.7776 244.73840000000007 308.5088 244.73840000000007 308.5088 300.7848 376.7776 300.7848 wax-sealed-honey-cells 0
503.91253300000005 337.8208000000001 404.73173299999996 337.8208 404.73173299999996 463.05600000000004 503.91253300000005 463.05600000000015 empty-cells 0
83.37546700000001 85.4264 54.137067000000016 85.4264 54.137067000000016 136.1256 83.37546700000003 136.1256 empty-cells 0
489.792 304.3944000000001 168.37546700000004 304.3944 168.37546700000004 342.1464000000001 489.792 342.1464000000002 empty-cells 0