403.3268470000001 305.8360020000001 350.5136998031885 304.6067619484693 348.70320500000014 382.3929750000001 401.5163521968117 383.6222150515309 capped-drone-cells 0
247.42706300000003 277.65625100000005 196.43700642647133 276.46944428586113 194.72799500000002 349.89554499999997 245.71805157352873 351.0823517141389 capped-drone-cells 0
248.87933197597158 455.6131726108466 247.65894600000001 403.180413 183.50058402402846 404.67371538915336 184.72097000000002 457.106475 capped-drone-cells 0
597.5538220000001 157.68517100000005 409.55282688089585 153.30939895703617 399.92816500000004 566.824087 587.9291601191043 571.1998590429638 empty-cells 0
408.22946400000023 397.20510600000006 254.80751595857748 393.63417114814354 250.50010100000003 578.6983130000001 403.9220490414227 582.2692478518566 empty-cells 0
403.6732740000001 152.1216530000001 259.7610169441729 148.77205725574308 256.237877 300.1404790000001 400.15013405582715 303.49007474425713 empty-cells 0
292.001235 301.385352 258.46425818150567 300.6047702021077 257.303316 350.4835800000001 290.84029281849433 351.26416179789237 capped-drone-cells 0
241.2196729080358 578.9143165503068 238.19645900000006 449.024725 5.60702109196424 454.4383044496932 8.630235 584.327896 empty-cells 0
179.4132500000001 169.37723900000003 10.92177232661071 165.45555602496836 4.068203999999977 459.9127729999999 172.55968167338935 463.83445597503163 empty-cells 0
284.3677211350334 394.6253811427448 283.36834099999993 351.68792799999994 173.06983086496655 354.2551538572552 174.069211 397.192607 empty-cells 0
254.28261400000002 158.67869000000005 179.66164179163184 156.94186768881735 176.87180600000002 276.80459500000006 251.49277820836824 278.5414173111828 empty-cells 0
350.4916850000001 303.8578930000001 281.99420657758515 302.2635962027865 279.87422300000003 393.3467180000001 348.37170142241496 394.94101479721365 empty-cells 0