167.39374900000007 593.2107179999999 164.16823246180357 38.79151171307173 48.86384599999992 39.462333 52.089362538196426 593.8815392869282 wax-sealed-honey-cells 0
395.69261326893815 41.49266091284482 182.197235 37.766085000000025 181.59294873106182 72.38562008715527 395.088327 76.11219600000005 capped-brood-cells 0
349.0736257714798 536.0739448903264 177.60125100000008 533.0808830000001 176.83903022852036 576.7484751096738 348.31140500000004 579.7415370000001 capped-brood-cells 0
397.87357499999996 554.8556630000002 397.55755965079544 500.53713241431035 349.959205 500.81405100000006 350.2752203492046 555.1325815856899 capped-brood-cells 0
448.4288700000001 542.5549150000002 448.1151814638974 488.6365356560804 411.43054900000004 488.8499610000001 411.7442375361027 542.7683403439198 capped-brood-cells 0
237.32698399999998 377.1276099999999 237.11549189708217 340.77512959976326 213.63067199999995 340.91175999999996 213.84216410291782 377.2642404002366 pollen 0
265.98308 412.842895 265.7614069441083 374.74043277832504 237.52843000000001 374.904687 237.7501030558917 413.00714922167504 pollen 0
307.08930273744454 274.0833718373528 230.01634400000006 272.73805800000014 229.16609226255565 321.4489351626474 306.2390510000001 322.79424900000004 pollen 0
280.85413280044344 121.40516159513649 204.40666300000004 120.07076600000005 203.83710519955667 152.7007094048636 280.2845750000001 154.03510500000004 pollen 0
284.03987299999994 234.55168399999997 283.69424031448693 175.14248587605223 237.58528399999994 175.41074000000003 237.93091668551298 234.81993812394776 pollen 0
233.6407549805677 197.24526340660117 174.04712700000002 196.20505300000002 173.47835101943232 228.7902145933989 233.07197900000003 229.83042500000005 pollen 0
327.51538887655283 80.46494412299691 257.56051600000006 79.24387700000003 256.94041012344724 114.76971087700318 326.89528300000006 115.99077800000005 pollen 0
382.3007630000001 177.15977000000004 381.8344451765196 97.00655304352355 345.967302 97.21522199999998 346.4336198234805 177.3684389564765 pollen 0
370.3295343018865 216.0593727303527 298.393113 214.80371700000006 297.68125369811366 255.58608226964742 369.61767500000013 256.8417380000001 pollen 0
395.1992065593072 262.3549504205049 303.794355 260.75947300000007 303.11876944069286 299.4637485794953 394.52362100000005 301.05922600000014 pollen 0
351.5671814122959 311.56320871354063 303.05870000000004 310.7164900000001 302.66297058770414 333.3878122864594 351.17145199999993 334.23453100000006 pollen 0
390.43711500000006 304.819507 390.21352832901675 266.38821371247326 361.3262399999999 266.55627499999997 361.54982667098324 304.9875682875267 pollen 0
401.7380642609851 319.9677804214631 369.84890600000006 319.411153 369.45086873901505 342.214688578537 401.3400270000001 342.77131600000007 pollen 0
439.8549459999999 325.38356299999987 439.54265619786725 271.7054138477753 396.268516 271.957175 396.5808058021326 325.6353241522247 pollen 0
288.8125077879143 346.745737282989 251.92658100000006 346.10189100000014 251.30178521208586 381.8964157170112 288.1877120000001 382.5402620000001 pollen 0
376.98063467119016 434.5324911562503 243.18680600000005 432.19711100000006 242.13791732880998 492.28789784375 375.9317460000001 494.62327800000014 pollen 0
345.15836199999995 430.60084099999995 344.6936386326273 350.72156732888624 297.132079 350.998272 297.5968023673726 430.8775456711137 pollen 0
384.5498170000001 422.532511 384.11213454408534 347.30126801703807 365.905 347.407194 366.34268245591466 422.638436982962 pollen 0
448.54037615961045 359.8020878688111 394.719926 358.86264800000004 393.90185284038967 405.7300071311891 447.7223030000001 406.6694470000001 pollen 0
445.8482010000001 225.882826 445.19168543543606 113.03754533170947 403.558923 113.27975800000002 404.215438564564 226.12503866829053 nectar 0
295.5430011788407 237.34314174591168 174.274947 235.2264 173.67075382115928 269.8406042540883 294.938808 271.957346 nectar 0
344.2853417949833 117.72084420499863 286.5283830000001 116.71269300000004 285.8179202050169 157.41508979500145 343.5748790000001 158.42324100000005 nectar 0
361.79951024724403 175.52471601818007 295.07813200000004 174.36009000000007 294.4255497527561 211.74650098182008 361.1469280000001 212.91112700000008 nectar 0
402.8301996368292 174.87198148223538 356.681367 174.06645000000003 356.06219136317094 209.53897151776474 402.21102400000007 210.34450300000006 nectar 0
281.84065267779647 486.9479244213404 195.23904400000006 485.436288 194.29231232220366 539.6745195786596 280.8939210000001 541.186156 nectar 0
234.38161862272906 377.2836447713246 178.17539100000002 376.302561 177.220395377271 431.01420022867546 233.42662300000003 431.99528399999997 nectar 0
219.33076500000004 127.636126 219.02347830760453 74.81801259563147 175.39578600000002 75.071831 175.70307269239552 127.88994440436853 nectar 0
265.1779040413041 71.83787202694859 211.01905100000005 70.89252500000005 210.185976958696 118.6192679730515 264.34483 119.56461500000005 pollen 0
446.39766700000007 104.18691000000001 446.0793659126334 49.47559745393218 394.620734 49.774975 394.93903508736673 104.48628754606784 empty-cells 0
449.36989499999993 615.0695770000001 448.99582271152923 550.7720384564836 387.359369 551.1306290000001 387.7334412884708 615.4281675435166 empty-cells 0
245.50330739053436 585.0486932672947 119.03352600000008 582.841155 118.46763460946582 615.2610507327054 244.9374160000001 617.4685890000001 nectar 0