182.4096 95.34960000000001 98.30079999999998 95.3496 98.30080000000001 167.7288 182.4096 167.7288 wax-sealed-honey-cells 0
114.78666700000002 150.4984 44.11893300000001 150.4984 44.11893300000002 264.756 114.78666700000002 264.756 wax-sealed-honey-cells 0
418.172267 91.72240000000004 199.890667 91.72240000000002 199.890667 146.61680000000004 418.172267 146.61680000000007 wax-sealed-honey-cells 0
543.3856 92.44640000000005 417.1008 92.44640000000005 417.1008 150.20960000000005 543.3856 150.20960000000005 wax-sealed-honey-cells 0
500.59786700000006 143.24160000000006 446.610667 143.24160000000006 446.610667 215.34400000000005 500.59786700000006 215.34400000000005 wax-sealed-honey-cells 0
582.5824 153.40160000000006 516.272 153.40160000000006 516.272 261.6128000000001 582.5824 261.6128000000001 wax-sealed-honey-cells 0
473.069333 263.70000000000005 427.2592 263.7 427.2592 403.63120000000004 473.069333 403.6312000000001 nectar 0
407.541333 150.49840000000006 377.91573299999993 150.49840000000006 377.91573299999993 195.64880000000005 407.541333 195.64880000000005 nectar 0
438.9584 180.25040000000007 416.1328 180.25040000000007 416.1328 196.99760000000003 438.9584 196.99760000000003 nectar 0
435.0688 194.76240000000007 405.490133 194.76240000000007 405.490133 227.09360000000007 435.0688 227.09360000000007 nectar 0
576.897067 244.83200000000005 481.441067 244.83200000000005 481.441067 398.2400000000001 576.897067 398.2400000000001 nectar 0
537.999467 165.0112000000001 516.272533 165.0112000000001 516.272533 221.25440000000003 537.999467 221.25440000000003 nectar 0
556.2512 203.47040000000007 532.719467 203.47040000000007 532.719467 233.83200000000005 556.2512 233.83200000000005 nectar 0
579.290667 133.08240000000006 545.298133 133.08240000000006 545.298133 191.15760000000006 579.290667 191.15760000000006 nectar 0
576 224.51520000000005 558.843733 224.51520000000005 558.843733 242.81600000000003 576 242.81600000000003 nectar 0
515.857067 207.09920000000005 479.989333 207.09920000000005 479.989333 239.67200000000005 515.857067 239.67200000000005 nectar 0
519.148267 140.33920000000006 496.437867 140.33920000000006 496.437867 195.20000000000005 519.148267 195.20000000000005 nectar 0
502.6912 186.78080000000006 481.441067 186.78080000000006 481.441067 205.98080000000004 502.6912 205.98080000000004 nectar 0
360.2864 133.08320000000006 294.7088 133.08320000000006 294.7088 189.29120000000006 360.2864 189.29120000000006 nectar 0
188.950933 172.268 112.81333300000003 172.268 112.81333300000003 216.24400000000003 188.950933 216.24400000000003 nectar 0
114.84320000000002 172.268 70.24266700000003 172.268 70.24266700000003 233.31279999999998 114.84320000000002 233.31279999999998 nectar 0
145.36266700000002 222.3376 110.87840000000003 222.3376 110.87840000000003 314.6192 145.36266700000004 314.6192 nectar 0
111.85013300000006 273.1328 43.151467000000025 273.1328 43.15146700000003 348.75839999999994 111.85013300000006 348.75839999999994 nectar 0
120.65600000000006 348.3912 82.18773300000007 348.3912 82.18773300000007 391.1256 120.65600000000006 391.1256 nectar 0
140.87253300000006 316.1248 119.62240000000003 316.1248 119.62240000000006 393.4592 140.87253300000006 393.4592 nectar 0
103.03200000000005 399.096 80.51146700000005 399.096 80.51146700000005 438.0784 103.03200000000005 438.0784 nectar 0
104.67040000000003 141.7608 63.97600000000001 141.7608 63.97600000000001 161.2568 104.67040000000003 161.2568 nectar 0
198.906667 131.3512 140.933333 131.3512 140.933333 173.3144 198.906667 173.3144 nectar 0
280.704 144.05680000000007 256.8768 144.05680000000007 256.8768 191.01200000000006 280.704 191.01200000000006 nectar 0
233.22026700000004 135.41520000000003 203.880533 135.4152 203.880533 163.90320000000003 233.22026700000004 163.90320000000006 nectar 0
549.087467 111.75440000000006 525.609067 111.75440000000006 525.609067 142.94320000000005 549.087467 142.94320000000005 nectar 0
590.298667 81.09040000000007 541.509333 81.09040000000006 541.509333 137.31920000000005 590.298667 137.31920000000005 empty-cells 0
595.555733 401.4520000000001 482.2448 401.4520000000001 482.2448 453.5944000000001 595.555733 453.5944000000001 empty-cells 0
426.397333 209.68480000000002 149.011733 209.6848 149.01173300000002 445.8096 426.397333 445.8096 empty-cells 0
253.341867 170.38960000000003 187.784533 170.3896 187.784533 216.17360000000002 253.341867 216.17360000000005 empty-cells 0
81.58400000000006 352.724 42.12586700000004 352.724 42.12586700000004 447.756 81.58400000000006 447.756 empty-cells 0
95.84266700000002 91.79680000000002 34.789867000000015 91.79680000000002 34.789867000000015 144.168 95.84266700000003 144.168 empty-cells 0