49.19228400000007 468.659917 7.624329608721968 467.45041285809737 3.9653120000000577 593.202671 45.53326639127816 594.4121751419026 nectar 0
84.8096110000001 529.698959 51.26219708998016 528.7228289765171 49.562037000000046 587.1535430000001 83.10945091001999 588.129673023483 nectar 0
565.9176548088742 568.0829571084832 564.86552 531.9234369999998 470.35946719112565 534.6732828915166 471.41160199999996 570.832803 nectar 0
569.1376400000001 409.80570300000005 547.0822175338153 409.1639556603467 543.5383449999999 530.958938 565.5937674661848 531.6006853396534 nectar 0
90.88689800000009 287.486418 14.04751837196142 285.25062029800813 8.832208000000003 464.4892039999999 85.67158762803868 466.7250017019918 empty-cells 0
468.378885874748 559.8967873329357 465.588531 463.99850699999996 90.26655812525199 474.91926066706446 93.05691299999998 570.8175410000001 empty-cells 0
98.68906300000006 466.68016499999993 50.98856842043333 465.2922228037903 49.237468000000035 525.47366 96.93796257956676 526.8616021962096 empty-cells 0
544.2466450000001 280.51212800000013 475.9975074355201 278.52628091661774 468.71508400000005 528.8069410000002 536.9642215644799 530.7927880833826 empty-cells 0
490.3288289141376 470.4581540361243 482.528216 202.36848799999996 73.77137108586237 214.26209796387576 81.571984 482.35176400000006 empty-cells 0
485.92268744561534 392.2815115140612 484.6509980000001 348.576379 436.20039655438467 349.9861474859388 437.4720860000001 393.69128 wax-sealed-honey-cells 0
508.7249939999999 289.8986250000001 479.4253154282693 289.0460912787983 477.767596 346.0182030000001 507.0672745717308 346.87073672120187 wax-sealed-honey-cells 0