86.79049699999999 180.755993 85.59339743962872 112.17420223338758 61.05904099999999 112.60245099999999 62.25614056037127 181.1842417666124 wax-sealed-honey-cells 0
547.4783091382549 116.41502103242482 433.05295500000005 112.41920000000006 430.72043786174527 179.21375796757536 545.1457920000001 183.2095790000001 wax-sealed-honey-cells 0
574.898458 221.143662 573.9352071734749 165.95902828764483 550.0487909999999 166.37596700000003 551.0120418265251 221.5606007123552 wax-sealed-honey-cells 0
429.193526710753 121.32211355161166 332.3382720000001 117.93985300000004 331.38742928924717 145.16842144838844 428.24268400000005 148.55068200000005 nectar 0
449.728212 195.452025 449.15532575430854 162.63138084276642 428.76437899999996 162.98730599999996 429.33726524569136 195.80795015723356 nectar 0
156.64252622827675 123.02797713901117 84.74869900000003 120.51738900000001 82.8520887717233 174.82919186098889 154.74591600000002 177.33978000000005 nectar 0
279.13455103512877 126.57793631540747 155.187725 122.24961800000003 153.9772119648713 156.91417768459257 277.92403800000005 161.24249600000002 nectar 0
88.30349783361747 178.59657823604306 41.12145900000003 176.94894500000007 40.04100416638259 207.88912076395704 87.22304300000003 209.53675400000003 pollen 0
101.460565 457.6613070000001 99.48160164453269 344.28656290328723 61.831776 344.94374300000004 63.81073935546732 458.31848709671283 pollen 0
141.821705 450.3416729999999 140.38865898628325 368.24253458921646 108.577759 368.797796 110.01080501371676 450.8969344107835 pollen 0
560.5893469999999 244.84121899999997 559.8416611886208 202.00634395322191 520.555999 202.69207799999998 521.3036848113791 245.5269530467781 pollen 0
593.6784201230421 241.39472181661876 553.7921690000001 240.00186300000007 552.6795898769581 271.86195518338144 592.5658410000001 273.25481400000007 pollen 0
583.9566282880687 377.504806255625 540.8921579999999 376.000962 539.522585711931 415.22038574437494 582.5870559999998 416.7242299999999 pollen 0
503.432338 484.03734499999996 502.72892366221504 443.73877714943535 479.96574699999996 444.1361099999999 480.6691613377849 484.4346778505645 pollen 0
516.1396600000002 450.25716800000004 515.5275690531233 415.1905252065498 483.542961 415.748819 484.15505194687677 450.81546179345025 pollen 0
502.4154537871018 385.3500035499172 482.66131400000006 384.6601740000001 482.19043821289847 398.14429645008306 501.94457800000015 398.83412600000014 pollen 0
448.7468809999999 415.12455299999993 447.8382035609976 363.0664873508167 401.24082999999996 363.8798479999999 402.1495074390023 415.9379136491832 pollen 0
475.6868807403196 422.8020098349716 402.22454200000004 420.236648 400.40506325968056 472.33969316502845 473.8674020000001 474.90505500000006 pollen 0
288.48375000000004 429.7620999999999 288.27568094796845 417.8418709571938 281.066276 417.9677120000001 281.2743450520316 429.88794104280623 bee-larvae 0
224.68575618661066 433.35547436814556 191.58862200000002 432.199697 190.91016581338937 451.62814063185454 224.00730000000004 452.783918 pollen 0
232.20907116578752 400.611126350791 195.18759700000004 399.318308 194.1679328342126 428.51766964920904 231.18940700000002 429.810488 pollen 0
105.794506 340.71127399999995 105.33708627202867 314.5057071092096 90.607094 314.76282 91.06451372797136 340.9683868907904 nectar 0
80.95821599999996 288.29781 80.64156018945329 270.1566623488959 71.59809899999999 270.314517 71.91475481054667 288.45566465110414 pollen 0
299.6851434829105 200.22230039255766 73.942509 192.339193 70.19563451708952 299.63562760744236 295.93826900000005 307.51873500000005 capped-brood-cells 0
297.7817405790446 304.27392830828444 61.087939000000034 296.008399 55.65181242095548 451.67870369171555 292.345614 459.944233 capped-brood-cells 0
543.8208647369828 172.39148098980593 322.0339220000001 164.64651100000003 315.4685412630173 352.6544340101942 537.2554840000001 360.3994040000001 empty-cells 0
359.57599000000005 482.13906399999996 357.4245200011437 358.88139159460815 303.812763 359.81718800000004 305.96423299885635 483.07486040539186 capped-brood-cells 0
401.580592 482.678463 399.39140762442537 357.2601707285697 353.217114 358.066146 355.4062983755747 483.48443827143035 empty-cells 0
588.927327 169.359844 587.9532960344735 113.55768280615202 541.293047 114.372141 542.2670779655265 170.174302193848 nectar 0