127.39413299999998 41.53840000000002 87.370667 41.53840000000002 87.370667 82.03600000000002 127.39413299999998 82.03600000000003 wax-sealed-honey-cells 0
94.83413300000001 49.619200000000006 48.2144 49.6192 48.21440000000001 171.7824 94.83413300000002 171.7824 nectar 0
134.025067 81.86720000000001 96.944533 81.8672 96.94453300000004 167.6528 134.025067 167.6528 nectar 0
156.7152 44.88880000000002 133.349867 44.88880000000002 133.349867 154.9224 156.7152 154.9224 nectar 0
204.5104 48.32880000000002 156.281067 48.328800000000015 156.281067 87.82800000000003 204.5104 87.82800000000003 nectar 0
247.965867 102.11040000000003 240.699733 102.11040000000003 240.699733 112.98720000000003 247.965867 112.98720000000003 bee-larvae 0
106.88480000000001 172.8968 53.772267000000014 172.8968 53.77226700000002 278.4888 106.88480000000001 278.4888 nectar 0
556.741867 73.94080000000005 489.338133 73.94080000000005 489.338133 300.0208000000001 556.741867 300.0208000000001 nectar 0
495.005333 43.602400000000046 206.2704 43.60240000000003 206.2704 412.25680000000006 495.005333 412.2568000000001 empty-cells 0
212.69760000000002 155.688 97.05813300000003 155.688 97.05813300000004 399.4448 212.69760000000005 399.4448 empty-cells 0
96.49226700000003 283.7848 24.798400000000036 283.7848 24.798400000000044 398.4584 96.49226700000006 398.4584 empty-cells 0
571.579733 301.02960000000013 479.709867 301.02960000000013 479.709867 417.1848000000001 571.579733 417.1848000000001 empty-cells 0
589.3296 66.46960000000007 557.603733 66.46960000000006 557.603733 250.54160000000002 589.3296 250.54160000000002 empty-cells 0