108.49706700000002 59.8408 23.680000000000007 59.8408 23.680000000000014 190.8472 108.49706700000002 190.8472 wax-sealed-honey-cells 0
109.43733300000002 102.3384 58.797333000000016 102.3384 58.797333000000016 169.7672 109.43733300000002 169.7672 nectar 0
64.27626700000003 183.0624 37.003733000000025 183.0624 37.003733000000025 288.2816 64.27626700000003 288.2816 nectar 0
237.160533 65.64560000000003 145.969067 65.64560000000003 145.969067 108.90800000000002 237.160533 108.90800000000002 nectar 0
277.911467 76.32080000000003 244.260267 76.32080000000003 244.260267 128.66160000000005 277.911467 128.66160000000005 nectar 0
401.660267 69.64800000000004 291.850133 69.64800000000002 291.850133 117.44960000000005 401.660267 117.44960000000006 nectar 0
519.9616 73.65120000000006 413.713067 73.65120000000006 413.713067 133.46560000000005 519.9616 133.46560000000005 nectar 0
576.807467 102.33840000000004 537.355733 102.33840000000004 537.355733 147.87920000000005 576.807467 147.87920000000005 nectar 0
573.962667 135.02800000000005 514.673067 135.02800000000005 514.673067 352.8760000000001 573.962667 352.8760000000001 capped-brood-cells 0
555.586133 193.19600000000005 530.769067 193.19600000000005 530.769067 225.64560000000006 555.586133 225.64560000000006 nectar 0
563.3696 237.0080000000001 552.139733 237.0080000000001 552.139733 256.9984000000001 563.3696 256.9984000000001 pollen 0
571.7232 143.68640000000005 559.976 143.68640000000005 559.976 167.50080000000003 571.7232 167.50080000000003 pollen 0
540.966933 119.82240000000006 523.645333 119.82240000000006 523.645333 131.87360000000007 540.966933 131.87360000000007 pollen 0
174.16426700000002 125.53840000000001 82.72533300000003 125.5384 82.72533300000005 388.308 174.16426700000005 388.308 capped-brood-cells 0
317.573867 233.66960000000003 171.07680000000005 233.6696 171.07680000000005 403.60720000000003 317.573867 403.60720000000003 capped-brood-cells 0
255.017067 101.14320000000004 175.912 101.14320000000004 175.912 212.08560000000003 255.017067 212.08560000000006 capped-brood-cells 0
396.8949329999999 109.05520000000004 288.4384 109.05520000000003 288.4384 224.22160000000005 396.8949329999999 224.22160000000005 capped-brood-cells 0
402.166933 294.9888 315.6912 294.9888 315.6912 413.632 402.166933 413.632 capped-brood-cells 0
415.170667 242.90080000000006 337.66986700000007 242.90080000000006 337.66986700000007 304.9456 415.170667 304.9456 capped-brood-cells 0
511.28906700000005 310.15280000000007 417.229333 310.1528 417.229333 399.3864000000001 511.28906700000005 399.3864000000001 capped-brood-cells 0
498.28586700000005 143.99920000000006 408.877867 143.99920000000006 408.877867 313.91440000000006 498.28586700000005 313.9144000000001 empty-cells 0
114.18453300000007 378.6328 32.371200000000044 378.6328 32.37120000000005 434.8968 114.18453300000007 434.8968 empty-cells 0
557.039467 401.3808000000001 416.73760000000004 401.3808 416.73760000000004 445.65600000000006 557.039467 445.6560000000001 empty-cells 0
566.701333 345.9312000000001 533.3264 345.9312000000001 533.3264 408.11040000000014 566.701333 408.11040000000014 empty-cells 0