99.83573300000003 186.41359999999997 80.29866700000002 186.41359999999997 80.29866700000002 226.524 99.83573300000003 226.524 wax-sealed-honey-cells 0
153.627733 153.8184 105.13280000000003 153.8184 105.13280000000003 189.884 153.627733 189.884 wax-sealed-honey-cells 0
257.8176 157.69920000000002 192.053333 157.6992 192.053333 209.75680000000006 257.8176 209.75680000000006 wax-sealed-honey-cells 0
495.479467 147.60960000000006 336.9216 147.60960000000006 336.9216 220.31360000000006 495.479467 220.31360000000006 wax-sealed-honey-cells 0
554.184533 219.86320000000006 415.3536 219.86320000000006 415.3536 334.3864000000001 554.184533 334.3864000000001 nectar 0
192.884267 167.7936 155.186133 167.7936 155.186133 208.6416 192.884267 208.6416 nectar 0
260.429333 208.73440000000002 178.5808 208.7344 178.58080000000004 255.96320000000003 260.429333 255.96320000000006 nectar 0
266.267733 254.86880000000008 240.45866700000005 254.86880000000008 240.45866700000005 268.4624 266.267733 268.4624 nectar 0
278.7312 246.17440000000005 268.837867 246.17440000000005 268.837867 260.3056 278.7312 260.3056 nectar 0
576.693867 100.82400000000004 57.43093300000002 100.824 57.43093300000002 151.07040000000003 576.693867 151.07040000000006 empty-cells 0
317.74986700000005 151.59120000000004 258.2864 151.59120000000004 258.28640000000007 479.2408 317.7498670000001 479.2408 empty-cells 0
100.79200000000003 159.7704 41.07893300000001 159.7704 41.07893300000002 187.98 100.79200000000003 187.98 empty-cells 0
81.17226700000005 185.6712 41.07840000000003 185.6712 41.07840000000004 385.4264 81.17226700000006 385.4264 empty-cells 0
255.55946700000007 267.6128 64.45973300000003 267.6128 64.45973300000004 481.49119999999994 255.55946700000007 481.49119999999994 empty-cells 0
172.85760000000005 196.7072 102.97173300000003 196.7072 102.97173300000003 267.4656 172.85760000000005 267.4656 empty-cells 0
412.27893300000005 223.84240000000005 332.809067 223.84240000000005 332.8090670000001 475.9688 412.2789330000001 475.9688 empty-cells 0
585.2176 330.17280000000005 411.8768 330.1728 411.87680000000006 474.87680000000006 585.2176 474.8768000000001 empty-cells 0
591.029867 150.22720000000007 501.849067 150.22720000000007 501.849067 222.8864000000001 591.029867 222.8864000000001 empty-cells 0
599.7504 222.47440000000006 554.747733 222.47440000000006 554.747733 330.88240000000013 599.7504 330.88240000000013 empty-cells 0
335.57493300000004 350.3816 316.591467 350.3816 316.5914670000001 472.7384 335.5749330000001 472.7384 empty-cells 0