598.4456060000001 273.181746 560.4572898527664 272.5186574164902 556.016949 526.905592 594.0052651472337 527.5686805835097 wax-sealed-honey-cells 0
558.310984 434.723251 530.5980471305047 434.2395198331399 528.938902 529.29187 556.6518388694952 529.7756011668602 wax-sealed-honey-cells 0
173.56321679393722 557.2241068499445 170.816548 462.827235 44.387943206062744 466.50593215005534 47.13461199999999 560.902804 wax-sealed-honey-cells 0
99.12802764765783 495.4920194950831 98.48620200000002 473.433913 61.21349535234221 474.51843850491696 61.855321 496.57654500000007 pollen 0
53.136991000000066 369.17269099999993 26.80852859358614 368.71312589077434 23.670738000000036 548.4769939999999 49.99920040641396 548.9365591092255 empty-cells 0
89.41909300000006 432.3731379999999 81.037640019505 432.22683861883274 80.81334900000004 445.0764120000001 89.19480198049511 445.2227113811673 wax-sealed-honey-cells 0
74.44032400000005 397.389374 67.28773890046105 397.2645255478784 67.08017200000006 409.156062 74.23275709953904 409.2809104521216 wax-sealed-honey-cells 0
398.57506000000006 257.44513700000005 344.6178592626876 256.5033105403268 343.51468 319.70440700000006 397.4718807373124 320.6462334596732 nectar 0
580.6288290000001 398.7718060000002 568.2165199884184 398.5551484276354 567.518979 438.51726100000013 579.9312880115816 438.7339185723648 nectar 0
582.4082830000001 370.76223600000003 572.8278047710435 370.5950079874355 572.568216 385.4668260000001 582.1486942289566 385.63405401256466 nectar 0
548.0688472375265 481.34012977265445 547.356261 456.850119 505.24922076247367 458.07530822734566 505.961807 482.565319 nectar 0
552.0453590000001 409.98702400000013 525.5921979610841 409.5252823451011 524.7716410000002 456.5349580000002 551.2248020389161 456.9966996548992 nectar 0
560.300117 380.5920500000001 544.1926780889138 380.3108934036901 543.6488090000001 411.46911 559.7562479110863 411.75026659631 nectar 0
557.5407570000001 353.91393600000004 539.6044059795036 353.60085531733364 539.183246 377.729055 557.1195970204966 378.0421356826663 nectar 0
542.7018860000001 353.94510700000006 534.6796079709563 353.8050775937859 534.4792370000001 365.2843210000001 542.5015150290438 365.4243504062143 pollen 0
565.9247080000001 354.06978500000014 554.8958083081733 353.87727476046325 554.6506260000001 367.92375400000014 565.6795256918269 368.116264239537 pollen 0
518.3328752705473 522.0930887992133 517.144441 481.249241 473.0927757294527 482.5310132007867 474.2812099999999 523.3748610000001 nectar 0
463.240261 498.0059749999999 431.7714445836432 497.4566849593688 431.190064 530.7639679999999 462.65888041635674 531.3132580406311 nectar 0
431.6415790000001 486.267834 409.49211913250986 485.88121382972327 408.86391100000003 521.871242 431.01337086749027 522.2578621702768 nectar 0
386.2949860000002 396.63750100000004 308.618402741295 395.2816510727105 306.67625000000004 506.54749700000013 384.35283325870523 507.9033469272896 capped-brood-cells 0
355.857673 278.63315100000005 292.98612045192954 277.5357243312469 290.7844320000001 403.6704130000001 353.6559845480706 404.76783966875325 capped-brood-cells 0
352.42488774685563 277.0882700972139 350.52516800000006 211.799151 246.80161125314444 214.81719890278606 248.70133100000004 280.10631800000004 capped-brood-cells 0
251.92267000000004 238.20423100000002 214.06864467724006 237.5434863643241 213.17154000000005 288.93856600000004 251.02556532276003 289.5993106356759 capped-brood-cells 0
216.49181500000003 257.3403630000001 182.37661706134338 256.74488011258563 181.45822700000002 309.35942100000005 215.57342493865673 309.9549038874145 capped-brood-cells 0
188.64806664864778 408.5916877671609 188.15190199999995 391.53959699999996 167.96462235135215 392.12698623283916 168.46078699999998 409.179077 capped-brood-cells 0
184.63330100000007 332.499231 158.1492320883386 332.0369498351294 157.57997500000005 364.6496650000001 184.0640439116615 365.11194616487074 capped-brood-cells 0
121.04055600000002 322.176576 63.34879241721239 321.16956246541207 62.00909800000005 397.92059999999987 119.7008615827877 398.9276135345878 nectar 0
104.70623200000006 393.65097800000007 75.66530878392443 393.1440666866046 74.94980800000003 434.13507000000004 103.99073121607566 434.6419813133955 nectar 0
99.71570662800175 467.87214600756715 99.024553 444.11873699999995 61.13742037199826 445.221139992433 61.82857400000002 468.97454900000014 nectar 0
156.1720054951585 320.6785970764125 155.446029 295.72841 127.41355450484151 296.54407192358747 128.139531 321.49425899999994 nectar 0
448.2751280000001 268.62299800000005 410.9923722324304 267.97222504184725 408.55633500000005 407.532697 445.83909076756976 408.1834699581527 capped-brood-cells 0
483.4070770000001 260.3812310000001 446.5165353981713 259.7373038599157 445.67140600000005 308.1547090000001 482.5619476018288 308.7986361400845 capped-brood-cells 0
602.6204327253932 278.6766170315537 599.1643860000001 159.899985 469.66640927460685 163.66799096844625 473.12245599999994 282.4446229999999 empty-cells 0
534.5519937976051 480.1350422272145 532.150298 397.594103 386.4392252023948 401.8338617727855 388.840921 484.37480100000005 empty-cells 0
546.030331 295.03494500000005 449.7523363380561 293.35440646214914 447.93579099999994 397.424226 544.2137856619439 399.1047645378509 empty-cells 0
307.627392 308.70594 188.8301061457062 306.63232552474716 184.64264500000002 546.531798 303.43993085429383 548.6054124752528 empty-cells 0
183.58419364857195 279.98845496717496 180.57503 176.57020899999998 46.386515351428045 180.47469603282505 49.395679 283.892942 empty-cells 0
269.619296490044 243.0289980014282 267.644492 175.159376 175.954346509956 177.82728699857188 177.929151 245.69690900000006 empty-cells 0
477.6653531374854 265.99113196539685 474.61853099999996 161.27864 337.90040086251463 165.25673103460315 340.94722300000006 269.969223 empty-cells 0
414.7356672554968 556.15888127881 413.097095 499.84479899999997 299.85875774450324 503.13969772119003 301.49733000000003 559.45378 empty-cells 0
350.39199238343315 213.47897430539052 348.881599 161.57012199999997 265.60417261656687 163.99324769460944 267.114566 215.9021 empty-cells 0
165.53883200000007 345.39655200000004 109.33812221362342 344.41556481253895 107.29023800000004 461.7387550000001 163.49094778637675 462.71974218746107 empty-cells 0
187.81713300000007 413.61972200000014 159.92087917745138 413.1327910007782 158.53698400000005 492.41607999999997 186.43323782254873 492.9030109992219 empty-cells 0