590.3488 48.63920000000004 38.613333 48.6392 38.613333000000004 163.95920000000004 590.3488 163.95920000000007 wax-sealed-honey-cells 0
69.22293300000004 181.996 34.58933300000003 181.996 34.58933300000004 394.6856 69.22293300000005 394.6856 capped-brood-cells 0
573.72 174.51760000000004 530.034667 174.51760000000004 530.034667 344.9736000000001 573.72 344.9736000000001 capped-brood-cells 0
547.9664 347.08080000000007 494.755733 347.08080000000007 494.755733 394.68560000000014 547.9664 394.68560000000014 capped-brood-cells 0
534.781867 408.62800000000004 481.717333 408.62800000000004 481.717333 445.31760000000014 534.781867 445.31760000000014 capped-brood-cells 0
373.022933 211.66880000000006 337.217067 211.66880000000006 337.217067 235.15680000000006 373.022933 235.15680000000006 pollen 0
408.2416 235.37120000000004 370.796267 235.37120000000004 370.796267 263.608 408.2416 263.608 pollen 0
317.481067 228.45280000000005 268.7504 228.45280000000005 268.7504 304.392 317.481067 304.392 pollen 0
149.15786700000004 203.72880000000004 116.51466700000003 203.72880000000004 116.51466700000003 279.4168 149.15786700000007 279.4168 pollen 0
229.61706700000005 236.5888 171.28106700000006 236.5888 171.28106700000006 282.704 229.61706700000005 282.704 pollen 0
225.78506699999997 172.9232 193.186667 172.9232 193.186667 231.7584 225.78506699999997 231.7584 pollen 0
110.29600000000003 257.1256 74.75573300000003 257.1256 74.75573300000003 326.2536 110.29600000000003 326.2536 pollen 0
170.50400000000002 345.4368 91.18560000000002 345.4368 91.18560000000004 381.3088 170.50400000000002 381.3088 pollen 0
250.41546700000004 297.1736 209.61653300000006 297.1736 209.61653300000006 368.1608 250.41546700000004 368.1608 pollen 0
294.202667 302.308 255.48266700000005 302.308 255.48266700000005 392.812 294.202667 392.812 pollen 0
328.138133 301.2816 305.4576 301.2816 305.4576 349.2624 328.138133 349.2624 pollen 0
298.034667 359.812 260.275733 359.812 260.275733 388.7032 298.034667 388.7032 pollen 0
335.79999999999995 368.028 312.9872 368.028 312.9872 399.3864 335.79999999999995 399.3864 pollen 0
317.738133 394.7264 265.0672 394.7264 265.0672 438.0064 317.738133 438.0064 pollen 0
377.548267 249.93840000000006 341.7392 249.93840000000006 341.7392 285.9912 377.548267 285.9912 pollen 0
488.11093299999993 240.69680000000005 427.995733 240.69680000000005 427.995733 373.09200000000004 488.11093299999993 373.0920000000001 pollen 0
424.6192 295.12 345.846933 295.12 345.846933 342.688 424.6192 342.688 pollen 0
415.8624 363.9208 341.054933 363.9208 341.054933 382.1304 415.8624 382.1304 pollen 0
398.894933 392.672 352.008533 392.672 352.008533 445.40160000000003 398.894933 445.40160000000003 pollen 0
218.12266700000006 402.9408 106.24640000000005 402.9408 106.24640000000005 444.5792 218.12266700000006 444.5792 nectar 0
266.836267 172.9240000000001 232.208 172.9240000000001 232.20800000000003 293.3864 266.836267 293.3864 nectar 0
152.44160000000005 285.8784 111.72266700000003 285.8784 111.72266700000003 342.688 152.44160000000005 342.688 nectar 0
206.62826700000005 294.0936 169.22666700000005 294.0936 169.22666700000005 359.9448 206.62826700000005 359.9448 nectar 0
203.34453300000007 355.7048 167.85760000000005 355.7048 167.85760000000005 401.028 203.34453300000007 401.028 nectar 0
536.3376 192.43440000000007 482.077333 192.43440000000007 482.077333 277.7736000000001 536.3376 277.7736000000001 nectar 0
427.96426699999995 176.00400000000005 373.2304 176.00400000000005 373.2304 230.93680000000006 427.96426699999995 230.93680000000006 nectar 0
123.82026700000003 174.9768 72.01760000000003 174.9768 72.01760000000003 218.6104 123.82026700000003 218.6104 nectar 0
114.96213300000002 210.628 67.21600000000002 210.628 67.21600000000002 263.676 114.96213300000002 263.676 pollen 0
96.40480000000005 394.3712 42.89120000000004 394.3712 42.89120000000005 445.83680000000004 96.40480000000005 445.83680000000004 empty-cells 0
607.287467 384.1920000000001 544.424533 384.1920000000001 544.424533 445.8368000000001 607.287467 445.8368000000001 empty-cells 0
613.255467 115.65440000000008 580.8224 115.65440000000008 580.8224 241.36960000000005 613.255467 241.36960000000005 nectar 0