111.88094809062906 579.1145412320359 111.11016200000002 446.627503 26.284480909370934 447.12100376796405 27.055266999999983 579.6080419999998 wax-sealed-honey-cells 0
112.57050005030126 535.9984316382673 112.17306699999997 467.6856179999999 61.5279239496987 467.9802633617327 61.92535699999999 536.293077 nectar 0
66.93742182640578 455.9176460275822 66.322505 350.222353 39.04720117359422 350.3810359724178 39.662117999999985 456.076329 nectar 0
241.25687064366335 568.8168578651548 240.250336 525.5720269999999 148.30402835633666 527.712101134845 149.310563 570.9569319999999 nectar 0
281.1942746453397 557.798182076392 280.8863470000001 504.86993900000004 247.2317293546604 505.06573592360803 247.53965700000003 557.993979 nectar 0
405.81251865466845 560.9838414900981 404.700376 513.201654 294.05620134533154 515.7769255099018 295.168344 563.559113 nectar 0
524.3001612029855 554.2222680051902 522.908531 494.43215900000007 415.6163577970147 496.9294119948098 417.00798800000007 556.719521 nectar 0
579.9394977560709 524.9249588893305 579.670542 478.69545700000003 540.2148012439291 478.92500411066965 540.483757 525.1545060000001 nectar 0
576.9065294994957 492.64787932580646 575.633106 273.764871 516.3374845005042 274.1098426741935 517.6109079999999 492.9928509999999 capped-brood-cells 0
558.1880834526909 434.3058162965692 557.996776 401.4229889999999 533.177189547309 401.56738570343066 533.3684969999999 434.45021299999996 nectar 0
565.7152795168619 390.075464766427 565.597838 369.88902700000006 554.3668304831382 369.9543672335732 554.484272 390.14080500000006 pollen 0
574.6118610549362 483.21166391093726 574.47212 459.1921950000001 562.7237269450638 459.26054508906276 562.863468 483.28001399999994 pollen 0
544.2035070808475 507.581560929361 543.9231259999999 495.5352549999999 526.3912569191523 495.94331407063896 526.6716379999999 507.98962000000006 pollen 0
177.16660362325743 512.004116750574 175.62856799999997 247.638282 84.18034737674253 248.17031224942605 85.71838299999999 512.536147 capped-brood-cells 0
319.95270637469855 401.49616146695666 318.94916000000006 229.00118600000008 172.43721462530146 229.85356753304342 173.440761 402.34854300000006 capped-brood-cells 0
258.16007798337245 534.3021364441014 257.5066 421.97881199999995 178.39349901662754 422.4390785558985 179.046977 534.7624029999998 capped-brood-cells 0
399.9948939396256 523.600276751252 399.31386100000003 406.540568 290.8463130603744 407.17161324874803 291.527346 524.231322 capped-brood-cells 0
404.18293155449584 337.16025376773194 403.48390300000005 217.00746100000003 316.9993874455042 217.5106132322681 317.698416 337.663406 capped-brood-cells 0
418.5634789740089 387.41079821804647 417.1199559999999 325.39119500000004 338.53660002599094 327.22024378195357 339.98012299999994 389.239847 capped-brood-cells 0
514.7650070602842 317.91057671156875 512.688916 228.713215 417.0722369397157 230.93871728843118 419.14832799999994 320.136079 capped-brood-cells 0
501.1805953517767 485.9638490210569 500.18297799999993 314.48786799999993 410.76589764822313 315.00808097894304 411.763515 486.484062 empty-cells 0
116.68681668502762 258.6866758194055 115.377789 202.445525 32.582762314972385 204.37260118059456 33.89179 260.613752 empty-cells 0
559.2002254712125 225.63598156825688 558.170127 181.378762 417.09574752878734 184.6623054317431 418.125846 228.919525 empty-cells 0
568.415564587473 281.461300601626 568.050427 218.69948 534.672104412527 218.89366939837396 535.037242 281.65549 empty-cells 0