284.301128 542.445818 279.8700495515699 288.58950920873355 42.80431999999999 292.72750700000006 47.23539844843013 546.5838157912665 nectar 0
570.4800870000001 528.105001 565.9459237393105 268.3429815673337 381.5553069999999 271.561532 386.0894702606896 531.3235514326664 nectar 0
379.45113000000003 377.682685 377.13909309325055 245.2261933084866 280.232578 246.91770300000002 282.5446149067494 379.3741946915135 nectar 0
378.0118240936541 503.63074753215807 289.9793670000001 502.6063970000001 289.407159906346 551.7817474678421 377.43961700000006 552.806098 empty-cells 0
539.1559544195514 531.5061470597763 381.32716300000004 529.669643 381.03902158044866 554.4324589402238 538.8678130000001 556.2689630000001 empty-cells 0
604.7521360000001 555.4503180000002 602.1240879442875 404.889564980526 540.84108 405.9592640000001 543.4691280557126 556.5200170194742 nectar 0
604.277284 407.2437000000001 603.0758617539151 338.41425857497006 567.1463769999999 339.0414099999999 568.3477992460848 407.87085142502997 nectar 0
201.38373578835944 172.88866602978948 48.444685000000014 171.109059 47.04241021164059 291.6202569702105 199.98146100000002 293.399864 wax-sealed-honey-cells 0
365.56053801281894 169.42652738115825 197.98875500000003 167.476653 196.90333898718114 260.75707061884185 364.47512200000006 262.7069450000001 wax-sealed-honey-cells 0
495.03495185739735 172.08406509768193 363.95445000000007 170.55880500000006 363.1781131426028 237.2770159023182 494.2586150000001 238.80227600000006 wax-sealed-honey-cells 0
600.2688769999999 334.4990260000001 597.511802924501 176.54635097935738 564.8254709999999 177.11689300000003 567.5825450754987 335.06956802064275 wax-sealed-honey-cells 0
565.351794 266.96156700000006 563.687388598361 171.60784010509042 493.46278800000005 172.83361500000007 495.1271934016389 268.18734189490965 wax-sealed-honey-cells 0