194.63306700000004 143.0408 61.01280000000001 143.0408 61.01280000000002 253.58319999999998 194.63306700000007 253.58319999999998 wax-sealed-honey-cells 0
123.84800000000001 253.44 65.28053300000003 253.44 65.28053300000003 340.6464 123.84800000000001 340.6464 wax-sealed-honey-cells 0
582.116267 131.84080000000006 449.28 131.84080000000006 449.28 388.01840000000004 582.116267 388.01840000000016 wax-sealed-honey-cells 0
495.273067 244.68960000000004 216.2853330000001 244.68960000000004 216.2853330000001 382.8208000000001 495.273067 382.82080000000013 nectar 0
147.89973300000005 295.0728 111.13600000000002 295.0728 111.13600000000004 395.9672 147.89973300000005 395.9672 nectar 0
427.632533 93.53920000000002 43.957867000000014 93.5392 43.957867000000014 159.32160000000002 427.632533 159.32160000000005 empty-cells 0
73.83893300000004 163.6376 30.08426700000002 163.6376 30.08426700000004 450.308 73.83893300000005 450.308 empty-cells 0
608.452267 392.5544000000001 71.70560000000006 392.5544 71.70560000000006 472.2200000000001 608.452267 472.22000000000014 empty-cells 0
612.538667 105.58640000000008 583.604267 105.58640000000008 583.604267 382.8200000000001 612.538667 382.8200000000001 empty-cells 0
603.781867 92.44400000000007 433.914133 92.44400000000006 433.914133 132.15120000000005 603.781867 132.15120000000005 empty-cells 0
444.398933 163.63760000000002 194.408533 163.6376 194.40853300000003 246.96720000000002 444.398933 246.96720000000005 empty-cells 0