171.36030529097349 558.3828810033857 104.06430500000008 557.599821 103.77856070902665 582.1566209966142 171.07456100000005 582.9396809999998 wax-sealed-honey-cells 0
163.13570599999997 99.63308700000002 96.21890600605909 98.85443947928525 94.92817900000003 209.77923999999996 161.84497899394097 210.5578875207147 wax-sealed-honey-cells 0
200.39201200000002 70.95439500000002 146.45921189776544 70.3268299988104 146.18101400000003 94.235097 200.11381410223458 94.86266200118963 wax-sealed-honey-cells 0
131.18643 215.64614700000004 103.90803000105703 215.32873390916143 102.79762100000002 310.757 130.076020998943 311.0744130908386 nectar 0
177.6062572162973 195.50402300251687 145.85425700000005 195.13455500000003 145.6167697837028 215.5441549974832 177.36877000000004 215.91362300000003 nectar 0
166.35941500433316 490.2589426276181 111.94821500000005 489.625811 111.14477499566695 558.6732773723819 165.55597500000007 559.306409 nectar 0
147.3856680007708 366.4870369337608 112.65766800000006 366.08294 111.23655499922926 488.2130730662392 145.96455500000002 488.61717 nectar 0
200.14269200000007 558.7876710000002 169.1458920065102 558.4269904405223 168.61574700000008 603.9875240000001 199.61254699348999 604.348204559478 pollen 0
448.0364351544815 551.7583000017976 336.63483499999995 550.462025 336.1963388455184 588.1462919982025 447.597939 589.442567 pollen 0
439.77345300000013 511.1430660000001 359.34145292163385 510.2071549990882 358.97096100000005 542.0471550000001 439.4029610783663 542.9830660009119 pollen 0
224.43259200000003 85.96786100000001 183.65659154944296 85.49338999475734 183.19904399999996 124.81499000000002 223.97504445055702 125.28946100524273 pollen 0
252.11272500000004 54.78595000000003 220.19432500599808 54.41454548452688 219.74963499999998 92.63108000000003 251.66803499400197 93.00248451547318 pollen 0
395.872983 68.95111000000004 356.58178300924953 68.49391520509322 356.104599 109.50298300000003 395.39579899075045 109.96017779490685 pollen 0
465.05769292802796 150.14569701079867 425.95209200000005 149.69066200000006 425.68697607197214 172.47466198920148 464.79257700000005 172.9296970000001 pollen 0
430.96771156688595 136.44215600659638 397.577311 136.05362300000004 397.2047954331141 168.06748999340374 430.595196 168.45602300000007 pollen 0
379.8544860014567 149.1548008748212 366.345686 148.99761200000006 366.1240489985434 168.04507912517892 379.6328490000001 168.20226800000006 pollen 0
397.3909870706129 202.88077000082177 347.7749870000001 202.3034350000001 347.23228092938723 248.9434349991784 396.84828100000004 249.52077000000008 pollen 0
456.61051900000007 179.47485500000005 404.4121190022941 178.86747180284397 403.58908099999996 249.59920600000004 455.78748099770587 250.20658919715612 pollen 0
415.768444 363.732891 404.2260437721407 363.5985829973487 404.1420780000001 370.8145830000001 415.68447822785936 370.9488910026514 bee-larvae 0
440.3018560000001 428.94502 420.83785600041585 428.7185359642672 420.46458400000006 460.79746900000004 439.9285839995843 461.0239530357329 pollen 0
417.15174800000005 421.08688200000006 387.89894800647244 420.7464944437685 387.48597000000007 456.2376950000001 416.73876999352774 456.57808255623166 pollen 0
330.9378640000001 544.015671 305.50426392713973 543.7197239991523 305.3327080000001 558.4631910000002 330.7663080728604 558.7591380008479 nectar 0
279.08174321288476 567.3515110024772 261.4145430000001 567.1459350000001 261.3092167871155 576.197668997523 278.97641700000014 576.4032450000001 pollen 0
293.30168200000014 352.71242900000004 185.8088820003365 351.46163697108994 183.24756000000002 571.5811030000001 290.7403599996637 572.8318950289101 capped-brood-cells 0
445.87287400000014 360.745669 289.91767400122103 358.9309658950681 287.25842299999994 587.4664330000002 443.21362299877904 589.2811361049321 capped-brood-cells 0
340.5814280000001 112.68921000000005 152.2294280014392 110.4975358763163 149.76335400000002 322.43140199999993 338.11535399856086 324.6230761236837 empty-cells 0
466.510337 294.093018 346.0623367739679 292.6914789973699 345.4379369999999 346.3522790000001 465.8859372260321 347.75381800263017 capped-brood-cells 0
466.07129306453623 252.061420000751 343.0728930000001 250.63020400000005 342.53511493546387 296.8467369992491 465.5335150000001 298.2779530000001 empty-cells 0
148.26027599999998 55.40389800000001 94.90347531995096 54.78303599208694 94.360038 101.48596900000001 147.71683868004905 102.10683100791312 nectar 0