126.91079000000002 41.538400000000024 86.8927423477293 41.072748093929654 86.41609200000002 82.03600000000002 126.43413965227072 82.50165190607038 wax-sealed-honey-cells 0
94.25676100000001 49.619200000000006 47.64333934728002 49.0768039344166 46.215531 171.78239999999994 92.82895265271998 172.32479606558337 nectar 0
133.07245600000002 81.86720000000001 95.99694194255034 81.43578726190376 94.99371600000002 167.6528 132.06923005744974 168.08421273809628 nectar 0
156.19287200000005 44.888800000000025 132.83070218572854 44.616956511675625 131.54718200000002 154.92240000000004 154.90935181427153 155.19424348832442 nectar 0
203.948043 48.32880000000002 155.259096 48.328800000000015 155.259096 87.82800000000003 203.948043 87.82800000000003 nectar 0
246.77770500000003 102.1104 239.51255468452598 102.02586234008373 239.38500800000003 112.98720000000002 246.65015831547404 113.0717376599163 bee-larvae 0
104.87296400000004 172.8968 51.76762135325017 172.27886296995513 50.531756000000016 278.4888000000001 103.63709864674988 279.10673703004494 nectar 0
555.8814880000001 73.94080000000007 488.4868790779788 73.15659271760278 485.8470749999999 300.02080000000007 553.2416839220213 300.80500728239736 nectar 0
494.4979730000001 43.60240000000006 205.80212875930457 40.243119962886304 201.47335799999993 412.25680000000006 490.16920224069554 415.6160800371139 empty-cells 0
210.8860060000001 155.68800000000005 95.26219420109965 154.3425952186745 92.41017200000003 399.44480000000004 208.03398379890046 400.79020478132566 empty-cells 0
93.19013200000006 283.78479999999996 21.50597087138211 282.95067935641987 20.161917000000017 398.4584 91.84607812861796 399.29252064358013 empty-cells 0
568.0769360000002 301.0296000000001 476.2195072861108 299.9607421411995 474.85548199999994 417.1848000000001 566.7129107138893 418.2536578588007 empty-cells 0
588.556156 66.46960000000007 556.8345840266217 66.10048620168097 554.6884179999998 250.54160000000002 586.4099899733782 250.91071379831916 empty-cells 0