596.799141 104.32080000000005 94.375294 104.3208 94.37529400000001 204.93040000000002 596.799141 204.93040000000005 wax-sealed-honey-cells 0
160.84309300000007 313.75919999999996 158.5274020181332 214.26763260600887 70.31492299999996 216.3208 72.63061398186684 315.8123673939911 wax-sealed-honey-cells 0
283.271203 203.52000000000004 182.017514 203.52 182.01751400000003 295.8336 283.271203 295.8336 wax-sealed-honey-cells 0
495.321953 205.12000000000006 300.453688 205.12000000000006 300.453688 243.34080000000006 495.321953 243.34080000000006 wax-sealed-honey-cells 0
605.184668 308.63679999999994 602.7461649427446 203.86875457864593 548.9875539999999 205.12 551.4260570572553 309.88804542135404 wax-sealed-honey-cells 0
410.932226 344.32000000000005 82.89413700000003 344.32000000000005 82.89413700000004 466.1184 410.9322260000001 466.1184 empty-cells 0
594.7937989999999 464.70799999999997 591.3603186183311 317.19168597181135 522.8449029999998 318.78639999999996 526.2783833816686 466.3027140281886 nectar 0
383.77844400000004 244.73840000000007 314.205149 244.73840000000007 314.205149 300.7848 383.77844400000004 300.7848 wax-sealed-honey-cells 0
514.690281 463.0559999999999 511.72169810468813 335.51359086956006 412.59459899999996 337.8208 415.5631818953118 465.3632091304399 empty-cells 0
86.543826 136.12559999999996 85.34795803350144 84.74623714349366 56.125388999999984 85.4264 57.32125696649854 136.8057628565063 empty-cells 0
497.755546 304.3944000000001 175.46032500000007 304.3944 175.46032500000007 342.1464000000001 497.755546 342.1464000000002 empty-cells 0