542.391180554806 562.5312828656477 541.362133 533.063218 417.1074854451939 537.4022861343524 418.136533 566.870351 wax-sealed-honey-cells 0
558.7626596036228 531.2627781202458 557.733333 501.78672299999994 515.0058733963774 503.27879887975416 516.0352000000001 532.754854 wax-sealed-honey-cells 0
608.955703278726 564.2995986441354 608.212267 543.0103599999999 561.056030721274 544.6570913558645 561.799467 565.94633 wax-sealed-honey-cells 0
579.354133 452.31410800000003 565.616533 452.31410800000003 565.616533 471.0658350000001 579.354133 471.0658350000001 wax-sealed-honey-cells 0
474.2490670000001 372.7740580000001 442.083733 372.7740580000001 442.08373300000005 479.1948960000001 474.24906700000014 479.1948960000001 bee-larvae 0
504.006933 336.6124900000001 471.427733 336.6124900000001 471.427733 398.56938100000013 504.006933 398.56938100000013 bee-larvae 0
443.995733 224.59532700000005 404.2112 224.59532700000005 404.2112 266.261434 443.995733 266.261434 bee-larvae 0
404.7389135033489 243.92460603055125 403.821867 217.66383000000002 348.1741534966511 219.60709096944882 349.0912 245.86786700000005 bee-larvae 0
194.1208779487659 266.1595494299019 193.03786699999995 235.14616899999993 141.51432205123407 236.94541057009803 142.597333 267.958791 bee-larvae 0
36.31413300000005 250.14388300000002 16.89546700000003 250.14388300000002 16.89546700000005 570.669997 36.31413300000007 570.669997 nectar 0
102.77333300000002 291.280676 78.80960000000003 291.280676 78.80960000000003 331.9335080000001 102.77333300000002 331.9335080000001 bee-larvae 0
341.0903376642241 225.31766269634824 340.3392 203.80789300000004 235.75019533577597 207.46022130365185 236.501333 228.96999100000002 bee-larvae 0
444.8213330000001 475.292897 411.9445330000001 475.292897 411.9445330000001 521.16258 444.8213330000001 521.16258 bee-larvae 0
414.1187323998648 533.6906553469981 413.1600000000002 506.236135 384.47113460013543 507.23797165300186 385.4298670000002 534.692492 bee-larvae 0
313.6898700424654 560.8449085924251 313.318933 550.2226619999999 280.5821299575346 551.3658564075749 280.953067 561.9881030000001 wax-sealed-honey-cells 0
255.20160000000007 340.7137640000001 248.46133300000005 340.7137640000001 248.46133300000005 353.723539 255.20160000000007 353.723539 bee-larvae 0
370.421867 281.186183 358.9584 281.186183 358.9584 301.580096 370.421867 301.580096 bee-larvae 0
470.402133 260.9411960000001 442.001067 260.94119600000005 442.001067 299.513783 470.402133 299.51378300000005 bee-larvae 0
499.1840000000001 294.9041110000001 464.6304 294.9041110000001 464.6304 337.1571490000001 499.1840000000001 337.1571490000001 bee-larvae 0
499.88586699999996 398.51800100000014 470.804267 398.51800100000014 470.804267 432.2343530000001 499.88586699999996 432.2343530000001 bee-larvae 0
75.92640000000004 327.362192 59.783467000000044 327.362192 59.783467000000044 388.257115 75.92640000000006 388.257115 bee-larvae 0
444.806322346338 472.91662089410625 437.52586699999995 264.43166 110.11847765366193 275.8649781058938 117.398933 484.349939 capped-brood-cells 0
389.6494389173236 531.254742124403 387.72053299999993 476.0181009999999 84.58842708267628 486.6037068755968 86.51733299999998 541.840348 capped-brood-cells 0
120.39840000000005 356.02919499999996 54.822933000000035 356.02919499999996 54.82293300000005 497.208741 120.39840000000005 497.208741 capped-brood-cells 0
610.32 185.19595600000005 505.79306700000006 185.19595600000005 505.79306700000006 502.8045170000001 610.32 502.8045170000001 empty-cells 0
513.758933 151.96634300000005 449.592533 151.96634300000005 449.592533 292.840683 513.758933 292.84068300000007 empty-cells 0
451.3515843049992 228.7440550619775 448.7072 153.01879899999994 94.24841569500077 165.39677293802248 96.8928 241.12202900000005 empty-cells 0
116.33333300000002 206.10635 40.818667000000026 206.10635 40.81866700000003 307.116181 116.33333300000002 307.116181 empty-cells 0