575.4782078566641 530.3216100698916 574.799903 413.730897 -0.6783048566640972 417.0789309301084 0 533.669644 wax-sealed-honey-cells 0
79.47154900000007 264.27762499999994 4.319110667736734 262.0909124196497 -0.04536192002546713 412.0881091029562 75.10707641223787 414.2748216833064 wax-sealed-honey-cells 0
583.9447290000002 245.98128700000007 478.3965095469143 242.91014737312872 473.41436999999996 414.13517200000007 578.9625894530859 417.2063116268714 wax-sealed-honey-cells 0
215.20244564577777 414.0376758501143 215.019198 382.54007500000006 71.1448773542222 383.37711114988576 71.32812499999999 414.87471200000005 wax-sealed-honey-cells 0
213.26567500000004 222.814922 82.56860905746935 219.01202590407388 77.82483800000003 382.04486799999995 208.52190394253074 385.8477640959261 nectar 0
258.75581900000003 282.95364100000006 212.4444755043001 281.60611867186003 209.46034200000003 384.1641460000001 255.77168549569996 385.5116683281401 nectar 0
478.49138400000004 216.55828200000005 396.0727288135897 214.16014423123823 390.31557599999996 412.020667 472.7342311864103 414.41880476876185 nectar 0
518.677807 227.0354700000001 477.1072464928143 225.82589002774202 473.51055999999994 349.43596700000006 515.0811205071857 350.6455469722581 nectar 0
391.91101 257.73190600000004 344.64277181752846 256.356540677177 340.78587200000004 388.909584 388.0541101824715 390.28494932282297 nectar 0
343.2834307009876 279.47277961931434 343.031249 236.126386 290.6940922990124 236.43087438068565 290.946274 279.77726800000005 nectar 0
362.86131478649395 414.0688711032033 362.710147 388.08534999999995 321.48811521350603 388.3251728967966 321.639283 414.308694 nectar 0
337.163832 352.650399 282.5164256996817 351.0603219809375 280.64561699999996 415.3558509999999 335.2930233003183 416.9459280190624 nectar 0
279.9042505718471 410.4242001066911 279.77802500000007 388.727808 252.67370442815292 388.88549589330887 252.79992999999996 410.58188799999994 nectar 0
90.09784100000005 208.73639600000004 58.405243563427945 207.81423563411215 56.86539600000003 260.735366 88.55799343657213 261.65752636588786 nectar 0
467.98475500000006 269.91118500000005 461.0968207284052 269.7107669109159 460.64847900000007 285.1192980000001 467.5364132715948 285.31971608908424 pollen 0
93.00483300000003 244.481429 85.03852749662298 244.24963318872216 84.681548 256.518223 92.64785350337706 256.7500188112778 pollen 0