156.2992127055204 562.8555582252451 92.16206100000007 560.989358 90.60280629447976 614.577474774755 154.7399580000001 616.4436750000001 nectar 0
124.20376000000003 559.0680940000001 118.172946473097 351.802477749192 83.58676 352.808833 89.61757352690302 560.074449250808 nectar 0
124.98658800000001 309.09257600000007 122.16710022121165 212.1930693061717 87.914748 213.18971100000002 90.73423577878836 310.0892176938283 nectar 0
168.560698 214.724157 165.47718125184144 108.7505380102783 91.64869899999997 110.898727 94.73221574815854 216.87234598972165 nectar 0
167.59750579234864 22.83150801484353 81.46367700000002 20.32527000000001 79.15392020765138 99.70647598515652 165.287749 102.21271400000003 nectar 0
394.2266727765052 153.48435571236737 164.18927300000001 146.790951 163.1434592234948 182.73323928763267 393.180859 189.42664400000007 nectar 0
467.5261760000001 337.94532300000003 463.12035801188387 186.52714929684385 327.69706099999996 190.46756399999998 332.1028789881161 341.8857377031561 nectar 0
481.9483336795297 345.3238686521808 383.62243100000006 342.46287699999993 381.9281153204704 400.6927283478193 480.25401800000003 403.5537200000001 nectar 0
424.9642765744972 465.8923662978027 202.90107500000005 459.4309870000001 200.54267242550293 540.4840257021974 422.6058740000001 546.945405 nectar 0
426.0569339183769 551.7197263644315 139.7483860000001 543.3889979999999 137.52479608162324 619.8088226355684 423.8333440000001 628.139551 capped-brood-cells 0
206.84538493015083 477.8060146790818 119.33604400000007 475.25975300000005 117.18799406984931 549.0834433209184 204.69733500000007 551.6297050000001 capped-brood-cells 0
334.02233300000006 460.04786900000005 326.387294586284 197.64862128772825 106.96235600000001 204.033235 114.59739441371607 466.4324827122718 capped-brood-cells 0
472.64513849289335 62.81552853740641 169.21839600000004 53.98671200000002 166.8262515071067 136.19938546259368 470.25299400000006 145.02820200000008 capped-brood-cells 0
480.2287306502576 146.00002195739077 329.8720430000001 141.62509000000006 329.3261613497425 160.38582904260937 479.6828490000001 164.76076100000006 capped-brood-cells 0
351.6774320884706 44.29723647207148 193.29441500000001 39.68876100000003 192.90323791152952 53.13264452792859 351.286255 57.74112000000005 capped-brood-cells 0
402.4593237595765 26.123757529671515 169.965342 19.35887300000002 169.47077024042352 36.35620047032856 401.96475200000003 43.12108500000005 nectar 0