343.780267 121.92000000000002 62.08000000000001 121.92 62.08000000000002 210.05120000000002 343.780267 210.05120000000005 wax-sealed-honey-cells 0
310.5088 211.52080000000007 67.41333300000002 211.5208 67.41333300000002 338.0856 310.5088 338.0856 wax-sealed-honey-cells 0
425.67306700000006 109.62240000000006 345.2922669999999 109.62240000000003 345.2922669999999 296.8896 425.67306700000006 296.8896 wax-sealed-honey-cells 0
561.4624 214.81520000000006 518.768 214.81520000000006 518.768 374.42000000000013 561.4624 374.42000000000013 wax-sealed-honey-cells 0
593.989867 99.93520000000007 532.998933 99.93520000000005 532.998933 207.71600000000007 593.989867 207.71600000000007 nectar 0
529.693867 96.31040000000006 442.1568 96.31040000000006 442.1568 120.18240000000006 529.693867 120.18240000000006 nectar 0
595.098133 277.0032000000001 574.666133 277.0032000000001 574.666133 321.1472000000001 595.098133 321.1472000000001 nectar 0
583.536533 323.9832000000001 570.1488 323.9832000000001 570.1488 362.3560000000001 583.536533 362.3560000000001 nectar 0
593.8928 352.5328000000001 581.593067 352.5328000000001 581.593067 398.8656000000001 593.8928 398.8656000000001 nectar 0
526.246933 119.03920000000005 425.130133 119.03920000000005 425.130133 338.17680000000007 526.246933 338.17680000000007 wax-sealed-honey-cells 0
477.67573300000004 341.3208000000001 57.23840000000004 341.3208 57.23840000000004 474.16400000000004 477.6757330000001 474.1640000000001 empty-cells 0
337.9098670000001 225.70080000000004 313.853333 225.70080000000004 313.853333 337.99199999999996 337.9098670000001 337.99199999999996 empty-cells 0
415.618667 307.936 336.10826700000007 307.936 336.10826700000007 341.9008 415.618667 341.9008 empty-cells 0
344.171733 94.0136 54.06613300000002 94.0136 54.06613300000002 120.25200000000001 344.171733 120.25200000000001 empty-cells 0
60.65813300000003 137.184 41.586133000000004 137.184 41.586133000000025 340.208 60.658133000000035 340.208 empty-cells 0
578.237867 385.6888000000001 476.891733 385.6888000000001 476.89173300000004 475.14640000000014 578.237867 475.14640000000014 empty-cells 0