226.55174699999998 636.8165289999998 223.1552141375789 53.00208923025822 106.54870799999996 53.680486 109.94524086242106 637.4949257697416 wax-sealed-honey-cells 0
379.3067426379606 555.0120303839967 231.0570360000001 554.149539 230.61939736203956 629.3732466160034 378.8691040000001 630.2357380000001 wax-sealed-honey-cells 0
392.09242656229713 51.07734202030497 223.32389800000004 50.09547600000003 222.70925443770295 155.74378997969512 391.47778300000004 156.72565600000007 wax-sealed-honey-cells 0
259.382123 558.076335 258.5493534314474 414.9353775319829 227.04748599999994 415.11864999999995 227.8802555685525 558.2596074680171 wax-sealed-honey-cells 0
419.8733737765938 422.64239614248834 259.882333 421.71159499999993 259.12123822340624 552.5326048575116 419.112279 553.4634060000001 nectar 0
358.20204430226084 375.0372020958468 256.72185200000007 374.446807 256.45216469773925 420.80206890415326 357.932357 421.392464 nectar 0
422.4832302536545 157.57801774950653 226.54089300000004 156.43805900000004 226.06094074634555 238.93487425049358 422.00327800000014 240.07483300000007 nectar 0
411.05905787491747 117.01479185370619 288.416482 116.30127800000002 288.17440212508245 157.91126114629387 410.816978 158.62477500000006 nectar 0
381.8938543961235 242.73578593335878 250.440917 241.97101500000005 250.16565760387664 289.2840790666414 381.61859500000014 290.0488500000001 nectar 0
403.82067900000004 343.200223 403.5220622051724 291.8723071391578 360.169797 292.12452300000007 360.46841379482765 343.4524388608423 nectar 0
251.520105 307.702003 251.28380176140132 267.0849487367224 225.296761 267.2361369999999 225.53306423859866 307.8531912632775 nectar 0
287.66629271305646 294.17995994695974 224.64261 293.813299 224.32437928694355 348.5125290530403 287.348062 348.87919000000005 nectar 0
251.761299 376.6605379999999 251.6065500329962 350.0613773300265 229.90721899999997 350.1876199999999 230.06196796700377 376.7867806699734 nectar 0
434.23693438449794 546.3201775248542 382.0534070000001 546.016582 381.86884961550214 577.739234475146 434.052377 578.0428300000002 nectar 0
368.3548199029542 166.21853872984684 353.106596 166.12982700000006 353.0664850970458 173.02429327015324 368.314709 173.11300500000002 pollen 0
398.16962449069126 542.1627428035514 386.08644000000004 542.0924450000001 386.04004950930886 550.0663051964488 398.12323400000014 550.136603 pollen 0