167.7288 92.44358100000002 95.3496 92.44358100000001 95.34960000000001 179.079919 167.7288 179.079919 wax-sealed-honey-cells 0
267.2207657732253 105.45511248931857 264.75600000000003 34.87344999999999 148.03363422677467 38.94948451068143 150.4984 109.531147 wax-sealed-honey-cells 0
146.61680000000004 194.770696 91.72240000000002 194.770696 91.72240000000004 414.96925 146.61680000000007 414.96925 wax-sealed-honey-cells 0
150.20960000000005 411.855365 92.44640000000005 411.855365 92.44640000000005 540.157301 150.20960000000005 540.157301 wax-sealed-honey-cells 0
217.22697813316194 493.01213396223255 215.344 439.090689 141.358621866838 441.6743150377674 143.2416 495.59576 wax-sealed-honey-cells 0
263.9255896113855 573.3659156150406 261.6128 507.13628 151.08881038861452 510.99586238495937 153.4016 577.225498 wax-sealed-honey-cells 0
405.2289766112335 458.918425413314 403.6311999999999 413.164088 262.10222338876645 418.106388586686 263.70000000000005 463.86072600000006 nectar 0
196.6820888833044 400.67304275047064 195.64879999999994 371.083526 149.46511111669554 372.6962962495294 150.49839999999998 402.285813 nectar 0
196.99760000000003 409.253492 180.25040000000007 409.253492 180.25040000000007 432.66391699999997 196.99760000000003 432.66391699999997 nectar 0
228.1252514052443 427.1024909512897 227.0936 397.55985 193.7307485947557 398.7249060487103 194.76240000000004 428.26754700000004 nectar 0
401.56933672703633 562.8739570084101 398.24 467.53422 241.50266327296373 473.0076079915899 244.832 568.347345 nectar 0
222.01219721880557 530.2466301356116 221.2544 508.5461590000001 164.25340278119444 510.53667786438865 165.0112 532.2371490000002 nectar 0
234.65274502166812 548.0569459640459 233.83199999999994 524.553874 202.64965497833185 525.642785035954 203.47039999999998 549.145857 nectar 0
192.34319926060934 572.5738949752374 191.1576 538.6227629999998 131.89680073939067 540.6921950247623 133.0824 574.6433269999999 nectar 0
243.41438032715988 567.4997820991257 242.81599999999997 550.3644109999998 223.91681967284012 551.0243849008742 224.5152 568.1597560000001 nectar 0
239.67200000000005 471.61980200000005 207.09920000000005 471.61980200000005 207.09920000000005 508.625004 239.67200000000005 508.625004 nectar 0
195.99209856591608 512.3040723136318 195.2 489.62133299999994 139.5471014340839 491.56477468636814 140.3392 514.247514 nectar 0
205.98080000000004 474.248059 186.78080000000006 474.248059 186.78080000000006 496.168671 205.98080000000004 496.168671 nectar 0
189.29120000000006 288.098606 133.08320000000006 288.098606 133.08320000000006 355.639032 189.29120000000006 355.639032 nectar 0
216.24400000000003 105.26192600000003 172.268 105.26192600000003 172.268 182.935202 216.24400000000003 182.935202 nectar 0
234.86838839903103 106.64141464053542 233.31279999999998 62.09520400000001 170.71241160096895 64.28125835946457 172.26799999999997 108.82746899999998 nectar 0
315.8219506256739 134.33392101589254 314.61920000000003 99.89165500000001 221.1348493743262 103.15620098410746 222.33760000000004 137.598467 nectar 0
351.15448821405585 99.5875477603979 348.75839999999994 30.972555 270.73671178594407 33.69713223960209 273.1328 102.312125 nectar 0
392.46730521030287 106.95073962576218 391.12559999999985 68.52932599999998 347.049494789697 70.06849737423781 348.3911999999999 108.489911 nectar 0
394.200367239089 127.10675286735221 393.45920000000007 105.88250200000002 315.3836327609111 108.60896113264779 316.12480000000005 129.833212 nectar 0
438.8638768271517 87.7065355327816 438.07839999999993 65.21343200000001 398.3105231728483 66.60215746721839 399.09600000000006 89.095261 nectar 0
161.2568 58.34478800000001 141.7608 58.34478800000001 141.7608 99.72000400000002 161.2568 99.72000400000002 nectar 0
173.3144 134.881061 131.3512 134.881061 131.3512 194.319782 173.3144 194.319782 nectar 0
191.84305086936894 274.00469305912196 191.01200000000003 250.20651399999997 143.2257491306311 251.87524694087801 144.05680000000004 275.673426 nectar 0
163.9032 198.156907 135.4152 198.156907 135.4152 228.491464 163.9032 228.491464 nectar 0
143.76208527493753 544.0671838933307 142.9432 520.61738 110.93551472506249 521.7351131066694 111.75440000000002 545.184917 nectar 0
139.02088597955301 585.4439508150591 137.3192 536.714041 79.38871402044697 538.737018184941 81.0904 587.4669280000002 empty-cells 0
453.5944000000001 466.404935 401.4520000000001 466.404935 401.4520000000001 581.53672 453.5944000000001 581.53672 empty-cells 0
445.8096 133.44371900000004 209.6848 133.44371900000002 209.68480000000002 419.074978 445.8096 419.074978 empty-cells 0
216.17360000000002 180.23558500000001 170.3896 180.23558500000001 170.38960000000003 247.391731 216.17360000000005 247.391731 empty-cells 0
449.1322302887055 65.89995697304039 447.756 26.489882999999995 351.34776971129446 29.856533026959603 352.724 69.266607 empty-cells 0
144.168 29.755410000000015 91.79680000000002 29.755410000000015 91.79680000000002 92.63705200000001 144.168 92.63705200000001 empty-cells 0