567.7687454476801 610.9133352643217 564.470812 516.472885 433.72388255232 521.0386687356781 437.02181600000006 615.4791189999999 wax-sealed-honey-cells 0
582.8408270000001 345.402026 517.5421478120624 343.88218226115674 513.5154530000001 516.885397 578.8141321879378 518.4052407388433 wax-sealed-honey-cells 0
578.1784810000001 7.283063041541027e-14 496.54354772561015 -1.9000743470347032 490.6120779988266 252.94002499997276 572.2470112732166 254.84009934700754 wax-sealed-honey-cells 0
496.84258500000004 4.0378100000000625 371.6235356294849 1.1233041469898648 368.413552 139.03728300000003 493.6326013705151 141.95178885301024 wax-sealed-honey-cells 0
444.5914831462057 129.84960115252414 443.14708099999996 88.48732799999996 353.37960285379427 91.62207684747582 354.82400499999994 132.98435 nectar 0
520.9425102949718 225.27903507783424 519.3771830000001 180.453938 464.5456187050281 182.36869892216572 466.110946 227.19379599999996 nectar 0
542.5191690000001 239.8331100000001 508.7121986956795 239.04624414004695 506.969696 313.91127500000005 540.7766663043207 314.6981408599532 nectar 0
506.8636384068817 464.25774909605815 504.01014799999996 382.54447899999997 337.0876915931183 388.37353990394183 339.941182 470.08681 nectar 0
342.3251950000001 297.25608000000005 199.43729803779115 293.93032740276414 195.79913000000002 450.240866 338.687026962209 453.5666185972359 nectar 0
464.37452448093575 569.5242802635396 463.47392899999994 543.7345999999999 417.8726505190641 545.3270317364603 418.773246 571.116712 pollen 0
466.47938744605113 540.6613955694766 465.998106 526.879293 450.5569905539488 527.4185084305234 451.038272 541.200611 pollen 0
504.8175590000001 393.6688120000001 478.3766031324866 393.0533919206714 475.9413840000001 497.6803350000001 502.38233986751356 498.29575507932884 pollen 0
426.60317316646683 587.9030074081976 422.837824 480.07751400000006 174.6569048335332 488.7441825918024 178.422254 596.5696760000001 capped-brood-cells 0
470.252559 467.623605 416.51740397303536 466.3729049731104 414.90357500000005 535.7095550000001 468.6387300269647 536.9602550268897 capped-brood-cells 0
511.838275 252.41354800000005 468.97158634481787 251.4158147297017 466.656979 350.8607820000001 509.5236676551822 351.8585152702984 capped-brood-cells 0
471.15321900000004 213.76662800000003 405.46466831836057 212.23771006538038 403.700868 288.017766 469.3894186816394 289.54668393461964 capped-brood-cells 0
466.2173329598525 167.48025121634893 464.7072079999999 124.235939 368.6557130401474 127.59013178365106 370.165838 170.83444399999996 capped-brood-cells 0
365.32045600046695 158.56256789002313 364.01627099999996 121.21559500000001 270.09705799953304 124.4953261099769 271.401243 161.84229900000003 capped-brood-cells 0
269.783907 138.43093500000006 226.033616189262 137.41263560046573 224.92258800000002 185.14693300000002 268.67287881073804 186.16523239953435 capped-brood-cells 0
222.59045251978992 215.43899769287003 221.04237400000002 171.10783 164.6043774802101 173.07868830713 166.15245600000003 217.409856 capped-brood-cells 0
326.6177398285095 118.33085577398448 325.42589200000003 84.200807 273.4524431714905 86.01576022601552 274.64429099999995 120.145809 capped-brood-cells 0
270.1720139609841 101.46450693842806 269.81556 91.257002 223.0626410390159 92.88965006157197 223.419095 103.09715500000001 capped-brood-cells 0
222.16429435066283 117.71312036210273 221.59695699999997 101.466698 190.4907106493372 102.55295163789727 191.058048 118.799374 capped-brood-cells 0
295.66992776363173 84.69102080144367 295.249722 72.657895 269.4640722363683 73.55834919855633 269.884278 85.591475 bee-larvae 0
307.38867645826804 132.6701657541665 306.952932 120.19207800000001 257.1525655417319 121.93114524583352 257.58831 134.409233 bee-larvae 0
230.34853000000004 133.94295300000005 220.47711198644737 133.71319322508475 220.116848 149.19160500000007 229.98826601355267 149.42136477491536 bee-larvae 0
224.92616923420803 97.21833294859752 224.42291799999998 82.80711100000002 196.20115976579194 83.79263705140248 196.704411 98.20385900000002 bee-larvae 0
326.90021379956966 77.90693389346418 326.28187499999996 60.20001500000001 291.51136520043036 61.414227106535826 292.12970400000006 79.121146 bee-larvae 0
250.4060495951433 54.39146987988857 249.55805400000003 30.108059999999995 223.5037064048567 31.01789812011142 224.351702 55.301308000000006 bee-larvae 0
366.229201 64.12283000000004 326.59013690374377 63.20022052324421 325.299051 118.67053400000003 364.93811509625624 119.59314347675587 bee-larvae 0
326.0922326781968 99.94497836321142 325.43077299999993 81.003238 305.0859423218031 81.71369463678859 305.74740199999997 100.65543500000001 bee-larvae 0
267.2418629551242 90.47878383480176 266.04867699999994 56.310412 222.43139604487573 57.83356116519823 223.62458199999995 92.00193299999998 bee-larvae 0