453.9273170622133 91.91240226745262 453.5863999999999 72.38128699999999 413.1350829377866 73.08736773254734 413.47599999999994 92.61848299999997 wax-sealed-honey-cells 0
486.1816 96.64646900000005 450.116 96.64646900000005 450.116 145.77092900000005 486.1816 145.77092900000005 wax-sealed-honey-cells 0
482.3008 183.63474100000005 430.2432 183.63474100000005 430.2432 250.30767700000007 482.3008 250.30767700000007 wax-sealed-honey-cells 0
492.3904 328.32689400000004 419.6864 328.32689400000004 419.68640000000005 488.153814 492.3904000000001 488.15381400000007 wax-sealed-honey-cells 0
420.1368000000001 408.020085 305.6136 408.020085 305.6136000000001 548.850028 420.1368000000001 548.850028 nectar 0
472.8642224977924 184.63039167351604 472.2064 146.94374 430.70057750220764 147.66822632648393 431.3584000000001 185.35487799999999 nectar 0
431.26559999999995 171.0530310000001 384.0368 171.0530310000001 384.0368 253.72594600000008 431.26559999999995 253.72594600000008 nectar 0
385.13120000000004 233.73617700000005 371.5376 233.73617700000005 371.5376 259.78252 385.13120000000004 259.78252 nectar 0
393.99823616175286 271.8539356247527 393.8256 261.963616 379.5217638382471 262.21329037524725 379.6943999999999 272.10360999999995 nectar 0
539.176 48.01958100000007 488.92960000000005 48.019581000000066 488.92960000000005 568.159569 539.176 568.159569 empty-cells 0
489.4464225276811 309.20654823154035 488.4088 249.76119299999993 159.72157747231893 255.49844976845952 160.7592 314.94380499999994 empty-cells 0
480.2296 32.69649400000006 452.02 32.69649400000006 452.02 92.90196200000005 480.2296 92.90196200000005 empty-cells 0
455.0284278924362 73.22971594966202 454.3288 33.148061 253.87397210756373 36.647013050337975 254.5736 76.728668 empty-cells 0
375.7218428407285 249.0012175827047 372.3872000000001 57.95969000000001 155.17415715927157 61.75115841729532 158.5088 252.792686 empty-cells 0
444.5122913191784 165.09860869064488 443.29280000000006 95.234028 371.31490868082165 96.49040730935513 372.53440000000006 166.354988 empty-cells 0
417.54432926331214 404.99066954892265 416.1576000000001 325.545009 162.64447073668794 329.9700974510773 164.0312 409.415758 empty-cells 0
309.82720000000006 406.468746 165.12320000000005 406.468746 165.12320000000005 582.335364 309.8272000000001 582.335364 empty-cells 0
489.77280000000013 493.30005100000005 417.11360000000013 493.30005100000005 417.11360000000013 583.749122 489.77280000000013 583.749122 empty-cells 0
418.31088493278264 592.4487568054278 417.52560000000005 547.4597970000001 308.3323150672173 549.3657721945724 309.1175999999999 594.3547320000001 empty-cells 0
289.9496567218319 330.51384289211035 289.6184 311.53615899999994 166.9303432781681 313.6776871078895 167.2616 332.6553709999999 empty-cells 0