284.04812960452875 572.5578662838435 204.43489300000007 570.704847 203.7558423954714 599.8796197161566 283.3690790000001 601.7326390000002 bee-larvae 0
243.74842053712936 560.183944973121 230.6341740000001 559.878708 230.44115546287077 568.171585026879 243.55540200000004 568.4768220000001 bee-larvae 0
283.25338794603636 546.5353302100436 253.52531400000004 545.843401 253.29420205396366 555.7729037899564 283.022276 556.4648330000001 bee-larvae 0
301.69159505145007 546.9639511368073 283.6957010000001 546.545092 283.4227019485501 558.2742428631929 301.4185960000001 558.6931020000002 bee-larvae 0
312.7373862768471 570.4058109507289 281.70762500000006 569.6835850000001 281.1498467231531 593.6480060492713 312.1796080000001 594.3702320000001 bee-larvae 0
358.9356772110238 595.9190416633538 311.68073300000003 594.819171 311.3678307889763 608.2627303366462 358.62277500000005 609.362601 bee-larvae 0
343.73429597659674 573.0073204999 322.9194080000001 572.522848 322.5329730234035 589.1256495001002 343.3478610000002 589.6101220000002 bee-larvae 0
341.3204994715863 543.185938022866 310.75663900000006 542.474556 310.28856252841393 562.5850219771341 340.85242300000016 563.2964040000002 bee-larvae 0
409.19915662692074 580.3268228651029 366.27917900000006 579.32785 365.89539837307933 595.816642134897 408.815376 596.815615 bee-larvae 0
386.1718849999999 553.5757339999999 385.81586979647824 538.2798783690704 376.497971 538.496755 376.8539862035217 553.7926106309295 bee-larvae 0
405.35711041323566 489.61025435671013 378.579066 488.986988 378.1198925867643 508.7149356432899 404.897937 509.338202 bee-larvae 0
200.8109161359441 514.7707710343371 186.96067100000008 514.4484020000001 186.75086186405608 523.4626299656629 200.6011070000001 523.784999 bee-larvae 0
221.49304948720987 508.0459256324293 208.2592530000001 507.73790500000007 208.0960435127903 514.7500363675708 221.32984000000008 515.0580570000001 bee-larvae 0
198.06651143274644 431.7961005334377 184.44265500000006 431.47900200000004 184.28681156725366 438.1746764665624 197.91066800000004 438.4917750000001 bee-larvae 0
360.9172927285955 406.2919731136086 351.373248 406.06983300000013 351.2333012714046 412.08251488639166 360.77734600000014 412.3046550000001 bee-larvae 0
504.9841369999999 513.823366 503.8201802565027 463.81506672782734 493.7942489999999 464.04842299999996 494.95820574349716 514.0567222721726 bee-larvae 0
486.71354900000006 506.9317510000001 486.3709991849164 492.2144110897274 475.939108 492.457216 476.2816578150836 507.1745559102727 bee-larvae 0
495.87171830388763 511.2498850389148 484.01154500000007 510.97383599999995 483.8335546961123 518.6210129610853 495.69372799999996 518.8970620000001 bee-larvae 0
469.9624673727051 559.2338376992934 458.38463300000006 558.9643610000002 458.19741762729495 567.0079083007067 469.775252 567.277385 bee-larvae 0
487.7181770000001 550.060303 487.4184174936853 537.1814127824005 476.10588099999995 537.4447149999999 476.4056405063147 550.3236052175994 bee-larvae 0
493.92896199999996 460.66406100000006 493.526071972023 443.3542901933117 482.443686 443.61223600000005 482.846576027977 460.92200680668833 bee-larvae 0
456.3814115496294 369.6986972142863 426.923724 369.0130620000001 426.50070945037066 387.18749378571374 455.95839700000005 387.87312900000006 bee-larvae 0
404.8773595746374 341.3988843142072 377.4797980000001 340.7611989999999 376.88214142536276 366.43896268579283 404.27970300000015 367.07664800000003 bee-larvae 0
379.791964 355.731197 379.22446468262075 331.34908775135244 357.87480899999997 331.846006 358.44230831737923 356.2281152486475 bee-larvae 0
342.23623667424545 318.7923594112662 308.76569400000005 318.01332300000007 308.39622232575465 333.88731458873394 341.86676500000004 334.6663510000001 bee-larvae 0
266.3301199910426 307.2463919734386 235.612356 306.531428 235.19769900895744 324.34678102656136 265.915463 325.061745 bee-larvae 0
186.753471 196.64730199999997 185.92853793684662 161.20478620068303 157.888535 161.85742400000004 158.71346806315336 197.29993979931692 nectar 0
196.266711 160.817333 195.2885026287155 118.78949415868937 162.19317999999998 119.55979600000003 163.17138837128448 161.58763484131066 nectar 0
249.21327599999998 174.97333900000004 247.42744491637757 98.24676124093187 198.18482699999998 99.39289599999998 199.9706580836224 176.11947375906817 nectar 0
352.52878579541937 64.56504928233359 271.90210099999996 62.688443000000035 271.1963412045806 93.01077171766647 351.823026 94.88737800000004 nectar 0
481.4538511768486 343.6630932681678 452.57182000000006 342.99085700000006 452.09186482315147 363.6117027318323 480.97389599999997 364.28393900000003 pollen 0
449.2356241310762 313.3121845420888 426.00567500000005 312.7715020000001 425.7596338689239 323.3424424579114 448.98958300000004 323.8831250000001 pollen 0
404.9033065575673 253.25366566180116 381.93346899999995 252.71903700000001 381.4240264424326 274.6067763381989 404.393864 275.141405 pollen 0
357.11367400000006 214.843167 356.72575807766805 198.17673058710116 342.737722 198.50230600000003 343.1256379223321 215.16874241289887 pollen 0
242.39538449364346 175.09396670168417 206.82298000000003 174.26601000000002 206.2946645063566 196.96460329831586 241.86706900000004 197.79256000000004 pollen 0
199.79814099999996 565.136952 199.25109171720877 541.6334730683304 177.48269 542.140138 178.02973928279118 565.6436169316695 bee-larvae 0
202.357246 579.4144089999999 202.0710974772877 567.1203171616746 191.978039 567.355236 192.26418752271226 579.6493278383252 bee-larvae 0
265.1105836231138 518.2753403138528 226.9786330000001 517.387809 226.67282337688636 530.5266326861472 264.80477400000007 531.414164 bee-larvae 0
233.835692 571.6983249999998 232.9921572678759 535.4566150354096 200.52655199999998 536.21226 201.37008673212407 572.4539699645902 capped-brood-cells 0
281.8096446126635 551.943043917335 232.70083100000005 550.800024 231.98041438733662 581.7520700826651 281.08922800000005 582.8950900000001 capped-brood-cells 0
311.6359125421753 561.9943196328218 282.7595370000001 561.322214 282.1960544578248 585.5317023671782 311.07243 586.203808 capped-brood-cells 0
370.7510948798143 484.3480062318482 265.75447700000007 481.90418300000005 264.29296012018585 544.696911768152 369.28957800000006 547.1407350000002 capped-brood-cells 0
395.28529518482094 456.1378467761459 341.85782400000005 454.894308 341.14447481517925 485.5426832238543 394.57194600000014 486.78622200000007 capped-brood-cells 0
481.10572 589.529719 477.1271973850453 418.59619478531397 421.5634319999999 419.889456 425.54195461495465 590.822980214686 capped-brood-cells 0
429.07503748047384 369.96504549093424 343.6239270000001 367.97614899999996 341.87931751952635 442.9316925090659 427.3304280000001 444.92058900000006 capped-brood-cells 0
347.81834899672384 333.4861227406273 188.32485400000002 329.773871 185.09985500327622 468.3329982593727 344.59335 472.04525 capped-brood-cells 0
194.11785100000003 374.1290020000001 193.13543404273761 331.9203414964616 166.600999 332.53793700000006 167.5834159572624 374.74659750353845 capped-brood-cells 0
216.08882006122482 378.1238271481521 183.27497300000005 377.36007700000005 182.5700319387753 407.6472438518479 215.38387900000006 408.4109940000001 empty-cells 0
297.4205719759722 368.90766689434236 216.66346400000006 367.0280240000001 216.1188050240279 390.42879010565775 296.8759130000001 392.30843300000004 empty-cells 0
336.57464892043845 444.80234451585426 292.33926700000006 443.7727540000001 291.6731370795617 472.39239548414594 335.90851900000007 473.4219860000001 empty-cells 0
336.53092928034704 383.45164710336286 294.22816300000005 382.467039 293.8170027196531 400.1321558966372 336.1197690000001 401.1167640000001 empty-cells 0
345.0089572644971 398.07635554497557 329.214546 397.70873600000004 329.0390357355029 405.2493614550244 344.83344700000004 405.616981 bee-larvae 0
558.8646694525497 592.7697375365793 404.174225 589.1692769999999 403.3294605474504 625.4637974634206 558.0199050000001 629.0642580000001 empty-cells 0
354.4033172388686 606.791067628178 171.54037600000007 602.534885 171.02118676113153 624.8413693718221 353.88412800000015 629.0975520000001 empty-cells 0
357.8346445768239 218.5576756571728 154.00938600000003 213.81359099999997 151.95547042317617 302.05819534282716 355.780729 306.80228 empty-cells 0
514.768336 250.47182999999995 510.4384115627207 64.44061400374991 359.4181270000001 67.95565 363.74805143727934 253.98686599625 empty-cells 0
361.09304489993906 101.03699122574035 256.381213 98.59979600000001 254.20247810006092 192.20711977425967 358.91431 194.644315 empty-cells 0
265.3616639672234 37.24698683264056 149.83716900000002 34.55812500000002 148.3109490327766 100.13077316735948 263.835444 102.81963500000003 empty-cells 0
540.0579891147806 249.65215035982607 372.69074 245.75663400000002 370.3203998852195 347.5960996401741 537.6876490000001 351.49161600000014 empty-cells 0
544.1773860000001 450.82464000000004 541.9520792889681 355.21638581668105 462.717974 357.06057999999996 464.943280711032 452.66883418331884 empty-cells 0
558.1715950000001 558.597186 555.5736858469089 446.9804545642344 496.81498400000004 448.348079 499.4128931530912 559.9648104357656 empty-cells 0