347.9593878783545 202.0376926148595 345.908389 113.91842499999998 63.695458121645515 120.48700438514044 65.746457 208.60627199999996 wax-sealed-honey-cells 0
317.14633867812245 330.8412909935997 314.200909 204.29362700000001 70.36920932187756 209.9688730064004 73.31463899999999 336.5165370000001 wax-sealed-honey-cells 0
430.86345754989645 287.4496384796444 427.5865329999999 99.71474900000001 347.1975694501034 101.11794352035557 350.47449399999994 288.852833 wax-sealed-honey-cells 0
568.0022610792801 361.6002318286712 565.2120130000001 201.74701800000003 522.5132769207202 202.49232717132884 525.3035250000001 362.345541 wax-sealed-honey-cells 0
597.6217572983195 194.2456030870274 595.734242 86.10993200000001 534.7371137016804 87.17464091297262 536.6246289999999 195.31031200000004 nectar 0
531.9305227805897 107.85040590939282 531.374971 83.98163799999999 443.6990402194102 86.02231809060719 444.254592 109.89108600000002 nectar 0
600.7058530932329 307.4150190712659 599.9332420000001 263.152137 579.4991669067672 263.5088149287341 580.271778 307.771697 nectar 0
589.862840670171 348.8519314188363 589.1916809999999 310.40123600000004 575.802588329829 310.6349435811638 576.473748 349.085639 nectar 0
600.8562741641001 385.1141565662218 600.0462830000001 338.709792 587.7453008358999 338.9245064337781 588.5552919999999 385.32887099999994 nectar 0
532.1601005032466 326.5166064525323 528.32477 106.790667 427.19770049675344 108.5558465474677 431.03303100000005 328.281786 wax-sealed-honey-cells 0
486.72505099723264 463.02798792880094 483.63350999999994 330.202774 62.42342200276731 340.00654707119907 65.514963 472.831761 empty-cells 0
343.81198220319857 330.2670320308489 341.849489 217.83586100000002 317.79051179680135 218.255811969151 319.7530049999999 330.68698299999994 empty-cells 0
421.78414241795343 332.22256940463103 420.99370999999996 298.262368 341.2857355820465 300.11759159536894 342.07616799999994 334.07779300000004 empty-cells 0
346.4233688724404 112.23776150017592 345.81274600000006 86.00291399999996 55.55451612755965 92.75874949982409 56.165139 118.99359700000005 empty-cells 0
66.59842297455718 338.9071352012539 63.05268900000002 135.77216600000003 43.97875202544283 136.1051027987461 47.524485999999975 339.240072 empty-cells 0
587.0519573262143 461.67565203392667 584.97009 372.230164 483.10357667378577 374.60113396607335 485.185444 464.04662200000007 empty-cells 0