274.888533 100.75280000000001 37.70240000000001 100.7528 37.702400000000026 347.7112 274.888533 347.7112 nectar 0
561.376 118.42720000000006 376.891733 118.42720000000006 376.891733 372.82400000000007 561.376 372.82400000000007 nectar 0
372.9344 266.6568 275.978667 266.6568 275.978667 396.2936000000001 372.9344 396.2936000000001 nectar 0
367.86506700000007 91.47440000000005 281.263467 91.47440000000003 281.263467 140.66640000000007 367.86506700000007 140.66640000000007 empty-cells 0
529.2656 89.88960000000006 372.157333 89.88960000000006 372.157333 114.66080000000005 529.2656 114.66080000000005 empty-cells 0
595.1776 91.47520000000007 533.863467 91.47520000000006 533.863467 240.25280000000006 595.1776 240.25280000000006 nectar 0
597.290133 239.70640000000006 561.3424 239.70640000000006 561.3424 307.49040000000014 597.290133 307.49040000000014 nectar 0
194.89973300000005 348.868 45.46720000000004 348.868 45.46720000000005 469.42 194.89973300000005 469.42 wax-sealed-honey-cells 0
359.96266700000007 381.48160000000007 195.10506700000005 381.48160000000007 195.10506700000005 474.79359999999997 359.9626670000001 474.79359999999997 wax-sealed-honey-cells 0
490.18986700000005 406.90160000000003 361.050667 406.9016 361.05066700000003 473.64240000000007 490.18986700000016 473.64240000000007 wax-sealed-honey-cells 0
594.550933 312.4192000000001 561.848 312.4192000000001 561.848 469.4208000000001 594.550933 469.4208000000001 wax-sealed-honey-cells 0
560.805867 379.5640000000002 490.5455999999999 379.5640000000002 490.54560000000004 472.8744000000001 560.805867 472.8744000000001 wax-sealed-honey-cells 0