282.202667 249.27920000000003 229.33226700000006 249.2792 229.33226700000006 324.6056 282.202667 324.6056 capped-drone-cells 0
437.018133 285.38 385.9728 285.38 385.9728 356.4312 437.018133 356.4312 capped-drone-cells 0
444.533867 178.34400000000005 382.8176000000001 178.34400000000005 382.8176000000001 230.83360000000005 444.533867 230.83360000000005 capped-drone-cells 0
226.65493300000003 63.55520000000001 38.450133000000015 63.5552 38.45013300000004 468.31360000000006 226.65493300000006 468.31360000000006 empty-cells 0
375.887467 55.15440000000004 222.29919999999998 55.15440000000004 222.29920000000004 233.07280000000003 375.887467 233.07280000000006 empty-cells 0
376.63360000000006 333.7296 232.56533300000007 333.7296 232.56533300000007 478.3952 376.6336000000001 478.3952 empty-cells 0
374.39520000000005 283.3344 340.821867 283.3344 340.821867 331.6512 374.39520000000005 331.6512 capped-drone-cells 0
617.757333 55.15440000000006 391.2176 55.154400000000045 391.2176 185.18480000000005 617.757333 185.18480000000005 empty-cells 0
625.2192 179.74320000000006 456.545067 179.74320000000006 456.5450670000001 466.3528000000001 625.2192 466.3528000000001 empty-cells 0
456.586667 238.53840000000005 348.288 238.53840000000005 348.288 281.5224 456.586667 281.5224 empty-cells 0
456.5861330000001 358.9264 381.884267 358.9264 381.8842670000001 475.3136 456.58613300000013 475.3136 empty-cells 0
350.813867 239.92240000000007 282.242133 239.92240000000007 282.242133 327.8152 350.813867 327.8152 empty-cells 0