595.0607930000001 301.2768900000001 557.0544609635677 300.1710187498039 549.691172 553.2308620000001 587.6975040364324 554.3367332501964 wax-sealed-honey-cells 0
553.0581580000002 461.08042500000005 525.3320783575706 460.2736784548984 522.594507 554.3579010000001 550.3205866424296 555.1646475451018 wax-sealed-honey-cells 0
165.36770000000007 471.1594150000001 42.23558110515019 469.01013534860374 40.585309000000066 563.554138 163.71742789484995 565.7034176513962 wax-sealed-honey-cells 0
92.93832300000005 478.405875 56.43591839688196 477.76872382060054 56.05029300000006 499.861211 92.55269760311816 500.49836217939946 pollen 0
48.81890300000009 371.947717 22.47795439657775 371.1812736139951 17.274122000000013 550.025379 43.61507060342235 550.791822386005 empty-cells 0
84.35255700000006 436.88941099999994 75.96712912273945 436.64541976247006 75.60176400000003 449.202194 83.98719187726064 449.44618523752985 wax-sealed-honey-cells 0
69.78635200000004 401.179559 62.63037483555627 400.97134076771556 62.291636000000054 412.61300800000004 69.44761316444382 412.82122623228446 wax-sealed-honey-cells 0
395.44128500000005 276.21836700000006 341.45849518770575 274.6476286404868 339.67437800000005 335.96377500000006 393.65716781229435 337.53451335951326 nectar 0
575.787198 426.139223 563.3690024876405 425.7778902127526 562.21884 465.30638899999997 574.6370355123595 465.6677217872475 nectar 0
577.8923 398.189761 568.3072782370866 397.91086541126833 567.8842910000001 412.447997 577.4693127629134 412.72689258873174 nectar 0
541.8494170000001 482.7150570000001 500.59760590416886 481.99500413198854 500.16946500000006 506.523186 541.4212760958313 507.2432388680116 nectar 0
547.0827820000002 436.03226200000006 520.6170756369501 435.26218808577926 519.2761220000001 481.34774500000003 545.7418283630502 482.11781891422095 nectar 0
555.67713 406.9978620000001 539.5620521453384 406.52896135495916 538.6718139999999 437.1244770000001 554.7868918546616 437.5933776450411 nectar 0
553.229449 380.16954 535.2845916847167 379.64739817976835 534.6007649999999 403.149006 552.5456223152833 403.6711478202317 nectar 0
538.3952440000002 379.5096050000001 530.3691614353273 379.27606981775426 530.0433039999999 390.475062 538.0693865646728 390.70859718224585 pollen 0
561.608743 380.716005 550.5746128575194 380.3949448187053 550.1771129999998 394.05613800000015 561.2112431424805 394.3771981812947 pollen 0
511.36363900000003 505.7268780000001 468.73830288568087 504.9828503386208 468.02426000000014 545.8903590000001 510.64959611431925 546.6343866613795 nectar 0
457.2825470000001 519.986607 425.7988065908068 519.0705236513568 424.861651 551.27847 456.3453914091933 552.1945533486431 nectar 0
425.83129900000006 506.767191 403.6713348287891 506.12240161274383 402.646646 541.3386570000001 424.80661017121093 541.9834463872563 nectar 0
381.54407800000007 414.95193900000004 303.830656794256 412.69070931345476 300.672108 521.2429869999999 378.385529205744 523.5042166865451 capped-brood-cells 0
352.4915810000001 295.4340120000001 289.5902118087618 293.6037691354375 285.983975 417.54209300000014 348.8853441912383 419.37233586456273 capped-brood-cells 0
347.9393569999999 228.29731200000003 246.49579877422656 226.52660858036415 245.35439700000006 291.91749000000004 346.79795522577336 293.68819341963587 capped-brood-cells 0
249.06271400000006 250.13137400000005 211.19073645647603 249.02941253832944 209.73377100000005 299.1020920000001 247.6057485435241 300.2040534616707 capped-brood-cells 0
213.42097200000006 267.63284500000003 179.28959501094693 266.6397235767143 177.79334600000004 318.06247800000006 211.92472298905318 319.0555994232858 capped-brood-cells 0
183.52752800000007 400.621227 163.93573307401658 400.2792511760117 163.63762400000007 417.35792000000015 183.2294189259835 417.6998958239884 capped-brood-cells 0
180.69781400000005 341.3689810000001 154.20118506790743 340.5980082353411 153.27917300000004 372.285524 179.77580193209263 373.05649676465896 capped-brood-cells 0
117.24685900000006 328.0760550000001 59.52773522314695 326.396600258934 57.35315100000004 401.13222300000007 115.07227477685316 402.8116777410661 nectar 0
100.08554600000005 398.847781 71.0308502009754 398.0023754350235 69.86765300000005 437.97885799999995 98.92234879902472 438.8242635649765 nectar 0
93.81795100000005 449.0919410000001 56.76032337289881 448.44509795769255 56.34506000000005 472.2355299999999 93.4026876271013 472.88237304230745 nectar 0
151.948736 303.20884699999993 124.78756139878386 302.73474751669636 124.35137600000004 327.723823 151.5125506012162 328.1979224833036 nectar 0
444.9943109999999 289.7201330000001 407.6938739813465 288.63480108202964 403.67097599999994 426.892831 440.97141301865344 427.9781629179705 capped-brood-cells 0
480.21035200000006 283.1079630000001 443.30231510451415 282.0340487616859 441.931011 329.16271200000006 478.8390478954859 330.2366262383143 capped-brood-cells 0
597.0988220000002 187.93651100000008 471.7487110107424 185.74851590534865 469.67222500000014 304.7102780000001 595.0223359892578 306.89827309465153 empty-cells 0
527.3388140000001 422.7026380000001 384.5102001436088 420.2095551543752 383.067197 502.8791460000001 525.8958108563913 505.37222884562493 empty-cells 0
542.40874 320.70657499999993 446.08508573682917 317.9038429267142 443.15482799999995 418.61027 539.4784822631709 421.4130020732858 empty-cells 0
303.9273620000001 323.284889 185.07373682515052 319.82660158979905 178.21413 555.575989 297.06775517484954 559.034276410201 empty-cells 0
178.45716200000004 185.124175 47.88017281295134 182.84494517499422 46.07218700000003 286.424383 176.64917618704874 288.70361282500573 empty-cells 0
265.513547 187.76752000000002 176.19351366128203 186.20843363667427 175.006999 254.18384000000003 264.32703233871797 255.7429263633258 empty-cells 0
472.57911900000005 183.51547000000005 339.51771286600007 181.19287490474244 337.6871010000001 286.0685760000001 470.748507134 288.3911710952578 empty-cells 0
407.1349570000001 519.49147 295.8631949719728 517.5492143286143 294.87869700000005 573.9510700000001 406.15045902802734 575.8933256713858 empty-cells 0
346.88140699999997 177.95089800000002 265.416718699271 176.52892646512112 264.50923399999994 228.518686 345.97392230072893 229.9406575348789 empty-cells 0
161.45959000000005 353.38744800000006 105.23222714123739 351.75139887547164 101.87559800000002 467.111263 158.10296085876269 468.74731212452843 empty-cells 0
182.9356860000001 422.703712 155.02620244051207 421.8916288435412 152.74765000000002 500.20038500000004 180.65713355948805 501.01246815645885 empty-cells 0