201.45546700000006 189.44 35.412800000000026 189.44 35.412800000000026 280.4704 201.45546700000006 280.4704 wax-sealed-honey-cells 0
102.52640000000002 287.04 43.94613300000003 287.04 43.94613300000004 332.9631999999999 102.52640000000002 332.9631999999999 wax-sealed-honey-cells 0
289.645867 189.13200000000003 198.30080000000004 189.132 198.30080000000004 239.76720000000003 289.645867 239.76720000000006 wax-sealed-honey-cells 0
265.512533 216.46800000000002 200.008533 216.468 200.00853300000003 281.4648 265.512533 281.4648 nectar 0
535.049067 189.13120000000006 314.4784 189.13120000000006 314.4784 252.75360000000006 535.049067 252.75360000000006 wax-sealed-honey-cells 0
614.917867 194.25760000000002 535.445867 194.25760000000002 535.445867 388.1040000000001 614.917867 388.1040000000001 wax-sealed-honey-cells 0
574.7536 321.02160000000015 517.020267 321.02160000000015 517.020267 398.21360000000016 574.7536 398.21360000000016 nectar 0
568.576533 345.2544000000001 547.222933 345.2544000000001 547.222933 371.23520000000013 568.576533 371.23520000000013 pollen 0
588.512533 232.52160000000006 562.674667 232.52160000000006 562.674667 274.28160000000014 588.512533 274.28160000000014 nectar 0
574.192 201.96880000000004 539.847467 201.96880000000004 539.847467 271.3304000000001 574.192 271.3304000000001 nectar 0
582.335467 415.8424000000001 574.264 415.8424000000001 574.264 428.56400000000014 582.335467 428.56400000000014 pollen 0
531.690133 282.99840000000006 461.109867 282.9984 461.10986700000007 486.60480000000007 531.690133 486.6048000000001 nectar 0
487.588267 252.12960000000007 418.624 252.12960000000007 418.624 288.9936000000001 487.588267 288.99360000000013 nectar 0
199.33653300000006 281.4456 66.42346700000003 281.4456 66.42346700000004 532.8808 199.33653300000006 532.8808 empty-cells 0
457.57706700000006 298.5648 254.73866700000005 298.5648 254.73866700000005 546.5808 457.57706700000017 546.5808 empty-cells 0
604.490667 493.7272000000001 470.4448000000001 493.7272000000001 470.4448000000001 584.9384 604.490667 584.9384 empty-cells 0