62.88213300000001 46.17920000000001 21.243733000000006 46.179199999999994 21.243733000000013 169.5104 62.88213300000002 169.5104 nectar 0
100.3072 50.90560000000002 66.702933 50.90560000000002 66.702933 107.38240000000002 100.3072 107.38240000000002 nectar 0
580.834667 54.95520000000006 488.434667 54.955200000000055 488.434667 91.17600000000007 580.834667 91.17600000000009 nectar 0
581.554133 92.76240000000007 559.461333 92.76240000000004 559.461333 213.27280000000005 581.554133 213.27280000000005 nectar 0
99.33600000000004 174.86 22.36640000000002 174.86 22.36640000000003 349.6232 99.33600000000006 349.6232 empty-cells 0
479.49546699999996 65.98880000000003 109.75893299999998 65.9888 109.75893300000001 162.04960000000003 479.49546699999996 162.04960000000005 empty-cells 0
112.36320000000003 112.6472 64.581867 112.6472 64.58186700000002 170.05040000000002 112.36320000000003 170.05040000000002 empty-cells 0
552.8768 97.09520000000006 484.512 97.09520000000006 484.512 343.4008000000001 552.8768 343.4008000000001 empty-cells 0
488.8304 154.86400000000003 95.68800000000003 154.864 95.68800000000005 423.4080000000001 488.8304 423.40800000000013 empty-cells 0
495.2128 233.23520000000005 449.307733 233.23520000000005 449.307733 277.0144000000001 495.2128 277.01440000000014 wax-sealed-honey-cells 0
517.5984 279.7752000000001 488.24906699999997 279.7752000000001 488.24906699999997 335.0408000000001 517.5984 335.0408000000001 wax-sealed-honey-cells 0