137.53523429081173 78.80201678638684 136.59873999999996 25.150332999999996 74.02163470918826 26.242621213613162 74.95812900000001 79.89430500000002 nectar 0
107.04969600000001 82.18956400000002 72.41662186923882 81.78657185585439 70.01658299999998 288.045491 104.64965713076118 288.44848314414565 nectar 0
112.20143800000005 332.258954 77.90265069094353 331.8598515608224 76.78672400000002 427.762378 111.08551130905656 428.16148043917764 nectar 0
157.44686600000003 427.16708499999993 83.51829632223269 426.30684853462645 82.31018700000004 530.13155 156.23875667776738 530.9917864653735 nectar 0
157.52572441364384 619.1539062166999 156.138477 539.678537 72.31557958635617 541.1416707833002 73.702827 620.6170400000001 nectar 0
383.2514571274222 491.0753336036925 382.623338 455.09041000000013 153.6322838725778 459.0874633963076 154.260403 495.07238700000005 nectar 0
454.41098100000005 307.387637 318.8040940198874 305.80970848852706 317.088051 453.28613100000007 452.6949379801127 454.864059511473 nectar 0
467.01635005535104 300.2042235027674 465.998738 241.905299 369.36801194464897 243.59199549723263 370.385624 301.89092 nectar 0
407.23186440527144 178.94247809039794 405.81540000000007 97.79329299999998 186.11179959472864 101.62823390960202 187.52826400000004 182.777419 nectar 0
406.96005938888266 93.09639705407977 405.6245640000002 16.585921999999975 121.54073661111751 21.544623945920222 122.87623200000002 98.05509900000003 capped-brood-cells 0
189.0043188887785 164.4796331734583 187.71419299999997 90.56837199999995 102.35399511122145 92.05833982654167 103.64412099999998 165.969601 capped-brood-cells 0
318.705416 183.68813000000003 98.98300840339954 181.13142863206934 96.00403399999999 437.143897 315.72644159660047 439.7005983679307 capped-brood-cells 0
461.94729089867565 582.7121314327466 460.5105610000001 500.401936 159.47717910132445 505.65649356725345 160.913909 587.966689 capped-brood-cells 0
469.92822739120805 499.55555429330093 469.600369 480.77256099999994 319.78983960879197 483.38751370669905 320.117698 502.17050700000004 capped-brood-cells 0
343.24367820232976 599.7922618954182 343.008736 586.332431 185.01709579767032 589.0901851045819 185.25203800000003 602.550016 capped-brood-cells 0
394.26554144014096 618.5654099758898 393.9685 601.5479199999999 161.96934155985903 605.59748102411 162.26638299999996 622.614971 nectar 0