221.863467 58.52800000000002 98.637867 58.52800000000001 98.637867 88.03200000000001 221.863467 88.03200000000002 wax-sealed-honey-cells 0
123.9648 89.22480000000002 82.26666699999998 89.2248 82.26666700000001 118.73680000000002 123.96480000000003 118.73680000000004 wax-sealed-honey-cells 0
78.200533 54.43520000000001 31.787733000000003 54.4352 31.787733000000003 75.7504 78.200533 75.7504 wax-sealed-honey-cells 0
74.38346700000002 149.1824 60.64586700000001 149.1824 60.64586700000001 167.4544 74.38346700000002 167.4544 wax-sealed-honey-cells 0
197.916267 145.3672 165.75093299999997 145.3672 165.75093300000003 250.6648 197.91626700000006 250.6648 bee-larvae 0
168.57226700000007 224.96800000000002 135.993067 224.96800000000002 135.99306700000002 285.7872 168.57226700000007 285.7872 bee-larvae 0
235.78880000000004 359.6232 196.00426700000008 359.6232 196.00426700000008 399.9 235.78880000000004 399.9 bee-larvae 0
290.9088 381.9416 236.17813300000006 381.9416 236.17813300000006 408.2344 290.9088 408.2344 bee-larvae 0
497.402667 367.06160000000006 446.962133 367.0616 446.962133 398.11280000000005 497.402667 398.1128000000001 bee-larvae 0
623.104533 68.74000000000008 603.685867 68.74000000000008 603.685867 388.5880000000002 623.104533 388.5880000000002 nectar 0
561.1904 305.3144000000001 537.226667 305.3144000000001 537.226667 345.1304000000001 561.1904 345.1304000000001 bee-larvae 0
403.498667 402.7712 299.6608 402.7712 299.6608 424.3072 403.498667 424.3072 bee-larvae 0
228.05546700000002 104.45200000000003 195.178667 104.45200000000003 195.178667 149.1736 228.05546700000002 149.1736 bee-larvae 0
254.570133 91.84800000000003 226.84 91.84800000000003 226.84 119.33600000000001 254.570133 119.33600000000001 bee-larvae 0
359.0469330000001 68.20080000000004 326.681067 68.20080000000003 326.681067 78.83600000000004 359.0469330000001 78.83600000000006 wax-sealed-honey-cells 0
391.5386669999999 277.6 384.7984 277.6 384.7984 290.3744 391.5386669999999 290.3744 bee-larvae 0
281.0416 325.8848 269.578133 325.8848 269.578133 345.8784 281.0416 345.8784 bee-larvae 0
197.99893300000005 325.0512 169.59786700000006 325.0512 169.59786700000006 362.63199999999995 197.99893300000005 362.63199999999995 bee-larvae 0
175.36960000000005 286.6176 140.81600000000006 286.6176 140.81600000000006 327.664 175.36960000000005 327.664 bee-larvae 0
169.195733 191.3248 140.114133 191.3248 140.114133 224.0256 169.195733 224.0256 bee-larvae 0
580.216533 249.65520000000004 564.0736 249.65520000000004 564.0736 309.9864000000001 580.216533 309.9864000000001 bee-larvae 0
522.601067 151.55040000000002 202.474133 151.5504 202.47413300000002 360.28960000000006 522.601067 360.2896000000001 capped-brood-cells 0
553.482667 95.13840000000005 252.279467 95.13840000000003 252.279467 150.44240000000005 553.482667 150.44240000000005 capped-brood-cells 0
585.177067 140.87680000000006 519.6016 140.87680000000006 519.6016 279.7664000000001 585.177067 279.7664000000001 capped-brood-cells 0
134.20693300000002 119.53280000000001 29.680000000000014 119.5328 29.68000000000003 433.4912 134.20693300000005 433.4912 empty-cells 0
190.40746700000005 331.4592 126.24106700000002 331.4592 126.24106700000004 470.0928 190.40746700000005 470.0928 empty-cells 0
543.1072 395.49440000000004 191.29280000000006 395.4944 191.29280000000006 471.31200000000007 543.1072 471.3120000000001 empty-cells 0
599.181333 331.4584000000001 523.666667 331.4584000000001 523.666667 429.83120000000014 599.181333 429.83120000000014 empty-cells 0