609.964267 51.840000000000046 88.74719999999999 51.84000000000002 88.74720000000002 243.34080000000003 609.964267 243.34080000000006 wax-sealed-honey-cells 0
348.143467 243.84000000000003 117.54613300000003 243.84 117.54613300000003 294.5536 348.143467 294.5536 wax-sealed-honey-cells 0
598.877867 253.43920000000003 418.346667 253.43920000000003 418.346667 371.37360000000007 598.877867 371.3736000000001 wax-sealed-honey-cells 0
414.5808 250.74240000000006 349.178133 250.74240000000006 349.178133 391.5264000000001 414.5808 391.5264000000001 nectar 0
68.09013300000001 95.624 32.57973300000001 95.624 32.579733000000026 321.464 68.09013300000002 321.464 nectar 0
115.45226700000003 247.94800000000004 65.01920000000003 247.94800000000004 65.01920000000004 350.244 115.45226700000006 350.244 nectar 0
353.38880000000006 298.7232 115.08906700000003 298.7232 115.08906700000004 356.1696 353.38880000000006 356.1696 nectar 0
490.5472 172.91840000000005 471.140267 172.91840000000005 471.140267 240.96640000000005 490.5472 240.96640000000005 nectar 0
481.4682670000001 331.5056000000001 419.0608 331.50559999999996 419.0608 366.9200000000001 481.4682670000001 366.92000000000013 nectar 0
574.1376 360.8736000000001 482.8864 360.8736000000001 482.8864 396.0608000000001 574.1376 396.0608000000001 nectar 0
602.050133 315.6456000000001 576.081067 315.6456000000001 576.081067 362.6904000000001 602.050133 362.6904000000001 nectar 0
203.61120000000005 348.6728 64.70666700000005 348.6728 64.70666700000005 412.4536 203.61120000000005 412.4536 nectar 0
61.15680000000005 327.8936 27.186667000000043 327.8936 27.18666700000005 436.3592 61.156800000000054 436.3592 empty-cells 0
594.3408 412.3904 65.30720000000005 412.3904 65.30720000000005 457.3568000000001 594.3408 457.35680000000013 empty-cells 0
343.900267 345.5536 209.93866700000007 345.5536 209.93866700000007 419.8384 343.900267 419.8384 empty-cells 0
481.616 357.5240000000001 418.096 357.524 418.096 416.64560000000006 481.616 416.64560000000006 empty-cells 0