254.715542 194.633067 253.93442058187478 60.369704874255504 143.395762 61.0128 144.17688341812521 195.27616212574452 wax-sealed-honey-cells 0
341.366927 65.28053300000003 253.819791 65.28053300000003 253.819791 123.84800000000001 341.366927 123.84800000000001 wax-sealed-honey-cells 0
391.40505300000007 449.28 134.45463500000005 449.28 134.45463500000005 582.116267 391.4050530000002 582.116267 wax-sealed-honey-cells 0
385.702214 495.273067 384.07443581256194 215.48173646337654 245.94791100000003 216.285333 247.57568918743812 496.0766635366235 nectar 0
396.82765500000005 111.13600000000004 295.71937 111.13600000000002 295.71937 147.89973300000005 396.82765500000005 147.89973300000005 nectar 0
161.80949299999997 427.632533 159.57511252883293 43.57516912996894 93.794939 43.95786700000001 96.02931947116704 428.015230870031 empty-cells 0
450.737582 30.08426700000004 163.81262499999997 30.08426700000002 163.81262499999997 73.83893300000004 450.737582 73.83893300000005 empty-cells 0
475.7598720000001 608.4522670000001 472.63447463783825 71.2421347487984 392.97157100000004 71.70560000000002 396.0969683621619 608.9157322512018 empty-cells 0
386.3836460000001 583.604267 108.98171000000008 583.604267 108.98171000000008 612.538667 386.3836460000001 612.538667 empty-cells 0
135.66390000000007 603.781867 134.67429507172503 433.6831312193599 94.96843899999999 433.91413300000005 95.95804392827503 604.0128687806401 empty-cells 0
249.552637 444.398933 248.09541562884823 193.92375217794054 164.768636 194.408533 166.22585737115176 444.88371382205946 empty-cells 0