143.96446953532845 483.478646575883 60.19755800000005 481.04127800000003 57.92238446467165 559.2339084241171 141.68929600000007 561.671277 wax-sealed-honey-cells 0
165.0691298683495 62.67484938820948 74.885718 60.57580700000001 72.76346413165057 151.75647861179056 162.94687600000006 153.85552100000004 wax-sealed-honey-cells 0
426.08171583498887 65.19984729484622 183.049448 58.128331 181.67173916501105 105.47711570515386 424.704007 112.54863200000005 nectar 0
141.0962122265492 502.0605050213636 129.43383300000008 501.78906000000006 128.89710877345095 524.8489099786365 140.55948800000007 525.120355 nectar 0
172.96123108776402 469.7087425403122 124.04786400000005 468.28550900000005 123.64091591223611 482.2714084596879 172.55428300000005 483.69464200000004 bee-larvae 0
191.28527568250172 469.80288709719616 176.83531900000006 469.46655999999996 176.4622733174984 485.4940939028038 190.91223000000008 485.830421 bee-larvae 0
308.31276128441857 476.42881608304714 296.50956300000007 476.15409400000004 296.1326067155816 492.349696916953 307.9358050000001 492.62441900000005 bee-larvae 0
301.75961933467875 443.28183856782334 280.4969090000001 442.66315699999996 280.0552366653214 457.8424534321766 301.31794700000006 458.461135 bee-larvae 0
254.74199113062284 466.29666638575833 243.1849750000001 465.96039200000007 242.87981086937734 476.4482166142418 254.43682700000008 476.7844910000001 bee-larvae 0
274.7773555544046 460.86116274739754 262.42096100000003 460.501629 262.19893044559547 468.1323372526024 274.55532500000004 468.49187099999995 bee-larvae 0
224.54860674136597 501.85238677780114 202.89913200000007 501.2224520000001 202.40362025863422 518.252102222199 224.0530950000001 518.8820370000001 pollen 0
241.55786760446284 506.4602365818897 228.4968990000001 506.1562390000001 227.81062639553733 535.6412924181104 240.8715950000001 535.94529 pollen 0
258.82736211182555 520.2290245965886 239.11410000000006 519.6554279999999 238.76369188817455 531.6981894034113 258.47695400000003 532.271786 pollen 0
304.24365359297695 513.0914457852676 291.9572530000001 512.7339480000002 291.70118040702323 521.5345912147327 303.9875810000001 521.8920890000002 capped-brood-cells 0
344.120415248091 477.27631723777415 326.64528300000006 476.767843 326.3255337519091 487.7569157622259 343.800666 488.26539 capped-brood-cells 0
328.32052753693864 434.0409701843838 320.2146230000001 433.8051130000001 320.02104846306156 440.4578538156164 328.12695300000007 440.69371100000006 capped-brood-cells 0
347.390152679063 449.2943220375905 336.20874400000014 448.968976 336.01364832093725 455.6739739624096 347.1950570000001 455.99932 capped-brood-cells 0
354.7715930001699 438.4199952122515 346.86107100000004 438.18982199999994 346.69241399983025 443.9861737877485 354.60293600000006 444.21634700000004 capped-brood-cells 0
301.1574106328002 414.679636561611 293.584175 414.45927699999993 293.38194136719983 421.40956743838893 300.955177 421.62992700000007 capped-brood-cells 0
322.3980356559242 415.8265670306705 310.072673 415.467936 309.90181334407583 421.3400079693296 322.22717600000004 421.69863900000007 capped-brood-cells 0
275.54680933612804 430.3684999972147 264.98432700000006 430.0611630000001 264.7158416638721 439.2884010027854 275.27832400000005 439.595738 capped-brood-cells 0
292.1423325257999 431.99615517538507 282.78010000000006 431.723742 282.59288647420027 438.157852824615 291.9551190000001 438.430266 capped-brood-cells 0
278.4286365884497 372.4154513664355 260.2277720000001 371.9918210000001 259.7691614115504 391.69557663356466 277.970026 392.1192070000001 capped-brood-cells 0
305.99343642369513 376.69801645898383 296.9460810000001 376.4347650000001 296.70124157630505 384.8493405410163 305.7485970000001 385.11259200000006 capped-brood-cells 0
280.7361283948911 335.7022642248913 259.102799 335.198743 258.3468686051089 367.6766017751087 279.98019800000003 368.180123 capped-brood-cells 0
289.3589806825941 359.5792782650925 277.201797 359.22554 276.8957943174059 369.74215973490755 289.052978 370.09589800000003 capped-brood-cells 0
207.40731327952378 332.37419729479836 195.60311000000002 332.03072999999995 195.36602872047627 340.1786837052016 207.17023200000003 340.522151 capped-brood-cells 0
233.55609341307394 336.60102377228 224.23323100000002 336.384031 224.0115045869261 345.91026922772005 233.334367 346.127262 capped-brood-cells 0
215.57346412104377 350.5668920784485 204.0966840000001 350.232952 203.85671687895635 358.4800899215515 215.33349700000005 358.81403 capped-brood-cells 0
242.9742158366691 370.9795821376299 229.38203900000002 370.58408999999995 229.16509716333093 378.03989386237015 242.757274 378.435386 capped-brood-cells 0
251.38802627744576 389.70837497111745 240.00731100000002 389.37723 239.7996787225543 396.51308902888263 251.18039400000004 396.8442340000001 capped-brood-cells 0
240.41330908257282 407.5608088432818 230.0150440000001 407.25825 229.7596539174273 416.03543115671823 240.15791900000005 416.3379900000001 capped-brood-cells 0
174.27850595889697 424.2074507977159 164.56869300000008 423.9249239999999 164.2995560411032 433.1745582022841 174.00936900000008 433.45708500000006 capped-brood-cells 0
205.31845777781783 398.70715162556667 182.50922500000007 398.043471 181.95891122218234 416.9565363744335 204.7681440000001 417.620217 capped-brood-cells 0
206.27817280675748 448.01607588834815 189.89995500000006 447.63486900000004 189.42423819324267 468.07362211165196 205.8024560000001 468.4548290000001 capped-brood-cells 0
106.17837933120109 455.47777679549625 94.39527200000006 455.134923 94.14366766879903 463.7819932045038 105.92677500000005 464.124847 capped-brood-cells 0
79.38750235793755 401.0784866986844 56.68004100000005 400.417767 56.23061064206256 415.86368530131557 78.93807200000006 416.524405 pollen 0
96.39616797528643 275.89793328034574 83.06799000000001 275.5101230000001 82.83503602471363 283.5162337196544 96.16321400000002 283.90404400000006 bee-larvae 0
100.18257377187958 215.97280894219324 74.97158100000003 215.239244 74.25242422812047 239.9550600578068 99.46341700000002 240.688625 nectar 0
196.456578006219 125.69401308914833 163.084059 124.91725900000003 162.28805699378103 159.11674691085173 195.660576 159.89350100000004 bee-larvae 0
234.35264860785085 145.83091361432167 221.56905100000003 145.458949 221.30698939214915 154.46542438567835 234.090587 154.83738900000003 bee-larvae 0
269.2127410049718 170.45855282040947 257.575817 170.119953 257.32712999502814 178.66677317959056 268.964054 179.005373 bee-larvae 0
269.76134757423057 118.60901412862586 258.4741829999999 118.28059100000003 258.2703054257694 125.28740487137419 269.55747 125.615828 bee-larvae 0
304.4739395444109 134.6751039472105 294.68158600000004 134.39017500000006 294.4397564555892 142.70130105278963 304.23211000000003 142.98623000000006 bee-larvae 0
269.1370210375026 106.50106557066042 241.36418499999996 105.69295900000003 240.56378796249734 133.20083542933963 268.336624 134.00894200000002 pollen 0
268.24268839150756 74.25857235825107 231.70312400000003 73.19538000000003 231.15715460849253 91.95913764174901 267.69671900000003 93.02233000000004 pollen 0
314.9003422795978 93.96565768175958 286.149124 93.12908200000003 285.65690072040223 110.04568531824049 314.40811900000006 110.88226100000003 pollen 0
240.98617975668827 105.97454673578397 224.68957299999997 105.59523900000002 224.2192542433117 125.80205026421609 240.51586100000003 126.18135800000005 nectar 0
398.64485341768415 154.09365910363795 369.855355 153.42357600000005 368.8926895823158 194.78360189636217 397.682188 195.45368500000006 pollen 0
405.6312008502758 198.66815066879423 384.60755400000005 198.17882000000003 383.1205281497244 262.06753233120594 404.14417500000013 262.5568630000001 pollen 0
397.0796259274618 295.4624279738194 371.80900399999996 294.874248 370.89438407253823 334.1700680261807 396.165006 334.75824800000004 pollen 0
412.6263757158102 112.99614927378417 364.674224 111.60088400000005 363.8972552841898 138.30356372621594 411.849407 139.69882900000007 pollen 0
194.53561158542968 290.0855688231504 94.63568400000003 287.760372 91.3035884145704 430.92077217684954 191.20351600000004 433.24596899999995 capped-brood-cells 0
265.7835936915158 161.73854065095878 101.46111900000002 156.95724500000003 98.02381330848426 275.0897803490413 262.3462880000001 279.871076 capped-brood-cells 0
350.09716765791865 149.60645184560101 268.046057 147.69669100000002 264.74180134208143 289.66098315439905 346.7929120000001 291.570744 capped-brood-cells 0
359.6346614577568 298.83066114745856 194.0599410000001 294.01292900000004 189.52110754224327 450.0025228525416 355.09582800000004 454.8202550000001 capped-brood-cells 0