587.7713189999998 548.128172 586.3294705304186 424.21604475380263 556.8334589999998 424.55926199999993 558.2753074695811 548.4713892461972 wax-sealed-honey-cells 0
557.2650150000001 564.1421830000002 556.7718223492144 521.7573355610349 527.267813 522.100646 527.7610056507857 564.4854934389652 wax-sealed-honey-cells 0
592.64199 615.02593 592.0961577441574 568.1171487253474 570.786729 568.365106 571.3325612558426 615.2738872746526 wax-sealed-honey-cells 0
497.7188041901736 571.3314325836072 479.127144 571.1150989999999 478.9673358098264 584.8489794163927 497.5589960000001 585.0653130000001 wax-sealed-honey-cells 0
500.5253643587489 447.8480160584649 394.47931000000005 446.61405800000006 394.1051336412512 478.77068294153514 500.15118800000005 480.004641 bee-larvae 0
421.27564295761175 476.26588912379253 359.698358 475.54937200000006 359.3193670423883 508.1197508762076 420.8966520000001 508.8362680000001 bee-larvae 0
286.0059676111177 407.48445101383135 244.80342300000004 407.005016 244.3406133888825 446.77877698616874 285.54315800000006 447.25821200000007 bee-larvae 0
262.75729300000006 406.82464799999997 262.11332499690434 351.4821753948929 235.827644 351.788037 236.47161200309574 407.130509605107 bee-larvae 0
275.184599 196.21379300000007 274.5892626016471 145.05072925198886 243.54647000000003 145.411945 244.1418063983529 196.57500874801121 bee-larvae 0
571.9084484907918 23.547936768912283 251.608597 19.820910000000026 251.38270150920812 39.23431823108782 571.6825529999999 42.96134500000007 nectar 0
336.16024431761434 82.71050840764202 295.786633 82.24071800000003 295.50786468238573 106.19796259235804 335.881476 106.66775300000003 bee-larvae 0
241.189005 343.099607 239.97491093839477 238.7606197973382 218.44474200000002 239.011146 219.6588360616052 343.3501332026618 bee-larvae 0
541.1064176745435 418.18509968305887 495.61980900000003 417.6558150000001 495.2373563254565 450.5237133169412 540.723965 451.05299800000006 bee-larvae 0
552.959552 419.53832600000004 552.6294403903872 391.16857607234533 525.148883 391.488341 525.4789946096128 419.8580909276547 bee-larvae 0
575.4449960000001 319.972419 575.0655054223477 287.3590827337691 564.433185 287.48280099999994 564.8126755776524 320.0961372662308 wax-sealed-honey-cells 0
365.44794808173486 252.68006399283456 352.5167090000001 252.52959500000003 352.4382999182652 259.2680370071655 365.36953900000003 259.41850600000004 bee-larvae 0
318.558802055498 362.61656482846956 298.2984590000001 362.3808150000001 298.1651059445021 373.8411781715305 318.425449 374.076928 bee-larvae 0
320.752810693526 445.673517830152 282.511148 445.22853599999996 282.180761306474 473.621912169848 320.422424 474.066894 bee-larvae 0
359.59289142657633 468.75173272365555 317.74246400000004 468.26475800000003 317.3405045734237 502.80900227634453 359.190932 503.2959770000001 bee-larvae 0
454.8302030891983 476.03295012215403 421.45270400000004 475.64456700000005 421.11439991080175 504.7182928778461 454.4918990000001 505.1066760000001 bee-larvae 0
391.4160731537304 64.32991084048746 330.7092440000001 63.62352300000004 330.52145484626976 79.76208515951264 391.228284 80.46847300000007 bee-larvae 0
493.54067399999997 443.20949299999995 489.7591420172524 118.2254152327987 281.07645999999994 120.65365799999998 284.85799198274754 445.6377357672012 capped-brood-cells 0
549.373137 394.060572 545.8533459431114 91.57050485348213 490.56432000000007 92.21385100000003 494.0841110568887 394.70391814651794 capped-brood-cells 0
501.28699512939556 60.64851213175121 360.87152300000014 59.014630000000054 360.10868987060456 124.57234186824891 500.52416199999993 126.20622400000005 capped-brood-cells 0
528.7848677525487 511.8775525924537 212.39423500000004 508.196014 211.17828324745125 612.6946454075462 527.5689160000001 616.376184 empty-cells 0
315.2653675092789 453.2001036113753 175.13868300000007 451.56958199999997 174.39224149072123 515.7186083886247 314.5189260000001 517.3491300000001 empty-cells 0
249.726781 451.55228 245.61252172485666 97.97368425714788 169.81544999999997 98.85566299999999 173.9297092751433 452.4342587428521 empty-cells 0
310.7737164212771 44.42932028797473 210.64376799999997 43.26420200000002 209.76531257872296 118.75842171202532 309.895261 119.92354000000005 empty-cells 0