319.466667 94.72000000000001 45.01333300000002 94.72 45.01333300000002 146.03520000000003 319.466667 146.03520000000006 wax-sealed-honey-cells 0
205.087467 145.92 35.41386700000002 145.92 35.413867000000025 193.408 205.087467 193.408 wax-sealed-honey-cells 0
94.97546700000002 195.5192 37.547200000000025 195.5192 37.54720000000003 311.1976 94.97546700000002 311.1976 wax-sealed-honey-cells 0
89.00053300000005 305.92 42.880000000000045 305.92 42.880000000000045 405.9424 89.00053300000008 405.9424 wax-sealed-honey-cells 0
595.776 94.71920000000009 353.28 94.71920000000006 353.28 139.63280000000006 595.776 139.63280000000006 wax-sealed-honey-cells 0
587.240533 133.12080000000006 464.21333300000003 133.12080000000006 464.21333300000003 178.0440000000001 587.240533 178.0440000000001 wax-sealed-honey-cells 0
614.5552 171.52080000000007 580.480533 171.52080000000007 580.480533 252.30320000000006 614.5552 252.30320000000006 wax-sealed-honey-cells 0
76.40746700000003 241.4384 59.571200000000026 241.4384 59.57120000000003 300.9872 76.40746700000003 300.9872 nectar 0
101.32000000000002 241.4376 87.33706700000002 241.4376 87.33706700000002 297.1992 101.32000000000002 297.1992 nectar 0
114.28106700000002 232.9192 95.54080000000002 232.9192 95.54080000000002 244.1784 114.28106700000002 244.1784 nectar 0
116.46933300000003 242.384 105.84746700000002 242.384 105.84746700000002 262.8608 116.46933300000003 262.8608 nectar 0
109.06240000000003 241.1216 95.75040000000003 241.1216 95.75040000000003 261.8512 109.06240000000003 261.8512 pollen 0
126.56853300000003 223.1376 120.57173300000002 223.1376 120.57173300000002 234.3312 126.56853300000003 234.3312 pollen 0
131.11306700000006 249.6408 114.89226700000003 249.6408 114.89226700000003 260.084 131.11306700000006 260.084 pollen 0
123.87520000000004 262.2624 112.36800000000002 262.2624 112.36800000000002 280.5344 123.87520000000004 280.5344 pollen 0
113.77600000000002 275.1992 103.95413300000003 275.1992 103.95413300000003 288.6152 113.77600000000002 288.6152 pollen 0
124.88533300000003 297.916 96.80213300000003 297.916 96.80213300000003 324.2152 124.88533300000003 324.2152 pollen 0
93.57653300000003 295.392 81.65760000000003 295.392 81.65760000000003 314.1152 93.57653300000003 314.1152 pollen 0
125.72693300000003 286.2424 118.25813300000004 286.2424 118.25813300000004 298.7144 125.72693300000003 298.7144 pollen 0
145.42133300000006 268.572 134.95840000000007 268.572 134.95840000000007 288.74 145.42133300000006 288.74 bee-larvae 0
110.91360000000003 323.1583999999999 101.42986700000003 323.1583999999999 101.42986700000003 334.86080000000004 110.91360000000003 334.86080000000004 pollen 0
116.46933300000003 342.72 91.75466700000003 342.72 91.75466700000004 362.12800000000004 116.46933300000006 362.12800000000004 pollen 0
122.02346700000004 332.3088 113.41973300000004 332.3088 113.41973300000004 343.9504 122.02346700000004 343.9504 pollen 0
133.46986700000005 341.144 122.67520000000003 341.144 122.67520000000005 353.544 133.46986700000005 353.544 pollen 0
91.72426700000005 367.33119999999997 85.65386700000006 367.33119999999997 85.65386700000006 380.55999999999995 91.72426700000005 380.55999999999995 pollen 0
115.45973300000006 386.2632 92.59573300000005 386.2632 92.59573300000005 399.4968 115.45973300000006 399.4968 pollen 0
126.06346700000006 368.2783999999999 115.52373300000005 368.2783999999999 115.52373300000005 387.8816 126.06346700000006 387.8816 pollen 0
149.79733300000007 394.7816 121.83360000000006 394.7816 121.83360000000006 416.6648 149.79733300000007 416.6648 pollen 0
156.69920000000005 415.6072 138.24053300000006 415.6072 138.24053300000006 443.41999999999996 156.69920000000005 443.41999999999996 pollen 0
115.45920000000007 424.8184 101.85066700000006 424.8184 101.85066700000006 446.196 115.45920000000007 446.196 pollen 0
94.08213300000006 406.772 85.86453300000005 406.772 85.86453300000005 417.9192 94.08213300000006 417.9192 pollen 0
74.21866700000002 221.876 66.30186700000003 221.876 66.30186700000003 234.94959999999998 74.21866700000002 234.94959999999998 nectar 0
86.67520000000003 229.132 77.45066700000002 229.132 77.45066700000002 243.2808 86.67520000000003 243.2808 nectar 0
149.797333 195.056 116.57493300000002 195.056 116.57493300000002 216.51839999999999 149.797333 216.51839999999999 nectar 0
161.91679999999997 194.74 148.126933 194.74 148.126933 214.2456 161.91679999999997 214.2456 pollen 0
218.2848 193.79359999999997 207.445333 193.79359999999997 207.445333 215.0032 218.2848 215.0032 bee-larvae 0
233.602133 194.42400000000004 225.956267 194.42399999999998 225.956267 204.65120000000002 233.602133 204.65120000000007 bee-larvae 0
247.573867 194.29680000000005 237.104533 194.29680000000005 237.104533 216.01360000000005 247.573867 216.01360000000005 bee-larvae 0
273.242133 185.36880000000002 266.073067 185.36880000000002 266.073067 194.1928000000001 273.242133 194.1928000000001 bee-larvae 0
258.3248 184.39360000000005 250.0272 184.39360000000005 250.0272 194.92160000000007 258.3248 194.92160000000007 bee-larvae 0
235.427733 182.94720000000007 221.990933 182.9472 221.990933 195.16800000000003 235.427733 195.16800000000006 bee-larvae 0
241.957867 144.60080000000002 217.065067 144.6008 217.065067 167.78320000000002 241.957867 167.78320000000005 nectar 0
240.536 134.22000000000003 231.208 134.22 231.208 145.83760000000004 240.536 145.83760000000007 nectar 0
119.82880000000003 222.0832 110.17440000000005 222.0832 110.17440000000005 234.032 119.82880000000003 234.032 nectar 0
84.12000000000003 312.336 75.91200000000003 312.336 75.91200000000003 325.8944 84.12000000000003 325.8944 pollen 0
79.27200000000003 301.3368 72.08586700000002 301.3368 72.08586700000002 314.4136 79.27200000000003 314.4136 nectar 0
68.81120000000003 322.8584 57.898133000000044 322.8584 57.898133000000044 341.0104 68.81120000000003 341.0104 nectar 0
80.03680000000004 346.5304 61.40533300000004 346.5304 61.40533300000004 377.748 80.03680000000006 377.748 nectar 0
87.94666700000005 323.5744 74.79680000000003 323.5744 74.79680000000003 347.8976 87.94666700000005 347.8976 nectar 0
95.72853300000006 350.5944 85.63680000000005 350.5944 85.63680000000005 370.2856 95.72853300000006 370.2856 nectar 0
109.76000000000006 399.136 90.25920000000006 399.136 90.25920000000006 416.7712 109.76000000000006 416.7712 nectar 0
111.67360000000005 415.6344 87.38986700000005 415.6344 87.38986700000005 425.764 111.67360000000005 425.764 nectar 0
92.28426700000006 377.1368 79.35520000000005 377.1368 79.35520000000005 399.3592 92.28426700000006 399.3592 nectar 0
106.31573300000005 351.6968 100.33386700000005 351.6968 100.33386700000005 361.2824 106.31573300000005 361.2824 nectar 0
115.75573300000005 367.812 100.93973300000005 367.812 100.93973300000005 386.54 115.75573300000005 386.54 nectar 0
138.62453300000007 416.8743999999999 126.17546700000005 416.8743999999999 126.17546700000005 433.1832 138.62453300000007 433.1832 nectar 0
443.377067 333.4672 435.0784 333.4672 435.0784 344.4112 443.377067 344.4112 bee-larvae 0
399.0016 296.08 387.566933 296.08 387.566933 314.7872 399.0016 314.7872 bee-larvae 0
373.817067 287.1728 364.152 287.1728 364.152 300.008 373.817067 300.008 bee-larvae 0
358.6016 267.5104 350.38826700000004 267.5104 350.38826700000004 280.8384 358.6016 280.8384 bee-larvae 0
579.2752 177.19760000000005 526.9328 177.19760000000005 526.9328 215.40720000000005 579.2752 215.40720000000005 nectar 0
550.128533 188.03360000000004 542.876267 188.03360000000004 542.876267 204.53600000000006 550.128533 204.53600000000006 pollen 0
568.48 253.05280000000005 560.8128 253.05280000000005 560.8128 269.5360000000001 568.48 269.5360000000001 pollen 0
582.514133 274.3528000000001 573.268267 274.3528000000001 573.268267 293.3624000000001 582.514133 293.3624000000001 pollen 0
580.532267 213.82080000000005 561.195733 213.82080000000005 561.195733 252.63040000000007 580.532267 252.63040000000007 nectar 0
526.8272 164.87360000000007 503.09493299999997 164.87360000000007 503.09493299999997 178.72640000000007 526.8272 178.72640000000007 nectar 0
554.911467 140.99520000000007 545.2784 140.99520000000007 545.2784 155.81440000000006 554.911467 155.81440000000006 nectar 0
572.1568 132.63840000000005 557.217067 132.63840000000005 557.217067 154.33760000000007 572.1568 154.33760000000007 nectar 0
535.7184 175.6568000000001 521.0048 175.6568000000001 521.0048 184.69520000000006 535.7184 184.69520000000006 nectar 0
549.503467 162.17360000000008 538.370667 162.17360000000008 538.370667 183.74640000000005 549.503467 183.74640000000005 nectar 0
587.396267 247.67280000000005 569.627733 247.67280000000005 569.627733 274.5288000000001 587.396267 274.5288000000001 nectar 0
588.281067 274.0272000000001 580.864533 274.0272000000001 580.864533 295.01600000000013 588.281067 295.01600000000013 nectar 0
349.388267 209.78160000000003 144.085867 209.7816 144.08586700000004 295.268 349.388267 295.268 capped-brood-cells 0
249.84426700000006 281.1904 125.04426700000003 281.1904 125.04426700000005 403.3248 249.84426700000006 403.3248 capped-brood-cells 0
434.52586699999995 289.124 295.3664 289.124 295.3664 395.4648 434.52586699999995 395.4648 capped-brood-cells 0
283.898667 370.0528 251.99253300000007 370.0528 251.99253300000007 410.19999999999993 283.898667 410.19999999999993 capped-brood-cells 0
497.418133 417.8968000000001 487.27306699999997 417.8968000000001 487.27306699999997 433.9144000000001 497.418133 433.9144000000001 pollen 0
549.385067 406.09120000000013 532.584 406.09120000000013 532.584 425.4992000000001 549.385067 425.4992000000001 pollen 0
532.112 423.6200000000001 521.8528 423.6200000000001 521.8528 437.6792000000001 532.112 437.6792000000001 pollen 0
460.482133 134.28800000000007 275.0912 134.28800000000007 275.0912 210.81920000000002 460.482133 210.81920000000002 empty-cells 0
562.2048 212.90640000000002 355.834667 212.90640000000002 355.834667 292.3704000000001 562.2048 292.37040000000013 empty-cells 0
524.496533 168.28480000000008 463.4906669999999 168.28480000000008 463.4906669999999 214.76480000000006 524.496533 214.76480000000006 empty-cells 0
484.6688 413.1472000000001 158.75733300000005 413.1472 158.75733300000005 460.3568000000001 484.6688 460.35680000000013 empty-cells 0
590.792533 292.2128000000001 432.746667 292.2128 432.74666700000006 468.27040000000005 590.792533 468.2704000000001 empty-cells 0
612.9248 253.50880000000006 588.583467 253.50880000000006 588.583467 322.3472000000001 612.9248 322.3472000000001 pollen 0