586.9376 106.24000000000004 4.480000000000013 106.23999999999998 4.48000000000002 222.8544 586.9376 222.85440000000006 wax-sealed-honey-cells 0
87.17600000000004 227.8408 11.947200000000029 227.8408 11.947200000000038 375.2152 87.17600000000006 375.2152 wax-sealed-honey-cells 0
591.202133 223.04000000000005 485.54666699999996 223.04000000000005 485.54666699999996 390.5792000000001 591.202133 390.5792000000001 wax-sealed-honey-cells 0
226.18826700000002 224.64 83.41386700000002 224.64 83.41386700000002 256.144 226.18826700000005 256.144 wax-sealed-honey-cells 0
219.78613300000006 257.4376 88.95626700000003 257.4376 88.95626700000005 415.9064 219.78613300000006 415.9064 nectar 0
267.034133 254.55200000000002 220.67573300000006 254.55199999999996 220.67573300000006 355.4928 267.034133 355.4928 nectar 0
484.874667 225.63840000000005 402.372267 225.63840000000005 402.372267 420.62080000000003 484.874667 420.6208000000001 nectar 0
525.3728 287.7496000000001 483.76 287.7496000000001 483.76 409.90800000000013 525.3728 409.90800000000013 nectar 0
399.477867 249.04160000000005 352.1616 249.04160000000005 352.1616 379.94399999999996 399.477867 379.94399999999996 nectar 0
349.96106699999996 358.4824 299.1376 358.4824 299.1376 401.8376 349.96106699999996 401.8376 nectar 0
374.0656 223.74960000000004 333.750933 223.74960000000004 333.750933 249.73840000000007 374.0656 249.73840000000007 nectar 0
347.483733 222.94080000000005 292.7808 222.94080000000005 292.7808 285.328 347.483733 285.328 nectar 0
291.138133 227.87760000000006 264.791467 227.87760000000006 264.791467 249.57840000000004 291.138133 249.57840000000004 nectar 0
96.18773300000004 378.8896 64.46293300000006 378.8896 64.46293300000006 430.704 96.18773300000004 430.704 nectar 0
475.9189329999999 352.1520000000001 469.024 352.1520000000001 469.024 367.32000000000016 475.9189329999999 367.32000000000016 pollen 0
100.13546700000006 382.9456 92.16106700000006 382.9456 92.16106700000006 394.93600000000004 100.13546700000006 394.93600000000004 pollen 0