445.9600272989965 576.7098449132325 367.1960340000001 574.8765930000001 366.5165237010036 604.0711320867678 445.28051700000003 605.9043840000002 bee-larvae 0
419.19625331012344 564.6432284228334 406.3234030000001 564.34361 406.13025368987684 572.6421055771667 419.0031040000001 572.9417240000001 bee-larvae 0
396.07924118902463 549.527200793007 366.64020400000004 548.842 366.4089358109755 558.7782302069932 395.847973 559.4634310000001 bee-larvae 0
365.94027801321215 548.8251754263704 348.2858070000001 548.4142630000001 348.012622986788 560.15136057363 365.6670940000001 560.5622730000002 bee-larvae 0
368.54703218141776 572.0863226349323 338.214849 571.3803329999998 337.6566928185822 595.3609903650676 367.98887600000006 596.0669800000001 bee-larvae 0
338.8170122079938 595.8488594060599 291.95339600000005 594.758097 291.6402817920063 608.2107645939401 338.50389800000005 609.301527 bee-larvae 0
327.2395039644631 573.0062007947744 306.9079050000001 572.532978 306.521209035537 589.1470282052256 326.852808 589.620251 bee-larvae 0
338.9436346017309 543.4932508240566 308.96516800000006 542.7954940000001 308.4967743982692 562.9195851759436 338.475241 563.6173420000001 bee-larvae 0
283.9789760354348 577.7990194635499 241.53896800000007 576.8112169999999 241.15492696456528 593.3111805364501 283.594935 594.2989830000001 bee-larvae 0
272.75577636381075 536.2781723455357 263.42682900000005 536.223898 263.33941763618935 551.2486026544642 272.66836500000005 551.302877 bee-larvae 0
270.1526925113585 486.788663322654 243.94890700000005 486.178763 243.4894224886416 505.92007667734595 269.693208 506.52997700000003 bee-larvae 0
462.1065856144554 521.1980937033801 448.51873500000005 520.881833 448.30878438554464 529.90216829662 461.896635 530.2184290000001 bee-larvae 0
440.6471630646504 513.487510783978 427.61748200000005 513.184241 427.4541619353498 520.2011232160221 440.4838430000001 520.504393 bee-larvae 0
463.13591001910095 438.2550851096334 449.7069570000001 437.9425230000001 449.55100798089916 444.6427338903668 462.9799610000001 444.9552960000001 bee-larvae 0
295.68170254470806 405.04317642693604 286.3126800000001 404.82511 286.1726384552921 410.84186557306407 295.54166100000003 411.0599320000001 bee-larvae 0
154.11150334577303 456.2735983145326 144.07368400000004 456.21520000000004 143.78444165422712 505.93174468546744 153.8222610000001 505.9901430000001 bee-larvae 0
172.4701576177061 485.537709745127 162.02589700000007 485.4769470000001 161.94204038229407 499.89071925487315 172.3863010000001 499.9514820000001 bee-larvae 0
164.85037823073486 503.8838379215366 153.21280600000006 503.612971 153.03469576926528 511.2653290784635 164.6722680000001 511.5361960000001 bee-larvae 0
191.33287793211312 553.120141086963 179.98918200000003 552.8561129999999 179.801839067887 560.9051099130369 191.14553500000005 561.169138 bee-larvae 0
173.08919814434688 530.5508206858259 161.76324800000006 530.484929 161.69023685565327 543.034624314174 173.0161870000001 543.100516 bee-larvae 0
165.10983075485612 436.32545568367726 154.01430400000004 436.260904 153.91547524514394 453.2481773163227 165.01100200000002 453.312729 bee-larvae 0
219.66567314904648 364.43235773343673 190.73702300000002 363.75903600000004 190.31372185095358 381.94578126656324 219.242372 382.619103 bee-larvae 0
268.7672894767586 338.455806237455 242.117178 337.835517 241.51911552324145 363.5306777625449 268.169227 364.150967 bee-larvae 0
287.77818764580974 330.0605240729695 266.40321700000004 329.93616799999995 266.26498035419036 353.69700392703066 287.63995100000005 353.82136000000014 bee-larvae 0
336.94075251213087 318.8796955183745 303.932283 318.111415 303.5625614878692 333.99616148162556 336.57103100000006 334.76444200000003 bee-larvae 0
409.9571869281599 310.7933137707626 379.758008 310.09042 379.3430700718402 327.91784322923746 409.54224899999997 328.6207370000001 bee-larvae 0
484.8772728513182 169.08525495215827 456.80402200000003 168.92193000000006 456.6025711486819 203.54848404784184 484.67582200000004 203.71180900000007 nectar 0
479.8325838335934 126.45293727145415 446.69801899999993 126.26016600000003 446.4591111664065 167.32493172854595 479.593676 167.5177030000001 nectar 0
443.47569354655275 104.30565092501271 394.174687 104.01882600000005 393.73664145344713 179.31244407498738 443.037648 179.59926900000005 nectar 0
369.61196695866107 65.0008494328655 289.86792999999994 63.14478700000003 289.1616920413388 93.48765956713459 368.90572899999995 95.34372200000004 nectar 0
193.59535435432375 337.1883573082241 165.31357300000002 336.53009199999997 164.83329264567635 357.16490869177596 193.11507400000005 357.82317400000005 pollen 0
219.46892129270995 308.1694955777344 196.54668000000004 307.635974 196.30047170729011 318.21407642226563 219.22271300000003 318.74759800000004 pollen 0
262.70778371285576 250.10922637659039 240.37507300000001 249.58942700000006 239.86528528714427 271.49199562340976 262.19799600000005 272.0117950000001 pollen 0
300.5915791756017 197.40594237316657 286.586957 197.32446600000003 286.4923628243983 213.58385062683345 300.496985 213.665327 pollen 0
436.53329543635897 179.7273830193973 401.62162200000006 178.91480500000006 401.0929485636411 201.62877698060282 436.0046219999999 202.44135500000004 pollen 0
471.91687122245503 548.977208347727 450.1226580000001 548.8504130000001 449.98960377754514 571.7204326522732 471.7838170000001 571.8472280000001 bee-larvae 0
457.8548711700214 573.7485453056695 447.7498450000001 573.6897560000001 447.6800288299787 585.6901396943305 457.785055 585.7489289999999 bee-larvae 0
422.19574081397116 522.2784975529613 384.4462460000001 521.3998680000001 384.14022918602893 534.547593447039 421.88972400000006 535.4262230000003 bee-larvae 0
448.76118680890414 541.7826784181949 416.2570860000001 541.593575 416.05173419109605 576.8905355818052 448.5558350000001 577.0796390000002 capped-brood-cells 0
417.36596635513183 555.467659457703 369.1581300000001 554.345609 368.43722464486837 585.3186255422972 416.64506100000006 586.4406760000002 capped-brood-cells 0
367.3529264386295 563.6669932716059 339.1812620000001 563.0112910000001 338.6173985613707 587.2371817283944 366.78906300000006 587.8928840000001 capped-brood-cells 0
383.6516436961998 484.97057716555105 280.48285000000004 482.569296 279.02034230380025 545.404567834449 382.189136 547.8058490000001 capped-brood-cells 0
306.4841159011614 454.3737829838325 253.94878399999996 453.1510099999999 253.23495209883868 483.8201500161674 305.770284 485.042923 capped-brood-cells 0
225.6049952240717 414.6351558150326 169.975346 414.311512 168.9902907759284 583.6281311849674 224.61994000000007 583.951775 capped-brood-cells 0
303.97301348138643 367.2971549076612 220.70377300000007 365.35904199999993 218.95798151861362 440.3653690923388 302.22722200000004 442.3034820000001 capped-brood-cells 0
459.77890489058893 336.3124917384696 304.3187070000001 332.694115 301.0915221094112 471.34711826153057 456.55172000000005 474.96549500000015 capped-brood-cells 0
479.1423717824687 339.57131901648177 452.5764740000001 339.41676300000006 452.33540321753145 380.8532719835183 478.9013010000001 381.007828 capped-brood-cells 0
463.7708476337772 384.1414681686057 431.83862400000004 383.39823700000005 431.1332043662229 413.70592383139456 463.065428 414.4491550000001 empty-cells 0
430.0680289915342 372.24032148408463 349.9920910000001 370.37653300000017 349.4470630084659 393.79315351591566 429.5230010000001 395.6569420000001 empty-cells 0
355.79310956791716 445.54571219331984 312.3908140000001 444.53551300000004 311.724233432083 473.17454480668033 355.12652900000006 474.18474400000014 empty-cells 0
352.64128384820424 384.08110769591696 310.8527290000001 383.108468 310.44129015179595 400.785553304083 352.22984500000007 401.75819299999995 empty-cells 0
317.7300591763102 397.70569461617856 302.155148 397.343184 301.9795188236899 404.8889183838214 317.5544300000001 405.25142900000003 bee-larvae 0
246.5863677940112 585.8941774170198 92.95241500000006 582.318307 92.1070782059889 618.6374175829802 245.74103100000005 622.213288 empty-cells 0
479.30392087534614 610.1036826184027 297.0902960000001 605.8626139999999 296.570755124654 628.1842113815973 478.78438000000006 632.42528 empty-cells 0
491.20401957977435 221.80431652010807 289.94746100000003 217.12001800000002 287.8921534202258 305.42440947989206 489.14871200000005 310.1087080000001 empty-cells 0
281.63808138068583 63.546121094411646 130.43872700000003 62.66646900000001 129.3819966193142 244.30299590558843 280.58135100000004 245.18264800000003 empty-cells 0
386.8718170285932 101.69975872751553 284.884788 99.32598400000003 282.7045769714068 192.99672827248452 384.691606 195.37050300000004 empty-cells 0
491.85088858861207 42.5396333347544 378.235138 39.89519700000005 376.70788341138797 105.51227166524569 490.323634 108.15670800000004 empty-cells 0
273.2291680584843 243.60226747736732 108.82634900000002 239.77574900000002 106.45440294151584 341.6842125226328 270.85722200000004 345.5107310000001 empty-cells 0
183.3387038135204 349.4077095536113 104.01064800000003 348.9461920000001 103.46782918647972 442.2487344463888 182.79588500000006 442.7102520000001 empty-cells 0
150.8202580513225 439.5638993008903 91.99188400000004 439.221646 91.35246494867759 549.1284986991096 150.18083900000005 549.470752 empty-cells 0