81.21920000000001 75.9032 27.540267000000007 75.9032 27.54026700000001 136.9192 81.21920000000003 136.9192 nectar 0
289.3264 73.38320000000002 84.0752 73.3832 84.0752 108.02800000000002 289.3264 108.02800000000003 nectar 0
429.189867 81.78080000000006 334.285333 81.78080000000003 334.285333 116.09120000000004 429.189867 116.09120000000006 nectar 0
531.676267 88.49680000000005 430.002667 88.49680000000005 430.002667 162.45040000000006 531.676267 162.45040000000006 nectar 0
622.029867 80.94080000000007 542.514133 80.94080000000005 542.514133 162.45120000000009 622.029867 162.45120000000009 nectar 0
497.866133 160.05360000000002 461.862933 160.05360000000002 461.862933 387.99760000000003 497.866133 387.99760000000003 nectar 0
458.914133 322.428 315.383467 322.428 315.383467 458.08080000000007 458.914133 458.08080000000007 nectar 0
308.4186670000001 373.97440000000006 250.09013300000007 373.97440000000006 250.09013300000007 468.9087999999999 308.41866700000014 468.9087999999999 nectar 0
186.08853300000004 189.6936 104.89813300000003 189.6936 104.89813300000006 407.036 186.08853300000007 407.036 nectar 0
100.22026700000005 124.0424 23.670933000000012 124.0424 23.670933000000034 405.9 100.22026700000006 405.9 capped-brood-cells 0
167.81280000000004 105.59680000000002 93.864 105.5968 93.86400000000002 188.8064 167.81280000000004 188.8064 capped-brood-cells 0
438.9087999999999 101.11120000000003 189.2896 101.11120000000003 189.28960000000004 320.908 438.9087999999999 320.908 capped-brood-cells 0
590.895467 167.78960000000006 508.543467 167.78960000000006 508.5434670000001 466.4280000000001 590.895467 466.4280000000001 capped-brood-cells 0
507.86133300000006 326.0272000000001 489.0688 326.0272000000001 489.06880000000007 475.2912000000001 507.8613330000001 475.2912000000001 capped-brood-cells 0
605.906667 192.30240000000006 592.44 192.30240000000006 592.44 349.90240000000017 605.906667 349.90240000000017 capped-brood-cells 0
625.5744 169.5456000000001 608.548267 169.5456000000001 608.548267 401.0496000000001 625.5744 401.0496000000001 nectar 0