607.5995131773832 66.29383698890626 50.50020000000001 50.083902000000016 47.14927182261684 165.24783001109384 604.248585 181.45776500000008 wax-sealed-honey-cells 0
612.29993 412.30125100000004 608.5592853488528 197.9998753018171 573.9538190000001 198.60391600000003 577.6944636511473 412.90529169818296 capped-brood-cells 0
115.98687000000001 348.173264 112.97606242834243 175.68423998058728 69.32621599999999 176.44615100000004 72.33702357165757 348.9351750194128 capped-brood-cells 0
153.51681420354763 351.37140451961113 98.09191800000006 349.7587040000001 96.70863379645252 397.299076480389 152.1335300000001 398.9117770000001 capped-brood-cells 0
167.1218283444705 413.28321004105874 112.35076100000006 411.689535 111.28464765552961 448.3294799589414 166.05571500000002 449.9231550000001 capped-brood-cells 0
307.5701165181144 220.51067224899379 270.6717600000001 219.43703900000006 269.9892534818858 242.8932507510063 306.88761000000005 243.96688400000002 pollen 0
274.6255230855914 243.2424441695651 235.86682000000002 242.11468100000002 235.0463249144087 270.313265830435 273.80502800000005 271.44102900000007 pollen 0
376.562782 315.19426 375.19767298864423 236.98723678868998 326.50659099999996 237.83714300000008 327.87170001135576 316.0441662113101 pollen 0
528.3625710000001 294.648668 527.0149151835852 217.44152065758806 494.39823200000006 218.01084700000004 495.7458878164149 295.217994342412 pollen 0
474.99354909964717 250.28953946114092 414.51260600000006 248.52972400000004 413.172606900353 294.5825125388592 473.6535500000001 296.34232800000007 pollen 0
450.858691 244.75934 449.80523861060806 184.40707915904858 417.233319 184.97562399999998 418.286771389392 245.3278848409514 pollen 0
570.939045 342.700528 569.7035408419063 271.9185581228889 534.192144 272.538412 535.4276481580937 343.3203818771111 pollen 0
556.512526103774 361.454216516816 475.525622 359.09773799999994 474.48326589622604 394.921189483184 555.47017 397.27766799999995 pollen 0
436.80973800000004 380.68368 435.53750908106156 307.7977819843867 394.77171699999997 308.50935200000004 396.04394591893856 381.3952500156133 pollen 0
391.3738920000002 404.00031200000006 389.76268588432697 311.6943639860541 351.07413899999995 312.369675 352.6853451156731 404.67562301394594 pollen 0
340.63879799999995 358.99658999999997 339.7828660982983 309.96028540450556 317.12075699999986 310.35585399999997 317.9766889017015 359.3921585954944 pollen 0
387.34861752054206 370.89994884269566 348.24587500000007 369.76217500000007 347.40636447945803 398.6142741573044 386.50910700000003 399.752048 pollen 0
333.98411600000003 408.90150099999994 333.41822164382273 376.4814404939892 310.62395300000003 376.879316 311.1898473561773 409.29937650601073 pollen 0
383.83584453085643 405.69440431710393 329.1518420000001 404.1032630000001 327.89422746914386 447.32468868289635 382.5782300000002 448.91583000000014 pollen 0
303.252795 294.6697030000001 302.59440248382515 256.95042311754474 266.81442400000003 257.574965 267.4728165161749 295.29424488245536 pollen 0
218.516612 379.26069400000006 216.1568120706322 244.06785757756992 156.090445 245.11632000000003 158.45024492936778 380.3091564224301 pollen 0
301.51692231484617 303.7433576531373 220.532139 301.386941 219.14992468515385 348.8905633468628 300.134708 351.2469800000001 pollen 0
306.14430616722893 372.6438575478785 230.48986100000002 370.4425379999999 229.9607328327711 388.6274934521215 305.61517800000007 390.828813 pollen 0
295.76598100000007 453.7812960000001 294.80749510631296 398.86970029013804 247.959182 399.68744100000004 248.9176678936871 454.59903670986205 pollen 0
542.7236730429652 418.5277966540242 428.91069100000004 415.2161770000001 427.70077695703515 456.798224345976 541.5137590000002 460.1098440000001 nectar 0
412.913079 305.25193499999995 410.78227069793655 183.17800835380868 376.1821329999999 183.781956 378.3129413020634 305.8558826461913 nectar 0
534.2589739999999 358.0593 533.2342821304667 299.3547269233157 492.54842600000006 300.0649010000001 493.5731178695332 358.7694740766844 nectar 0
477.056193 373.6429049999999 475.87637385200014 306.0511129498301 438.5051559999999 306.70343 439.6849751479998 374.29522205016985 nectar 0
479.14237 414.76594100000005 478.3224231301048 367.7912519848897 442.864317 368.410176 443.6842638698953 415.3848650151104 nectar 0
162.77122299999996 282.3686799999999 161.23754519487102 194.50432105591722 107.02135499999999 195.450668 108.55503280512897 283.3150269440827 nectar 0
270.80061699999993 238.69900299999998 269.79729943038114 181.21900246982943 215.10789399999996 182.17360999999997 216.11121156961875 239.6536105301705 nectar 0
573.0661491079231 191.5624529588399 519.233964 189.99609600000008 517.966073892077 233.57064304116025 571.7982590000001 235.1370000000001 nectar 0
577.3864820000001 280.34231200000005 576.421739719825 225.07230650436196 528.7143920000001 225.90504200000004 529.6791342801752 281.1750474956381 pollen 0
606.3863795914824 411.81494461185827 550.4789749999999 410.188205 548.9835054085174 461.5841523881417 604.89091 463.21089200000006 empty-cells 0
105.14883037623683 387.05639097962023 39.41862900000005 385.14383699999996 37.62737562376327 446.7052080203797 103.35757700000005 448.61776199999997 empty-cells 0
63.39072200000001 243.09149200000002 61.17000889337494 115.86692457714395 28.76328799999999 116.43258599999999 30.98400110662506 243.65715342285603 nectar 0