192.8281006675492 536.9843745351191 181.447326 48.019863999999984 126.33319933245079 49.302659464880854 137.71397399999998 538.26717 wax-sealed-honey-cells 0
256.06888136347504 218.50885631582454 251.94444000000001 41.30606399999999 180.38585963652497 42.97160868417546 184.510301 220.174401 wax-sealed-honey-cells 0
336.3830977003188 175.82317454698216 333.799452 101.83723799999997 248.2761472996811 104.82377745301787 250.85979299999997 178.80971400000004 wax-sealed-honey-cells 0
239.93110706549317 577.1261867152239 236.36574900000002 423.94386 196.26688893450682 424.8771712847761 199.83224699999997 578.0594980000001 wax-sealed-honey-cells 0
276.38537340407976 580.4913055684398 274.2514320000001 488.808483 236.2411375959203 489.6931824315601 238.37507899999997 581.376005 wax-sealed-honey-cells 0
365.50058664804374 439.9795911988736 363.7856770000001 390.871012 262.29904635195635 394.41500380112643 264.01395600000006 443.52358300000003 capped-brood-cells 0
243.0142927457214 311.42169651030474 241.24199400000003 235.276494 187.51224225427853 236.5270674896953 189.28454099999996 312.67226999999997 capped-brood-cells 0
342.9100417791701 253.69013836375618 341.3961570000001 210.33815400000003 246.79571122082993 213.64167463624392 248.30959600000003 256.99365900000004 capped-brood-cells 0
405.647692350591 386.15910446162684 402.4388090000001 248.29238600000002 349.541282649409 249.52358953837322 352.75016600000004 387.390308 capped-brood-cells 0
223.80599812489362 387.1044394683936 223.422602 370.632182 209.97095887510636 370.94527253160635 210.354355 387.41753000000006 capped-brood-cells 0
232.84569729210597 348.386313838888 232.43114499999996 330.575455 221.460173707894 330.83080716111203 221.874726 348.64166600000004 capped-brood-cells 0
235.66082135184354 412.3704584270565 235.228679 393.803858 221.27770064815653 394.12857057294343 221.709843 412.6951710000001 capped-brood-cells 0
263.36236188254117 426.70118984144995 262.77366 409.8429729999999 236.3758971174588 410.7648031585501 236.96459899999996 427.62302 capped-brood-cells 0
349.4634353756981 392.8915482433006 346.392461 260.9499909999999 231.51174762430185 263.6238697566992 234.58272199999993 395.5654269999999 empty-cells 0
500.08951126463455 206.27339295363385 497.88609600000007 143.17583200000004 233.91348973536543 152.39395804636624 236.11690500000003 215.49151900000004 empty-cells 0
499.81505474820466 140.76309905008753 496.152823 35.89051299999998 329.1309192517954 41.72304694991246 332.7931510000001 146.59563300000002 empty-cells 0
336.5035004536345 97.48602073503503 334.14150700000005 29.847371000000003 246.34646054636545 32.91324126496498 248.70845400000002 100.55189100000001 empty-cells 0
504.5733424300796 585.8785630478721 499.392982 437.53244199999995 273.1372185699204 445.433466952128 278.317579 593.7795880000001 empty-cells 0
171.2921813863046 601.1375927166736 169.788822 536.547138 131.97057961369538 537.4273672833266 133.47393899999997 602.0178220000001 empty-cells 0
493.3522666285555 437.41939207425844 491.54315599999995 385.613243 366.4795363714444 389.98056092574166 368.28864699999997 441.7867100000001 empty-cells 0
499.9821464610902 387.3391211435844 495.840957 209.41672100000002 406.4407445389098 211.4975338564156 410.581934 389.419934 empty-cells 0
406.88758204401654 243.24185568608544 405.81614500000006 212.55992300000003 356.9103279559836 214.26775231391463 357.98176500000005 244.94968500000004 empty-cells 0