448.64646300000004 404.3932660000001 288.22386204978517 401.59308001883124 286.5191070000001 499.25846400000006 446.9417079502149 502.05864998116897 capped-brood-cells 0
292.4258900000001 366.68688700000007 190.913235983614 364.3241535478386 188.36321900000007 473.88327100000004 289.87587301638615 476.2460044521615 capped-brood-cells 0
259.97559400000006 502.72847600000006 243.0924191904196 502.4337795980346 242.94848200000007 510.67994999999996 259.8316568095805 510.9746464019654 pollen 0
253.8353470000001 520.4434680000002 240.18119593080962 520.1256643362246 239.78229000000005 537.2643020000002 253.43644106919055 537.5821056637757 pollen 0
286.21594300000004 537.5567270000001 265.93238283102863 537.2026763809015 265.6864790000001 551.2905070000003 285.9700391689715 551.6445576190989 pollen 0
323.09376700000007 552.838911 309.91164879466663 552.608816363593 309.74927700000006 561.911094 322.9313952053335 562.1411886364072 pollen 0
367.12623800000006 547.879307 347.9632872074377 547.5448162250292 347.77201600000006 558.5027289999999 366.93496679256225 558.8372197749708 pollen 0
464.4397950000001 509.69292400000006 436.63076066142696 509.04566177322926 435.95721400000014 537.983983 463.7662483385733 538.6312452267708 pollen 0
384.08171200000015 557.7226100000001 372.53087538569133 557.5209896808138 372.37595200000015 566.3965570000003 383.926788614309 566.5981773191866 pollen 0
490.85657000000015 345.51863800000007 464.62332227514185 344.90805269722466 463.3843820000001 398.13800600000013 489.6176297248584 398.7485913027756 nectar 0
504.40844400000003 419.5857030000001 467.09164907509575 418.93433627294723 466.67883000000006 442.58473800000013 503.9956249249043 443.236104727053 nectar 0
478.92352300000005 447.99524700000006 456.1234104014281 447.46456861477475 455.44378900000004 476.663882 478.24390159857205 477.19456038522526 nectar 0
485.97215500000016 473.36426700000004 464.8462498732664 472.9955124525502 464.52610500000003 491.33657500000015 485.65201012673384 491.70532954744994 nectar 0
429.24868200000003 503.98592600000006 313.2268546338933 501.9607573155172 312.8733420000001 522.2134809999999 428.8951693661068 524.2386496844828 capped-brood-cells 0
406.518303 523.531664 307.1513693576418 521.7972075085444 306.760932 544.165346 406.12786564235824 545.8998024914556 capped-brood-cells 0
561.4962740000001 48.64446200000007 503.3505475949919 47.291105243819956 497.24334000000005 309.6816540000001 555.3890664050082 311.0350107561802 wax-sealed-honey-cells 0
499.266923 45.312532000000054 434.03415627433606 43.79422251488143 431.85318899999993 137.49747000000005 497.08595572566395 139.01577948511866 wax-sealed-honey-cells 0
429.3464160000001 46.89907200000004 311.18873208043703 44.83662241511791 310.59562800000003 78.81554000000006 428.7533119195631 80.87798958488219 wax-sealed-honey-cells 0
535.6227000000001 328.2937870000001 492.1181910020826 327.2812084874487 490.13890600000013 412.3193770000001 533.6434149979176 413.33195551255153 wax-sealed-honey-cells 0
544.7809100000001 441.27973100000014 478.8906322920297 439.7461179168286 475.132569 601.207856 541.0228467079704 602.7414690831715 wax-sealed-honey-cells 0
479.30185600000016 519.7323140000001 420.4634233852454 518.3628345712667 418.4746140000001 603.8102130000001 477.31304661475485 605.1796924287336 wax-sealed-honey-cells 0
419.27433300000007 551.9145579999999 296.176813967413 549.7658819868379 295.404188 594.0295770000001 418.501707032587 596.1782530131621 wax-sealed-honey-cells 0
491.443054 143.71838500000004 171.42647804507246 138.13247435015938 167.257971 376.9460600000001 487.2745469549276 382.5319706498408 empty-cells 0
430.1836870000001 76.56786200000006 176.19853933559392 72.1345353672366 175.03339100000002 138.88584800000004 429.01853866440615 143.31917463276352 empty-cells 0
232.28242500000007 481.6986120000001 156.47828977348814 479.93425061603693 154.28804500000004 574.036067 230.09218022651197 575.8004283839632 empty-cells 0