230.1096490177595 88.25268188517023 188.75005300000004 86.80837300000002 188.0693269822406 106.30181611482982 229.42892300000005 107.74612500000003 wax-sealed-honey-cells 0
194.35411000000002 160.258628 192.87592848301531 109.45680863608186 156.877452 110.504257 158.3556335169847 161.30607636391815 wax-sealed-honey-cells 0
217.258526 265.142469 215.24809386078428 196.0484074604159 163.28738100000004 197.56031000000002 165.29781313921572 266.65437153958413 wax-sealed-honey-cells 0
234.73058000000003 503.1729869999999 229.9817038155834 339.96470774854066 157.41301699999997 342.076241 162.1618931844166 505.2845202514593 wax-sealed-honey-cells 0
350.511523 565.8615629999999 346.25880989866636 419.7053087571041 231.94875499999998 423.031392 236.20146810133355 569.1876462428958 nectar 0
215.56746690234985 162.5562314034769 172.309055 161.045615 170.99554709765016 198.65957559652313 214.253959 200.170192 nectar 0
263.54091999999997 269.36776499999996 261.07147103205637 184.49830594434025 213.93057099999996 185.86996599999998 216.40001996794356 270.7394250556597 nectar 0
276.21 275.642647 275.4337332500503 248.96408484872455 261.865433 249.358882 262.6416997499497 276.03744415127545 nectar 0
268.7605618301595 277.9500291673641 253.996783 277.43446600000004 253.65207116984053 287.30570883263596 268.41585 287.821272 nectar 0
167.85047799999998 581.9693619999999 152.6479528066539 59.49248505156446 102.495069 60.951784999999994 117.69759419334608 583.4286619484354 empty-cells 0
490.55825068732446 275.1546296978313 159.10656700000007 263.58008100000006 157.03469331267567 322.9107763021688 488.48637700000006 334.48532500000005 empty-cells 0
190.91274800000002 107.35640599999999 189.12277263730758 45.83895003907202 160.96567499999998 46.65823799999999 162.7556503626924 108.17569396092796 empty-cells 0
389.1852544263552 54.627308721181045 186.86645900000002 47.56218100000004 185.4694765736449 87.56652527881906 387.7882720000001 94.63165300000007 empty-cells 0
495.58567004820236 81.70046878091034 269.488387 73.80497800000003 262.8299379517976 264.47801921908973 488.92722100000003 272.37351000000007 empty-cells 0
274.93026132663516 112.46788113481814 199.70337099999998 109.84090000000002 197.26835167336478 179.5707238651819 272.49524199999996 182.19770500000004 empty-cells 0
490.7338444744054 349.60770654052874 233.52615500000007 340.625816 230.75720252559478 419.91823945947135 487.9648920000001 428.9001300000001 empty-cells 0
491.90489300000013 601.800663 486.5918748811573 419.2040680515472 342.157191 423.406688 347.4702091188428 606.0032829484527 empty-cells 0
240.083613 598.813232 237.35348610804118 504.9848833887043 164.829516 507.0951160000001 167.55964289195887 600.9234646112958 empty-cells 0
349.90137290081077 566.4028842245448 238.61591000000004 562.5167100000001 237.04789109918931 607.4188937754553 348.33335400000004 611.305068 empty-cells 0
483.16407012115394 333.1422428032024 359.5934710000001 328.827062 358.9320338788462 347.7681411967977 482.502633 352.08332200000007 empty-cells 0