629.823355 587.330732 626.7052645431352 453.36486098424507 541.9570799999999 455.33739700000007 545.0751704568647 589.303268015755 wax-sealed-honey-cells 0
593.7168800000001 544.424505 592.1063307509262 475.2287539462961 541.507457 476.40645600000005 543.1180062490739 545.602207053704 nectar 0
613.631608 463.95409700000005 611.1604551544448 357.783292261808 583.91007 358.4175520000001 586.3812228455553 464.5883567381921 nectar 0
507.9023787627792 536.8581420774751 415.2007710000001 535.7794620000001 414.6975722372209 579.024289922525 507.39918 580.10297 nectar 0
408.859512 568.284049 407.61393684672015 514.7690774894932 373.99006599999996 515.5516819999999 375.2356411532798 569.0666535105067 nectar 0
361.98095279330323 526.6209057910775 250.50222900000009 525.323734 249.9462332066969 573.1059182089226 361.42495700000006 574.4030900000001 nectar 0
240.16456907618345 509.1917821223818 131.82811900000004 507.931173 131.13239792381665 567.7212778776181 239.46884800000007 568.981887 nectar 0
115.15848000000003 538.855974 114.06646607510021 491.9386083371843 74.64677200000001 492.85611200000005 75.73878592489982 539.7734776628157 nectar 0
137.08028700000003 506.430311 131.96166713736415 286.5135538251713 72.72021799999997 287.892414 77.83883786263587 507.80917117482875 capped-brood-cells 0
119.63041200000004 448.075017 118.8549843054757 414.75948934809605 94.058073 415.3366439999999 94.8335006945243 448.6521716519039 nectar 0
97.24001000000001 404.01434700000004 96.76560786538987 383.63210906319927 85.54486100000003 383.8932750000001 86.01926313461016 404.27551293680085 pollen 0
91.57582700000003 497.24476400000003 91.01200073513168 473.02047509124117 79.27434099999999 473.2936720000001 79.83816726486833 497.51796090875894 pollen 0
128.602106405955 509.4852038952436 110.85984000000008 509.278754 110.71966859404512 521.3250591047564 128.46193500000007 521.531509 pollen 0
569.248894 520.9460780000002 563.0586026837864 254.98595238178038 471.693929 257.112489 477.8842203162136 523.0726146182197 capped-brood-cells 0
478.3806450000001 411.78681499999993 474.30632835384245 236.7375796903673 327.9282360000001 240.144568 332.0025526461576 415.1938033096327 capped-brood-cells 0
476.630031 544.256953 473.9835744105542 430.5543864305745 394.94275099999993 432.394082 397.5892075894458 546.0966485694254 capped-brood-cells 0
363.919477 535.0355899999998 361.15086925257447 416.08488094797065 252.78241699999998 418.607184 255.55102474742552 537.5578930520293 capped-brood-cells 0
332.339025 348.784875 329.5073444649329 227.12432767973937 243.10184099999998 229.1354379999999 245.93352153506711 350.79598532026057 capped-brood-cells 0
312.2943828074684 338.59753105184814 232.62781100000007 337.67052600000005 231.90614719253176 399.69012494815206 311.57271900000006 400.6171300000001 capped-brood-cells 0
231.48585110931606 243.24201544294309 134.311277 242.111287 133.27337189068393 331.3086425570569 230.447946 332.43937099999994 capped-brood-cells 0
242.66668000000004 498.69014899999996 238.63924910688877 325.65528883211084 149.30385999999996 327.734593 153.3312908931112 500.769453167889 empty-cells 0
614.3666137754047 212.1964540126067 530.589297 211.22161700000004 529.9348722245952 267.4627639873933 613.712189 268.43760100000003 empty-cells 0
229.33130332957484 196.95987647763837 87.48394000000003 195.30933300000004 86.96896067042529 239.56654952236175 228.81632400000007 241.21709300000006 empty-cells 0
113.51812699999999 295.31006 112.0437852077182 231.96632765301814 78.695957 232.742507 80.17029879228181 296.08623934698187 empty-cells 0