274.88853300000005 292.727507 37.70240000000004 292.727507 37.702400000000054 542.445818 274.8885330000001 542.445818 nectar 0
561.376 271.56153200000006 376.891733 271.561532 376.89173300000004 528.105001 561.376 528.105001 nectar 0
372.9344 246.91770300000005 275.978667 246.91770300000005 275.978667 377.682685 372.9344 377.682685 nectar 0
368.43739033721977 503.62075758595734 281.26346700000005 502.606397 280.6911436627803 551.7917374140428 367.86506700000007 552.806098 empty-cells 0
529.5537999552945 531.5011165097314 372.15733300000005 529.669643 371.8691330447057 554.4374894902686 529.2656000000001 556.2689630000001 empty-cells 0
595.1776 405.9592640000001 533.863467 405.9592640000001 533.863467 555.450318 595.1776 555.450318 nectar 0
597.290133 339.0414100000001 561.3424 339.0414100000001 561.3424 407.2437000000001 597.290133 407.2437000000001 nectar 0
196.30229265955415 172.8641842597176 45.46720000000001 171.10905899999995 44.06464034044585 291.6447387402823 194.89973299999997 293.399864 wax-sealed-honey-cells 0
361.04830351436976 169.4075775255277 195.10506700000002 167.476653 194.01943048563038 260.77602047447243 359.96266700000007 262.70694500000013 wax-sealed-honey-cells 0
490.9663615697484 172.07051133451986 361.05066700000003 170.55880500000006 360.2741724302517 237.2905696654803 490.18986700000016 238.8022760000001 wax-sealed-honey-cells 0
594.550933 177.11689300000006 561.848 177.11689300000006 561.848 334.4990260000002 594.550933 334.4990260000002 wax-sealed-honey-cells 0
560.805867 172.83361500000007 490.5455999999999 172.83361500000007 490.5455999999999 266.9615670000001 560.805867 266.9615670000001 wax-sealed-honey-cells 0