74.49866700000003 96.64 36.479467000000014 96.64 36.47946700000003 349.2576 74.49866700000005 349.2576 wax-sealed-honey-cells 0
101.54880000000003 95.0408 73.813333 95.0408 73.81333300000001 188.8024 101.54880000000003 188.8024 wax-sealed-honey-cells 0
583.045867 77.44000000000007 461.013867 77.44000000000005 461.013867 171.96480000000005 583.045867 171.96480000000005 wax-sealed-honey-cells 0
569.441067 141.37040000000005 533.195733 141.37040000000005 533.195733 163.45840000000007 569.441067 163.45840000000007 pollen 0
606.738667 90.55520000000008 580.3888 90.55520000000008 580.3888 269.0928000000001 606.738667 269.0928000000001 empty-cells 0
551.3728 192.34480000000005 542.984533 192.34480000000005 542.984533 204.80400000000006 551.3728 204.80400000000006 wax-sealed-honey-cells 0
565.740267 228.68320000000006 558.581867 228.68320000000006 558.581867 240.24160000000006 565.740267 240.24160000000006 wax-sealed-honey-cells 0
290.727467 310.1328 236.72640000000007 310.1328 236.72640000000007 370.8208000000001 290.727467 370.8208000000001 nectar 0
64.53440000000003 184.7384 52.11200000000004 184.7384 52.11200000000004 224.1224 64.53440000000003 224.1224 nectar 0
60.40906700000002 237.6688 50.820800000000034 237.6688 50.820800000000034 252.0944 60.40906700000002 252.0944 nectar 0
125.35360000000003 142.46 84.38720000000004 142.46 84.38720000000004 166.9832 125.35360000000003 166.9832 nectar 0
106.98880000000003 167.95600000000002 80.51413300000004 167.95600000000002 80.51413300000004 213.73359999999997 106.98880000000003 213.73359999999997 nectar 0
88.88906700000004 212.4952 72.76853300000003 212.4952 72.76853300000003 242.90320000000003 88.88906700000004 242.90320000000003 nectar 0
93.94613300000003 246.3824 75.99520000000003 246.3824 75.99520000000003 269.6752 93.94613300000003 269.6752 nectar 0
98.86986700000003 258.9704 90.84106700000004 258.9704 90.84106700000004 270.076 98.86986700000003 270.076 pollen 0
78.64213300000003 255.7424 67.60426700000002 255.7424 67.60426700000002 269.2752 78.64213300000003 269.2752 pollen 0
156.3376 102.55200000000002 114.188267 102.552 114.188267 143.4512 156.3376 143.4512 nectar 0
199.3216 96.41360000000003 167.8272 96.41360000000003 167.8272 128.2552 199.3216 128.2552 nectar 0
221.81440000000003 105.96080000000003 199.646933 105.96080000000003 199.646933 140.9192 221.81440000000003 140.9192 nectar 0
324.3216 124.26720000000003 246.581867 124.26720000000003 246.581867 231.91520000000003 324.3216 231.91520000000003 capped-brood-cells 0
342.018133 227.65920000000006 279.095467 227.65920000000006 279.095467 350.8656 342.018133 350.8656 capped-brood-cells 0
386.280533 352.51120000000003 285.597867 352.51120000000003 285.597867 417.8888 386.280533 417.8888 capped-brood-cells 0
421.674133 344.7088 383.789333 344.7088 383.789333 394.3408 421.674133 394.3408 capped-brood-cells 0
453.046933 325.2008 418.904 325.2008 418.904 376.2264 453.046933 376.2264 capped-brood-cells 0
464.307733 225.70880000000005 444.914667 225.70880000000005 444.914667 242.78400000000005 464.307733 242.78400000000005 capped-brood-cells 0
475.971733 270.5776000000001 449.466133 270.5776 449.466133 301.95680000000004 475.971733 301.9568000000001 capped-brood-cells 0
571.010133 240.07200000000006 513.271467 240.07200000000006 513.271467 314.13600000000014 571.010133 314.13600000000014 nectar 0
557.4304 203.46240000000006 528.365867 203.46240000000006 528.365867 243.10080000000005 557.4304 243.10080000000005 nectar 0
569.949867 168.98720000000003 533.169067 168.98720000000003 533.169067 192.77280000000005 569.949867 192.77280000000005 nectar 0
506.1808 314.61200000000014 479.3104 314.61200000000014 479.3104 339.5960000000001 506.1808 339.5960000000001 nectar 0
224.11893300000003 220.3664 186.80586699999998 220.3664 186.80586700000003 358.1904 224.11893300000006 358.1904 capped-brood-cells 0
188.72053300000005 318.7144 151.80000000000007 318.7144 151.80000000000007 365.4136 188.72053300000005 365.4136 capped-brood-cells 0
161.70453300000005 343.63839999999993 37.73866700000004 343.63839999999993 37.73866700000005 462.576 161.70453300000005 462.576 empty-cells 0
242.50239999999997 144.05920000000003 100.63573300000003 144.0592 100.63573300000003 226.71200000000002 242.50239999999997 226.71200000000005 empty-cells 0
184.89600000000002 229.3336 88.53973300000004 229.3336 88.53973300000004 328.9192 184.89600000000002 328.9192 empty-cells 0
445.718933 87.81520000000003 326.825067 87.81520000000003 326.825067 322.1816 445.718933 322.1816 empty-cells 0
585.621333 354.5248000000001 456.2496 354.5248 456.2496 458.08320000000003 585.621333 458.0832000000001 empty-cells 0
457.6896 388.99839999999995 369.160533 388.99839999999995 369.160533 456.96 457.6896 456.96 empty-cells 0
294.16480000000007 359.968 162.32373300000006 359.968 162.32373300000006 464.8224 294.1648000000001 464.8224 empty-cells 0
328.5792 71.48480000000004 217.963733 71.48480000000004 217.963733 127.87520000000004 328.5792 127.87520000000004 empty-cells 0
368.97920000000005 416.212 288.119467 416.212 288.11946700000004 468.1912 368.9792000000001 468.1912 empty-cells 0
524.591467 174.90320000000003 468.345067 174.90320000000003 468.345067 289.6088000000001 524.591467 289.6088000000001 empty-cells 0
472.782933 142.71840000000006 444.864 142.71840000000006 444.864 220.70240000000007 472.782933 220.70240000000007 empty-cells 0