208.8152423885586 364.29245649115217 39.59630600000004 360.353842 37.479270611441486 451.3103135088478 206.69820700000005 455.24892800000003 wax-sealed-honey-cells 0
107.70146661610968 309.46042354357405 47.51883000000004 308.059658 46.45082438389038 353.945562456426 106.63346100000004 355.346328 wax-sealed-honey-cells 0
296.0697812095787 407.01550435828017 202.95793000000003 404.848302 201.78033979042135 455.44237964171987 294.892191 457.609582 wax-sealed-honey-cells 0
271.952363180294 364.7678588627484 204.18046800000002 363.19045000000006 202.66887881970598 428.13446413725165 270.440774 429.711873 nectar 0
541.7750250982511 399.75147463015264 318.98442000000006 394.565966 317.5047949017488 458.13669636984747 540.2954 463.32220500000005 wax-sealed-honey-cells 0
620.1045489999999 460.05477199999996 617.81666247397 263.43427619580893 538.376942 264.358641 540.6648285260299 460.97913680419094 wax-sealed-honey-cells 0
578.46525 332.3559389999999 577.5435891341806 253.14866414550949 519.8337059999999 253.82018 520.7553668658192 333.02745485449043 nectar 0
572.0062090000001 307.979366 571.6952216977442 281.25318427355194 550.350295 281.501555 550.6612823022559 308.2277367264481 pollen 0
593.2539730000001 421.17618100000004 592.7575573246116 378.51426969297347 566.930186 378.814798 567.4266016753885 421.47670930702645 nectar 0
579.288954 451.39566699999995 578.4679091180687 380.83521664091836 544.137326 381.234689 544.9583708819313 451.79513935908165 nectar 0
584.943777 237.71160800000004 584.7924695847435 224.70826126436845 576.7242810000001 224.802143 576.8755884152566 237.8054897356316 pollen 0
535.8442230000002 369.376825 533.4463800662503 163.30670881768836 462.89478199999996 164.127651 465.2926249337498 370.1977671823116 nectar 0
492.9588702305399 362.3850813625751 422.70832900000005 360.74998200000005 421.85100676946007 397.58404363742505 492.10154800000004 399.21914300000014 nectar 0
203.508691 363.194009 200.5289920592778 107.11926786842943 67.66991199999998 108.66522299999998 70.64961094072217 364.73996413157056 empty-cells 0
461.5500250000001 352.085424 458.58171015254516 96.98902855882142 255.825698 99.348308 258.79401284745484 354.4447034411786 empty-cells 0
608.3139449962879 69.2053513206862 471.0855 66.01132400000007 468.9642600037122 157.14844867931396 606.192705 160.3424760000001 empty-cells 0