579.366978 100.02254 578.8163662945406 5.380396033866917 451.91798099999994 6.118668999999997 452.46859270545934 100.76081296613307 wax-sealed-honey-cells 0
597.7369919999999 270.506764 593.7722638370251 100.16588897128497 528.4116179999999 101.687175 532.3763461629746 272.028050028715 wax-sealed-honey-cells 0
593.149944 619.661787 587.2206456071968 364.91495767834283 505.50824299999994 366.8168350000001 511.43754139280315 621.5636643216573 wax-sealed-honey-cells 0
511.73875099999987 615.7012229999999 508.6475968381517 482.89264236030897 383.30971799999986 485.80991399999994 386.40087216184816 618.618494639691 wax-sealed-honey-cells 0
458.04324600000007 533.360824 457.80209355346176 491.9102146656175 369.72017 492.42266 369.9613224465383 533.8732693343825 nectar 0
534.2733490000002 438.1989060000001 534.0120078888395 393.2780772686612 481.007111 393.58644999999996 481.2684521111606 438.50727873133883 nectar 0
557.4153340000001 377.819846 555.7049131778839 304.33318342625375 521.865861 305.120796 523.5762818221162 378.60745857374627 nectar 0
518.9063129999998 236.54312600000003 518.4299037654657 154.65534325052874 354.837348 155.60709699999995 355.313757234534 237.49487974947124 nectar 0
357.22136 328.504639 353.71878867699525 178.01988835430964 210.695295 181.34879700000002 214.1978663230048 331.8335476456904 nectar 0
478.37009399999994 76.852773 478.2197333824969 51.008014448893945 433.66941199999997 51.267201 433.81977261750296 77.11195955110605 pollen 0
480.89427099999995 93.62116 480.81391756653215 79.80962342968027 465.934437 79.89618999999999 466.01479043346774 93.70772657031972 pollen 0
519.713724 225.37531800000005 517.3035965964874 121.82641790419649 490.8375490000001 122.442422 493.2476764035127 225.99132209580353 pollen 0
437.73398999999995 142.227073 437.1053402080811 34.17129987315368 193.31841899999998 35.58961 193.9470687919189 143.64538312684633 capped-brood-cells 0
485.14872399999996 152.75961899999996 483.5858892612226 85.6138449044133 429.7997409999999 86.86573099999998 431.3625757387773 154.01150509558664 capped-brood-cells 0
526.73444 366.47838199999995 524.4605119695441 268.78116390813403 481.553144 269.77984399999997 483.82707203045584 367.4770620918659 capped-brood-cells 0
486.04938400000003 406.820778 484.34792031659424 333.7189581641476 418.59703300000007 335.2493270000001 420.2984966834058 408.35114683585243 capped-brood-cells 0
479.603373 496.699244 479.35124760107055 453.36257613333896 385.06200299999995 453.91113500000006 385.31412839892937 497.24780286666095 capped-brood-cells 0
378.91243700000007 503.8277979999999 378.6946946239891 466.4010642894484 286.297408 466.938616 286.5151503760109 504.3653497105516 capped-brood-cells 0
284.680073 490.43813900000004 283.61056265327716 444.4876172618805 239.818754 445.506883 240.8882643467228 491.45740473811964 capped-brood-cells 0
235.93854 459.717511 235.68007803255432 415.2916665293858 181.04862200000002 415.6095030000001 181.30708396744575 460.0353474706143 capped-brood-cells 0
340.3220580000001 542.4511090000001 340.1230709240816 508.24816966535883 289.54045600000006 508.542451 289.7394430759185 542.7453903346413 capped-brood-cells 0
284.71172500000006 537.655548 284.6522128042389 527.4262432129406 238.31525999999997 527.695823 238.37477219576115 537.9251277870594 capped-brood-cells 0
236.49312199999994 529.40212 236.3984010819413 513.1210006455399 205.95421399999998 513.29812 206.04893491805868 529.5792393544601 capped-brood-cells 0
310.14588699999996 555.23531 310.07573085760976 543.176485418283 284.780443 543.3236489999999 284.8505991423902 555.3824735817169 bee-larvae 0
321.849097 507.178859 321.7763465316202 494.67412213272263 272.484475 494.96089400000005 272.5572254683797 507.46563086727735 bee-larvae 0
245.24469500000004 496.53822899999994 244.89379872111607 481.4622921892992 235.013013 481.69227 235.3639092788839 496.76820681070075 bee-larvae 0
239.31908400000003 547.9641940000001 239.2350624521843 533.522194396034 211.600576 533.682968 211.6845975478157 548.1249676039661 bee-larvae 0
341.17804 566.4397780000002 341.07480411160213 548.6950430131325 307.02586900000006 548.893134 307.129104888398 566.6378689868677 bee-larvae 0
264.454219 599.688452 264.31263986823086 575.3531807321343 239.247867 575.4990039999999 239.3894461317692 599.8342752678656 bee-larvae 0
381.125366 560.8845179999998 379.8718965098193 507.0303589914822 340.19521599999996 507.953844 341.44868549018065 561.8080030085177 bee-larvae 0
340.32693800000004 545.651514 340.21650219066305 526.6693203429456 320.6435680000001 526.7831929999999 320.75400380933706 545.7653866570543 bee-larvae 0
280.944842 572.788884 280.74563165808013 538.5475397718776 238.52074699999997 538.7931969999999 238.7199573419198 573.0345412281223 bee-larvae 0