92.14773832848577 513.5739883296837 50.48596900000006 513.08921 50.02041167151438 553.0991296703163 91.68218100000007 553.5839080000001 wax-sealed-honey-cells 0
182.65434190066998 547.1805149003944 59.13510600000008 545.7432389999999 58.592820099330126 592.3471930996053 182.11205600000002 593.784469 nectar 0
177.5631931146906 507.9383002784092 90.69902500000009 506.92754400000007 90.26769988530957 543.9955277215911 177.1318680000001 545.0062840000002 nectar 0
164.03779927476694 485.0953932267605 53.32456800000007 483.80712800000003 53.05277972523317 507.1645527732396 163.76601100000005 508.4528180000001 nectar 0
96.271345 484.740904 95.40944793395124 435.3628460057955 55.930299000000005 436.051957 56.79219606604876 485.4300149942045 nectar 0
120.04153248961751 393.3513172967215 108.95338100000005 393.222295 108.86886051038259 400.4859697032785 119.95701200000005 400.61499200000003 bee-larvae 0
289.3392545219232 536.3736874875818 182.20236000000006 535.1270360000001 181.584548478077 588.2215925124184 288.72144300000014 589.4682440000001 nectar 0
303.4346610035082 86.77200447220649 75.394076 84.118512 74.6100279964918 151.49943252779357 302.650613 154.15292500000007 nectar 0
423.18617574028247 149.8894342104347 46.133291000000014 145.502027 42.77469325971764 434.1392347895653 419.8275780000001 438.52664200000004 empty-cells 0
410.2670175186933 431.9895003358379 163.14659100000006 429.11399400000005 161.80145948130678 544.7143216641623 408.92188600000003 547.5898280000001 empty-cells 0
410.030735226979 548.1684815001703 293.27176300000013 546.809868 292.43781177302117 618.4794694998296 409.19678400000004 619.8380829999999 empty-cells 0
421.0513157650929 73.305746275532 302.22387999999995 71.92306400000002 301.15523923490696 163.76183572446809 419.9826749999999 165.14451800000006 empty-cells 0
252.34887082835974 53.59645293114164 67.35405500000002 51.443844000000006 66.98501617164023 83.15897306885839 251.97983199999996 85.31158200000004 empty-cells 0