596.316283866934 441.97891546323257 94.47836100000006 436.139503 93.30790013306604 536.7286725367675 595.145823 542.568085 wax-sealed-honey-cells 0
156.00516 425.46580300000005 155.429318028958 326.4869709523349 67.178013 327.000402 67.75385497104202 425.97923404766516 wax-sealed-honey-cells 0
279.99891398973284 347.4011838239493 179.2828350000001 346.229246 178.20888701026723 438.5241001760508 278.92496600000004 439.6960380000001 wax-sealed-honey-cells 0
492.6328399351643 402.364649374461 297.98716300000007 400.099742 297.5425140648358 438.312780625539 492.1881910000001 440.5776880000001 wax-sealed-honey-cells 0
600.5311249999999 441.83837199999994 599.9234203793403 337.3827989573813 546.141148 337.69569499999994 546.7488526206596 442.15126804261854 wax-sealed-honey-cells 0
403.22038096395636 178.5617232119982 75.89161400000002 174.752908 74.47464903604372 296.5265747880018 401.8034160000001 300.3353900000001 empty-cells 0
585.846366 328.008795 584.9904581562448 180.89072754312642 516.4448860000001 181.289514 517.3007938437553 328.4075814568736 nectar 0
379.72919114122243 343.61078516152895 310.482296 342.805025 309.8302698587776 398.84004383847105 379.07716500000004 399.645804 wax-sealed-honey-cells 0
505.67056 308.04275300000006 504.93189215524836 181.07652163884973 405.76116299999995 181.65348 406.4998308447516 308.6197113611504 empty-cells 0
86.601882 555.543761 86.30395413217684 504.33425542010696 57.068522999999985 504.50434200000007 57.36645086782315 555.7138475798931 empty-cells 0
492.1836910908406 303.5605121706022 170.10832900000003 299.812826 169.66913390915943 337.55715982939785 491.744496 341.304846 empty-cells 0