550.856311 335.33269500000006 546.024026524212 58.491258600295225 494.75051099999985 59.386241 499.58279547578786 336.22767739970476 wax-sealed-honey-cells 0
497.659815 219.46372699999998 494.6595754271716 47.58013413320944 447.21015099999994 48.408367 450.2103905728282 220.29195986679056 wax-sealed-honey-cells 0
447.807333084628 50.55799233935653 329.45778900000005 47.114373000000036 327.78905891537204 104.46491766064356 446.13860300000005 107.90853700000007 wax-sealed-honey-cells 0
336.97366397824635 52.66315366966106 234.80607299999997 49.69038100000002 233.4659190217535 95.748495330339 335.63351 98.72126800000004 wax-sealed-honey-cells 0
555.680109 611.642051 551.4108406788566 367.0558659255921 506.5337249999999 367.839199 510.8029933211434 612.4253840744079 wax-sealed-honey-cells 0
517.129522 601.989211 514.9455818876469 476.87137951327907 470.05887399999995 477.65487999999993 472.24281411235313 602.7727114867208 wax-sealed-honey-cells 0
480.1964308030209 594.1580020533404 397.82912500000003 591.761358 396.83899519697917 625.7899089466597 479.20630100000005 628.1865530000001 wax-sealed-honey-cells 0
400.38451930212483 71.19094389009001 340.05261900000005 69.43546500000004 339.5633966978752 86.24894610991008 399.89529699999997 88.00442500000005 nectar 0
400.7372579446848 98.95297223009234 344.325274 97.31155200000003 343.9189630553152 111.27556076990773 400.330947 112.91698100000004 nectar 0
409.07558300000005 126.12590900000001 408.7393249099116 106.86166192509236 397.4892709999999 107.058032 397.82552909008837 126.32227907490764 nectar 0
399.957626437449 117.43128645705224 378.986774 116.82109700000005 378.678127562551 127.42858754294787 399.64898 128.03877700000007 nectar 0
401.16890657713145 107.37459223471748 379.82012899999984 106.75340600000004 379.4333134228684 120.04738976528259 400.7820909999999 120.66857600000003 pollen 0
419.2459146438364 132.70930595318737 407.77338699999996 132.37549000000007 407.5991343561635 138.36417404681276 419.071662 138.69799000000006 pollen 0
392.647787 142.47136 392.356168761956 125.76455541679837 381.92145200000004 125.94669399999998 382.21307023804405 142.6534985832016 pollen 0
380.2342222395703 123.37461564142194 361.42699100000004 122.82738100000002 361.09261876042973 134.31900735857812 379.89985 134.86624200000003 pollen 0
367.07216755897616 114.58204474090726 353.19932600000004 114.17838600000005 352.9139254410238 123.98696025909283 366.78676699999994 124.39061900000006 pollen 0
344.2638820000001 134.83896100000004 343.75232457024447 105.53185073078157 317.47448799999995 105.99053200000002 317.9860454297555 135.29764226921847 pollen 0
346.58772050084474 91.70079986960806 327.31013900000005 91.13987900000001 326.9638024991553 103.04268113039201 346.241384 103.60360200000005 pollen 0
356.16919768595847 128.5615361491938 343.34980299999995 128.18853000000001 343.1327773140415 135.64722185080626 355.952172 136.02022800000006 pollen 0
374.270367302742 145.7800113427196 353.6157079999999 145.17902200000003 353.31167969725806 155.62779465728045 373.96633899999995 156.22878400000002 bee-larvae 0
319.0531789323817 110.66185110216247 306.909665 110.30851100000004 306.63409006761833 119.77940889783761 318.777604 120.13274900000005 pollen 0
299.31298000000004 125.11929800000001 298.8658184383114 99.50142336701236 279.473584 99.83991600000002 279.92074556168865 125.45779063298764 pollen 0
310.07113230771563 122.38427714624476 298.02934899999997 122.03389700000004 297.7793446922844 130.62598685375536 309.82112800000004 130.97636700000007 pollen 0
301.4993925134214 131.38563027757326 288.59730400000007 131.01021800000004 288.2836364865787 141.7902757224268 301.18572500000005 142.16568800000002 pollen 0
274.4462446582451 93.59593457004578 260.935094 93.20280000000002 260.7587023417548 99.2649844299543 274.26985299999996 99.65811900000004 pollen 0
255.75215699999998 122.84272 255.3423150639485 99.3628556432067 242.119465 99.593661 242.52930693605148 123.0735253567933 pollen 0
274.22830596222263 123.44428829665017 254.13487400000002 122.85962900000003 253.8286140377774 133.38509870334988 273.922046 133.96975800000004 pollen 0
247.83312200000006 156.93246000000002 247.32723677869186 127.95032843244529 225.46181299999998 128.331991 225.96769822130818 157.3141225675547 pollen 0
227.66436057771787 144.7946786540061 198.992997 143.96042700000004 198.4566314222821 162.394112345994 227.12799499999994 163.22836400000006 pollen 0
217.59238020729862 108.13022956292545 195.58181000000002 107.48978700000002 195.18637779270142 121.0799024370746 217.196948 121.72034500000001 pollen 0
235.10899458073735 92.66189659112923 223.579571 92.32642400000002 223.3407864192626 100.5329024088708 234.87021 100.86837500000001 pollen 0
419.6495356490856 78.47874747836946 406.20770300000004 78.08763000000006 405.9776593509145 85.99371552163066 419.419492 86.38483300000007 nectar 0
412.64896421905394 89.41818931811083 398.07110599999993 88.99401700000004 397.803062780946 98.20606568188924 412.38092099999994 98.63023800000005 nectar 0
447.55872200000005 162.743881 446.96138862081943 128.52266582893026 425.5164229999999 128.896989 426.11375637918053 163.11820417106972 nectar 0
448.4869691172372 161.1013389539086 428.33996500000006 160.51512100000002 427.939263882763 174.28632504609155 448.08626800000013 174.87254300000012 pollen 0
450.33154425821516 220.44328290658706 428.617772 219.81147700000008 428.30280274178483 230.63627409341314 450.016575 231.26808000000008 bee-larvae 0
449.8757107947107 238.931551765756 439.2928810000001 238.62362300000004 439.07071020528946 246.25914123424405 449.65354 246.56707000000006 bee-larvae 0
450.32883254667877 250.087341032222 428.1250749999999 249.441277 427.8208604533212 259.8964419677781 450.024618 260.54250600000006 bee-larvae 0
459.6089750594194 279.3111864572938 450.45152299999995 279.044732 450.24320694058065 286.2040955427063 459.4006589999999 286.47055000000006 bee-larvae 0
460.35658434412034 263.2952217855657 449.44264100000004 262.9776590000001 449.20153265587976 271.2640292144345 460.11547600000006 271.58159200000006 bee-larvae 0
461.1622060000001 248.72661100000002 460.9177387834409 234.72108061941617 448.70686599999993 234.934222 448.95133321655914 248.9397523805838 bee-larvae 0
499.62259000000006 256.372512 499.16925344456376 230.40085181849352 476.00568499999997 230.80517300000002 476.4590215554363 256.7768331815065 nectar 0
510.2496210410175 245.9373193424568 498.198151 245.58665700000003 497.9271009589825 254.9020326575433 509.97857100000004 255.25269500000005 nectar 0
420.28895351060436 122.34760310970347 407.89110100000005 121.98686200000004 407.61056648939575 131.62819589029667 420.00841900000006 131.98893700000008 nectar 0
329.37082509284176 85.4571575455962 315.430649 85.05154000000005 315.19214390715825 93.24843145440386 329.13232 93.65404900000003 pollen 0
340.25571011849036 81.9496855973631 326.844663 81.55946400000005 326.6358508815097 88.735871402637 340.04689800000006 89.12609300000005 nectar 0
318.65981191531546 67.14078052550667 300.0002160000001 66.59784200000004 299.68310808468465 77.49613947449342 318.342704 78.03907800000005 nectar 0
295.4080343940396 69.96964148534553 263.32383400000003 69.03608700000004 262.78244760596044 87.64233851465454 294.866648 88.57589300000004 nectar 0
318.34281930522206 84.02164180293731 293.407983 83.29611200000002 293.02587869477793 96.42818219706277 317.960715 97.15371200000006 nectar 0
291.36978982817226 94.07130095587985 271.209196 93.48468800000003 270.9159541718278 103.56276304412023 291.07654800000006 104.14937600000005 nectar 0
242.77986800000002 116.76842700000002 242.4251545164445 96.4469212473897 224.80428000000003 96.75449500000002 225.15899348355555 117.07600075261033 nectar 0
226.31486999999998 118.20197199999998 225.8827675080417 93.44682885993822 215.761396 93.62349800000001 216.1934984919583 118.37864114006177 nectar 0
264.8497164043723 87.02123598065313 242.02595000000002 86.35713200000001 241.65026159562768 99.26870101934693 264.474028 99.93280500000004 nectar 0
290.33276666691114 108.73072873001105 280.46893400000005 108.44372100000004 280.2951153330889 114.41749126998901 290.158948 114.70449900000003 nectar 0
274.63904201140355 108.87964668826586 255.22191000000004 108.31466600000005 254.79139198859653 123.11061431173422 274.208524 123.67559500000004 nectar 0
225.90704088207195 132.6846073534999 209.01920100000007 132.19322100000005 208.65746011792808 144.62543864650019 225.54530000000003 145.11682500000003 nectar 0
314.51311484518106 444.00882524905285 303.1831220000001 443.67915600000003 302.94198215481913 451.9665917509473 314.2719750000001 452.29626100000013 bee-larvae 0
351.21686358296597 397.58945847719554 331.9778060000001 397.0296590000001 331.6455414170342 408.4488505228047 350.8845990000001 409.00865000000016 bee-larvae 0
359.6330449906329 374.4313035043841 346.348297 374.044757 346.0674530093671 383.69674349561603 359.3522009999999 384.0832900000001 bee-larvae 0
378.987674028314 361.237722758426 365.27765 360.83880200000004 365.0389899716861 369.0410192415742 378.749014 369.4399400000001 bee-larvae 0
472.913686 592.7413750000001 471.9690074856704 538.6207797234716 433.790446 539.2871890000002 434.7351245143296 593.4077842765287 nectar 0
461.77966288672087 556.036961097673 444.93994 555.546975 444.72920611327925 562.789425902327 461.5689290000001 563.2794120000001 pollen 0
397.0928462062052 572.0821906651006 380.2530240000001 571.5922010000002 380.0302327937949 579.2490243348996 396.8700550000001 579.7390140000001 pollen 0
376.08368519169176 583.9200271855578 356.64403500000003 583.3543910000001 356.37537180830833 592.5877438144423 375.815022 593.1533800000001 pollen 0
436.87430220189873 573.6224506978615 397.1653080000001 572.467037 396.6034337981015 591.7774013021385 436.31242800000007 592.932815 nectar 0
484.32220299999994 540.651966 483.8967020767066 516.275019049515 470.055155 516.516624 470.4806559232934 540.893570950485 nectar 0
508.97073048479865 559.8109942382276 493.70347000000004 559.3667620000001 493.42355551520143 568.9867917617725 508.69081600000004 569.431024 nectar 0
517.7827473541329 572.0000011494354 495.38866000000013 571.3484000000001 494.95454664586737 586.2679138505648 517.3486340000001 586.9195150000002 nectar 0
473.69419900000014 549.229407 473.4300309492796 534.0951798147507 464.39897299999996 534.2528169999999 464.66314105072036 549.3870441852492 nectar 0
487.7415118022549 552.2890619212176 465.65089500000005 551.646291 465.3274021977452 562.7640240787825 487.41801899999996 563.4067950000001 nectar 0
403.09655195970913 581.0673366225278 375.414089 580.261859 374.89777704029086 598.0063453774723 402.58024 598.8118230000001 nectar 0
376.4567911441531 591.523291407174 355.123028 590.9025420000002 354.9075208558471 598.3090385928263 376.2412840000002 598.9297880000001 nectar 0
436.316995 361.9063440000001 432.6639854859878 152.62558534541444 347.247028 154.11654400000003 350.9000375140123 363.39730265458564 capped-brood-cells 0
363.17064800000014 260.28456 360.8930435098865 129.8006799792465 238.85785599999997 131.93081200000003 241.13546049011353 262.41469202075353 capped-brood-cells 0
358.46067700000003 444.735316 355.94525702613294 300.6269706579985 249.69084000000004 302.48164800000006 252.20625997386713 446.58999334200155 capped-brood-cells 0
275.8297870697195 259.8903751770726 234.19854600000002 258.67903 233.2714289302805 290.5419828229275 274.90267000000006 291.753328 capped-brood-cells 0
231.0804574121027 493.74934012661083 214.59098300000005 493.269546 214.2961915878974 503.40088187338904 230.78566600000002 503.88067599999994 pollen 0
243.9865513979692 539.412789257563 223.79708800000003 538.825336 223.30888860203092 555.6036647424369 243.49835200000007 556.1911179999998 pollen 0
225.96615827515618 528.1626996172886 211.42977500000003 527.739734 211.1316667248439 537.9850493827114 225.66805000000005 538.408015 pollen 0
513.749746 475.19684900000004 510.45156700125733 286.24431398763085 433.98253500000004 287.5790860000001 437.28071399874267 476.5316210123692 empty-cells 0
436.90692100000007 574.631955 433.24016660856944 364.563732479042 353.84071700000004 365.949655 357.5074713914307 576.0178775209579 empty-cells 0
480.870321 538.222043 479.7677032913655 475.05309589593037 433.3254599999999 475.863748 434.42807770863453 539.0326951040696 empty-cells 0
235.312725 491.269542 229.58557059732237 163.16103887637672 182.41432 163.984416 188.14147440267766 492.09291912362335 empty-cells 0
362.6919633134034 443.0801373971985 179.28322100000003 437.74348799999996 174.69077968659658 595.5754576028015 358.099522 600.912107 empty-cells 0
397.8971439536231 599.8621551033384 327.9265630000002 597.8262190000002 327.21926104637714 622.1346088966618 397.1898420000001 624.170545 pollen 0