103.3792 63.03920000000001 8.746667000000008 63.039199999999994 8.746667000000015 188.2856 103.37920000000003 188.2856 wax-sealed-honey-cells 0
273.9472 48.63920000000002 104.74720000000002 48.63920000000002 104.74720000000002 114.02640000000002 273.9472 114.02640000000002 wax-sealed-honey-cells 0
623.028267 61.35120000000006 369.7077330000001 61.35120000000004 369.7077330000001 143.09680000000006 623.028267 143.09680000000006 wax-sealed-honey-cells 0
618.594667 142.65920000000006 487.973867 142.65920000000006 487.973867 268.0480000000001 618.594667 268.0480000000001 wax-sealed-honey-cells 0
535.953067 194.43120000000005 494.506667 194.43120000000005 494.506667 281.7896000000001 535.953067 281.7896000000001 nectar 0
441.247467 115.99680000000005 396.3312000000001 115.99680000000005 396.3312000000001 168.21760000000006 441.247467 168.21760000000006 nectar 0
381.0111999999999 91.45280000000002 308.1152 91.45280000000002 308.1152 125.30560000000006 381.0111999999999 125.30560000000006 nectar 0
239.52960000000002 126.66880000000003 157.650133 126.66880000000003 157.65013300000004 288.832 239.52960000000004 288.832 nectar 0
330.538133 290.472 182.54986700000006 290.472 182.54986700000006 433.5536000000001 330.538133 433.5536000000001 nectar 0
79.62506700000003 163.4832 53.782933000000014 163.4832 53.78293300000002 207.5824 79.62506700000003 207.5824 pollen 0
96.40586700000003 161.3496 82.59573300000002 161.3496 82.59573300000002 175.988 96.40586700000003 175.988 pollen 0
228.368 125.60160000000003 125.28106700000002 125.60160000000003 125.28106700000002 152.0784 228.368 152.0784 pollen 0
144.75413300000002 205.6352 36.70933300000003 205.6352 36.70933300000004 447.536 144.75413300000005 447.536 capped-brood-cells 0
155.561067 158.472 89.35413300000005 158.472 89.35413300000005 212.28000000000003 155.561067 212.28000000000003 capped-brood-cells 0
369.4928 121.86560000000003 272.544533 121.86560000000003 272.544533 164.79040000000003 369.4928 164.79040000000003 capped-brood-cells 0
409.593067 163.48400000000004 337.638933 163.48400000000004 337.638933 229.26160000000004 409.593067 229.26160000000004 capped-brood-cells 0
499.421867 172.02080000000007 456.0896 172.02080000000007 456.0896 265.5536000000001 499.421867 265.55360000000013 capped-brood-cells 0
505.96373299999993 272.8640000000001 468.5408 272.8640000000001 468.5408 364.6080000000001 505.96373299999993 364.6080000000001 capped-brood-cells 0
492.027733 366.77200000000005 446.8416000000001 366.772 446.8416000000001 410.5816 492.027733 410.5816000000001 capped-brood-cells 0
461.0277330000001 414.792 416.6064 414.792 416.60640000000006 468.648 461.0277330000001 468.648 capped-brood-cells 0
544.357333 312.3480000000001 510.157867 312.3480000000001 510.157867 362.3336000000001 544.357333 362.3336000000001 capped-brood-cells 0
539.238933 367.8392000000001 529.010667 367.8392000000001 529.010667 413.9976000000001 539.238933 413.9976000000001 capped-brood-cells 0
530.706133 415.8592000000001 514.426667 415.8592000000001 514.426667 446.0192000000001 530.706133 446.0192000000001 capped-brood-cells 0
556.964267 342.81760000000014 544.906667 342.81760000000014 544.906667 367.9024000000001 556.964267 367.9024000000001 bee-larvae 0
508.9824 329.9976000000001 496.478933 329.9976000000001 496.478933 379.0712000000001 508.9824 379.0712000000001 bee-larvae 0
497.8976 406.34400000000016 482.994133 406.34400000000016 482.994133 416.2288000000001 497.8976 416.2288000000001 bee-larvae 0
549.282133 413.4656000000001 534.8416 413.4656000000001 534.8416 440.8480000000002 549.282133 440.8480000000002 bee-larvae 0
568.347733 312.05040000000014 550.6048 312.05040000000014 550.6048 345.78960000000006 568.347733 345.78960000000006 bee-larvae 0
601.1456 389.5376000000001 576.8128 389.5376000000001 576.8128 414.1776000000001 601.1456 414.1776000000001 bee-larvae 0
563.0256 271.9792000000001 509.864 271.9792000000001 509.864 311.67200000000014 563.0256 311.67200000000014 bee-larvae 0
547.557333 312.4176000000001 528.577067 312.4176000000001 528.577067 331.65920000000017 547.557333 331.65920000000017 bee-larvae 0
574.3456 372.4232000000001 540.107733 372.4232000000001 540.107733 414.05040000000014 574.3456 414.05040000000014 bee-larvae 0