618.4876040000001 31.777488000000076 576.8562514238472 31.53528385295177 576.1316839999998 156.07783300000006 617.7630365761528 156.32003714704837 nectar 0
573.000907 37.56196300000008 539.4023276321365 37.36649183274843 539.068067 94.82091100000007 572.6666463678636 95.0163821672517 nectar 0
152.08809096768806 87.62376440409258 151.24561299999996 51.42747799999999 57.79240903231191 53.6026255959074 58.63488699999999 89.798912 nectar 0
79.99899100000003 90.88784200000003 57.90993026698432 90.75933160354076 57.205082000000004 211.91245700000002 79.29414273301572 212.04096739645928 nectar 0
616.6162940000002 160.4844180000001 539.6597213239371 160.0366980016491 538.6299520000001 337.03910600000006 615.5865246760632 337.48682599835104 empty-cells 0
532.0914819286463 149.64308973133137 529.857155 53.64730199999998 157.32742907135375 62.31802826866863 159.56175600000003 158.313816 empty-cells 0
574.762771 99.25419400000007 526.9895251288607 98.97625742612232 526.647476 157.76951700000006 574.4207218711393 158.04745357387782 empty-cells 0
154.92311700000005 93.47617700000002 86.56988793830138 93.07850956357481 85.12535299999998 341.37298499999997 153.47858206169863 341.77065243642517 empty-cells 0
549.6572288444818 410.5572520999839 543.411028 142.19499799999997 142.4600831555182 151.52723490001614 148.70628399999998 419.88948899999997 empty-cells 0
190.35362723980052 272.5463589666404 189.335344 228.796788 142.1572937601995 229.8948700333595 143.175577 273.6444409999999 wax-sealed-honey-cells 0
150.12324900000004 276.24315800000005 120.77888346081753 276.0724373984984 120.45239000000004 332.19187100000005 149.79675553918256 332.36259160150166 wax-sealed-honey-cells 0