261.088948 607.1327399999999 245.82586794104603 82.5747112927632 54.422279999999965 88.14398699999998 69.68536005895396 612.7020157072367 wax-sealed-honey-cells 0
304.68354000000005 344.71602599999994 297.9480991152799 113.233932049845 247.26024300000003 114.70879800000003 253.9956838847202 346.19089195015505 wax-sealed-honey-cells 0
388.799166 594.556544 383.4863776560056 411.9678366717668 265.61184499999996 415.3976349999999 270.9246333439944 597.9863423282331 wax-sealed-honey-cells 0
403.5894690000001 410.02497800000003 402.8282855377262 344.60902449531545 260.902446 346.260481 261.66362946227395 411.6764345046846 nectar 0
323.445221 64.34956100000004 323.03193619489764 28.83194707598129 96.57197300000001 31.46704699999996 96.98525780510244 66.98466092401871 nectar 0
353.60331800000006 111.376809 353.0163567838792 60.933496548162466 249.839865 62.13406400000001 250.42682621612084 112.57737645183754 nectar 0
366.45216400000004 349.24439100000006 359.48918834777606 109.94243700895385 302.07195 111.61310800000001 309.034925652224 350.91506199104623 nectar 0
255.23986599999998 487.74330199999997 255.01400006223506 468.3324264957404 186.627182 469.128179 186.85304793776493 488.5390545042595 nectar 0
380.92929599999997 477.1987659999999 379.0954464924838 414.1734521985419 343.699024 415.20338299999986 345.5328735075162 478.2286968014579 nectar 0
412.766498 569.529015 410.09349681813234 477.6639316854014 374.9241589999999 478.68725499999994 377.5971601818676 570.5523383145986 nectar 0
380.20827 597.8298480000001 379.9060310664092 571.8555063969133 332.407847 572.408198 332.71008593359085 598.3825396030868 nectar 0
418.37808099999995 198.811868 414.30399478897243 58.7946023966348 350.555572 60.649491999999995 354.6296582110274 200.6667576033652 nectar 0
438.138681 56.079301 437.74332226552184 22.102266988425164 328.68465100000003 23.371280000000002 329.0800097344782 57.34831401157484 empty-cells 0
474.650351 589.018972 459.23421857094513 59.20087853654235 414.29064499999987 60.50860300000001 429.70677742905474 590.3266964634577 empty-cells 0
429.8448760000001 339.0150049999999 425.9092815955561 203.7574170079571 351.662191 205.91778699999998 355.597785404444 341.17537499204286 empty-cells 0
430.65919400000007 476.76788999999997 428.78093895008317 412.21644261417464 369.68935100000004 413.935832 371.56760604991695 478.48727938582545 empty-cells 0