581.5864576769666 199.96356898818357 580.048122 111.83236900000003 298.3478543230336 116.7494650118165 299.88619000000006 204.88066500000002 wax-sealed-honey-cells 0
578.4879729999999 328.091063 576.2787762817145 201.52626299508262 333.1833089999999 205.7695099999999 335.3925057182853 332.33431000491737 wax-sealed-honey-cells 0
299.88996000000003 291.74545699999993 296.62119899956264 104.47825697493971 216.24039900000008 105.88130899999999 219.50916000043745 293.1485090250602 wax-sealed-honey-cells 0
127.76752500000002 372.30388800000003 124.9816129915406 212.69908751536025 82.28721300000001 213.44432100000003 85.07312500845943 373.0491214846397 wax-sealed-honey-cells 0
110.62676300364551 205.848289208851 108.745442 98.06748900000001 47.75450799635449 99.13208979114901 49.635828999999994 206.91289000000006 nectar 0
199.940992 116.72903400000003 199.52430474110696 92.85703398706391 111.987237 94.38499899999997 112.403924258893 118.25699901293606 nectar 0
70.93951200509767 320.0067932920458 70.168976 275.86279299999995 49.73697599490231 276.2194347079541 50.50751199999999 320.363435 nectar 0
76.17614800265197 361.1367431519312 75.506348 322.763943 62.11861499734803 322.99762684806876 62.788415 361.37042700000006 nectar 0
65.36915800646446 397.84610337034854 64.560416 351.51330299999995 52.26068299353554 351.72799562965145 53.069424999999995 398.060796 nectar 0
220.772765 334.4262330000001 216.9477039948938 115.28863270746571 115.830904 117.05363300000003 119.6559650051062 336.19123329253443 wax-sealed-honey-cells 0
591.0381636981969 463.9918579878131 588.7193770000001 331.14865800000007 168.28204330180318 338.48741901218705 170.60083000000003 471.33061900000007 empty-cells 0
332.046339 332.299089 330.08628899436576 220.00788867721377 306.02975499999997 220.427797 307.9898050056342 332.71899732278627 empty-cells 0
309.8596340000001 336.5963499999999 309.26677629370863 302.63154999487324 229.756376 304.019409 230.34923370629144 337.98420900512673 empty-cells 0
588.0328730000001 110.02448600000002 587.5748800319788 83.78608599944184 297.46928 88.84989799999998 297.92727296802144 115.08829800055818 empty-cells 0
604.3522200001966 329.76264701126627 600.808423 126.73864700000001 581.7364229998033 127.07154998873385 585.2802199999999 330.09555 empty-cells 0
171.40197800000004 472.29933500000004 169.84049009188072 382.84173499839625 68.494356 384.610738 70.0558439081193 474.0683380016038 empty-cells 0