607.2336734235905 432.8913044907788 604.5872 341.937909 435.8980595764095 346.8462615092213 438.544533 437.799657 wax-sealed-honey-cells 0
597.3889647693475 335.5777566380731 596.053867 289.693404 536.1385022306525 291.436762361927 537.4736 337.321115 wax-sealed-honey-cells 0
443.1712875237701 437.9730326276538 441.6992 387.380666 348.8820454762299 390.0813693723462 350.35413300000005 440.673736 wax-sealed-honey-cells 0
441.88108116743774 410.6745738356446 439.99146699999994 345.732756 372.59785283256224 347.6937101643556 374.48746700000004 412.6355280000001 nectar 0
327.3712568026449 441.3432694831637 325.5215999999999 377.77468899999997 103.10127619735496 384.24645951683624 104.95093299999999 447.81503999999995 wax-sealed-honey-cells 0
104.55413300000004 248.853785 25.082133000000027 248.853785 25.08213300000004 445.01258399999995 104.55413300000005 445.01258399999995 wax-sealed-honey-cells 0
122.97973300000002 238.208055 65.24640000000002 238.208055 65.24640000000002 317.079924 122.97973300000002 317.079924 nectar 0
92.77706700000003 266.065263 71.42346700000003 266.065263 71.42346700000003 292.667389 92.77706700000003 292.667389 pollen 0
77.32533300000006 363.46846299999993 51.487467000000045 363.46846299999993 51.487467000000045 405.980268 77.32533300000006 405.980268 nectar 0
100.15253300000006 365.755459 65.80800000000006 365.755459 65.80800000000006 436.1163829999999 100.15253300000006 436.1163829999999 nectar 0
65.73600000000003 209.523278 57.66453300000003 209.523278 57.66453300000003 222.479733 65.73600000000003 222.479733 pollen 0
178.89013300000002 148.190029 108.30986700000003 148.190029 108.30986700000004 353.850105 178.89013300000005 353.850105 nectar 0
222.4477259000418 381.3978319491687 221.37599999999998 344.5650159999999 151.3400070999582 346.6028560508313 152.411733 383.43567200000007 nectar 0
573.576533 90.42982700000007 440.663467 90.42982700000007 440.663467 345.732403 573.576533 345.73240300000003 empty-cells 0
385.261333 82.20924000000005 182.422933 82.20924000000004 182.42293300000003 336.12723500000004 385.261333 336.12723500000004 empty-cells 0
172.2069295532403 141.26209055777335 169.5552 50.128047999999986 32.85760344675971 54.105541442226595 35.509333 145.23958399999998 empty-cells 0