83.68640000000002 110.5376 59.12960000000002 110.5376 59.129600000000025 177.8336 83.68640000000002 177.8336 wax-sealed-honey-cells 0
542.2784 97.35600000000005 431.3536 97.35600000000005 431.3536 164.27280000000002 542.2784 164.27280000000002 wax-sealed-honey-cells 0
571.386667 147.25760000000005 547.4784 147.25760000000005 547.4784 201.19040000000007 571.386667 201.19040000000007 wax-sealed-honey-cells 0
425.90933300000006 106.39920000000004 330.481067 106.39920000000002 330.481067 133.67760000000007 425.90933300000006 133.67760000000007 nectar 0
446.5888 148.10480000000007 426.1792 148.10480000000007 426.1792 179.85680000000005 446.5888 179.85680000000005 nectar 0
151.742933 117.62960000000001 82.69546700000004 117.6296 82.69546700000004 172.0408 151.742933 172.0408 nectar 0
275.277333 116.90160000000003 153.1472 116.90160000000003 153.1472 151.62960000000004 275.277333 151.62960000000007 nectar 0
83.61653300000003 175.62 38.056000000000026 175.62 38.056000000000026 206.6168 83.61653300000003 206.6168 pollen 0
93.52906700000004 342.9936 55.84480000000005 342.9936 55.84480000000005 454.39520000000005 93.52906700000005 454.39520000000005 pollen 0
134.04266700000005 365.2288 102.20266700000008 365.2288 102.20266700000008 445.6608 134.04266700000005 445.6608 pollen 0
556.654933 184.62640000000005 517.333333 184.62640000000005 517.333333 225.40240000000006 556.654933 225.40240000000006 pollen 0
588.154667 220.79760000000005 549.938133 220.79760000000005 549.938133 252.71600000000007 588.154667 252.71600000000007 pollen 0
575.664 357.3304000000001 534.654933 357.3304000000001 534.654933 396.62160000000017 575.664 396.62160000000017 pollen 0
495.28533300000004 427.6360000000001 472.50133300000005 427.6360000000001 472.50133300000005 466.7416000000002 495.28533300000004 466.7416000000002 pollen 0
508.5904 399.1064000000001 476.576533 399.1064000000001 476.576533 432.4968000000001 508.5904 432.4968000000001 pollen 0
495.2848 368.02960000000013 476.237333 368.02960000000013 476.237333 381.53840000000014 495.2848 381.53840000000014 pollen 0
441.770133 350.0816 395.130133 350.0816 395.130133 399.6976 441.770133 399.6976 pollen 0
465.86186699999996 406.43840000000006 395.130133 406.4384 395.130133 458.6368 465.86186699999996 458.6368000000001 pollen 0
281.1536 408.4016 273.9376 408.4016 273.9376 419.94399999999996 281.1536 419.94399999999996 bee-larvae 0
216.23573300000007 425.76880000000006 184.15680000000006 425.76880000000006 184.15680000000006 445.2328 216.23573300000007 445.2328 pollen 0
223.82346700000005 392.7416 188.33226700000006 392.7416 188.33226700000006 421.9943999999999 223.82346700000005 421.9943999999999 pollen 0
99.90826700000002 311.7888 85.16480000000003 311.7888 85.16480000000003 337.2224 99.90826700000002 337.2224 nectar 0
75.97226700000003 267.9776 66.92053300000003 267.9776 66.92053300000003 285.6448 75.97226700000003 285.6448 pollen 0
290.747733 189.87280000000004 70.62826700000002 189.8728 70.62826700000002 297.3656 290.747733 297.3656 capped-brood-cells 0
284.490667 294.0544 55.95520000000004 294.0544 55.95520000000005 450.0096 284.490667 450.0096 capped-brood-cells 0
531.288533 153.49440000000007 319.354667 153.49440000000007 319.354667 341.8464000000001 531.288533 341.84640000000013 empty-cells 0
351.37440000000004 349.4208 297.7136 349.4208 297.71360000000004 469.86879999999996 351.37440000000015 469.86879999999996 capped-brood-cells 0
393.39520000000005 345.9424 347.178667 345.9424 347.1786670000001 468.9408 393.39520000000005 468.9408 empty-cells 0
586.328533 95.52800000000008 539.6256 95.52800000000006 539.6256 148.88480000000007 586.328533 148.88480000000007 nectar 0