73.74666700000003 191.2552 44.54026700000003 191.2552 44.54026700000003 269.5096 73.74666700000003 269.5096 bee-larvae 0
85.18880000000003 217.7208 76.88693300000003 217.7208 76.88693300000003 230.4488 85.18880000000003 230.4488 bee-larvae 0
99.76480000000002 240.95120000000003 89.82453300000003 240.95120000000003 89.82453300000003 270.2168 99.76480000000002 270.2168 bee-larvae 0
99.76533300000003 271.1216 88.02346700000002 271.1216 88.02346700000002 288.5712 99.76533300000003 288.5712 bee-larvae 0
76.56800000000003 268.5936 52.57760000000003 268.5936 52.57760000000003 298.5072 76.56800000000003 298.5072 bee-larvae 0
52.11680000000004 297.9976 38.658667000000044 297.9976 38.658667000000044 344.6264 52.11680000000004 344.6264 bee-larvae 0
74.68693300000002 309.7616 58.066133000000036 309.7616 58.066133000000036 329.8032 74.68693300000002 329.8032 bee-larvae 0
104.46826700000003 298.292 84.33600000000001 298.292 84.33600000000001 327.9192 104.46826700000003 327.9192 bee-larvae 0
68.88800000000006 352.9864 52.38133300000004 352.9864 52.38133300000004 395.13840000000005 68.88800000000006 395.13840000000005 bee-larvae 0
109.97920000000006 364.1616 95.11733300000006 364.1616 95.11733300000006 373.4896 109.97920000000006 373.4896 bee-larvae 0
159.56426700000006 367.3968 139.81493300000005 367.3968 139.81493300000005 393.256 159.56426700000006 393.256 bee-larvae 0
129.626667 175.0816 120.60266700000003 175.0816 120.60266700000003 188.512 129.626667 188.512 bee-larvae 0
136.8368 196.548 129.817067 196.548 129.817067 209.4552 136.8368 209.4552 bee-larvae 0
212.5824 174.49440000000004 205.879467 174.49440000000004 205.879467 187.8064 212.5824 187.8064 bee-larvae 0
241.89280000000002 342.1071999999999 235.87360000000007 342.1071999999999 235.87360000000007 351.37119999999993 241.89280000000002 351.37119999999993 bee-larvae 0
187.19946700000006 483.25519999999995 137.65813300000005 483.25519999999995 137.65813300000005 493.29200000000003 187.19946700000006 493.29200000000003 bee-larvae 0
158.35946700000005 464.7288 144.12800000000004 464.7288 144.12800000000004 475.172 158.35946700000005 475.172 bee-larvae 0
140.02080000000007 472.3744 132.36533300000005 472.3744 132.36533300000005 483.87839999999994 140.02080000000007 483.87839999999994 bee-larvae 0
91.40746700000005 445.616 83.35520000000005 445.616 83.35520000000005 456.8192 91.40746700000005 456.8192 bee-larvae 0
113.35146700000007 463.84799999999996 100.99946700000005 463.84799999999996 100.99946700000005 475.1728 113.35146700000007 475.1728 bee-larvae 0
207.38240000000005 472.3744 190.58880000000005 472.3744 190.58880000000005 483.4688 207.38240000000005 483.4688 bee-larvae 0
280.729067 418.5616 262.534933 418.5616 262.534933 447.17280000000005 280.729067 447.17280000000005 bee-larvae 0
307.8448 369.74879999999996 282.1392 369.74879999999996 282.1392 395.95039999999995 307.8448 395.95039999999995 bee-larvae 0
316.308267 350.34080000000006 292.920533 350.34080000000006 292.920533 371.7136 316.308267 371.7136 bee-larvae 0
329.00480000000005 301.5272 313.1136 301.5272 313.1136 334.2584 329.00480000000005 334.2584 bee-larvae 0
338.789333 228.60160000000005 320.954667 228.60160000000005 320.954667 258.4896 338.789333 258.4896 bee-larvae 0
481.731733 154.20480000000006 447.5952 154.20480000000006 447.5952 182.27520000000004 481.731733 182.27520000000004 nectar 0
524.152533 159.49680000000006 483.66613299999995 159.49680000000006 483.66613299999995 192.62800000000004 524.152533 192.62800000000004 nectar 0
545.168533 195.97760000000005 470.735467 195.97760000000005 470.735467 245.27360000000004 545.168533 245.27360000000004 nectar 0
583.6096 270.58960000000013 553.2544 270.58960000000013 553.2544 349.8040000000001 583.6096 349.8040000000001 nectar 0
307.36266700000004 444.8296 286.719467 444.8296 286.71946700000007 472.75120000000004 307.3626670000001 472.75120000000004 pollen 0
336.979733 418.9528 326.397333 418.9528 326.397333 441.6904 336.979733 441.6904 pollen 0
396.0384 376.2552 374.126933 376.2552 374.126933 398.2056 396.0384 398.2056 pollen 0
449.37173299999995 338.3008 433.3568 338.3008 433.3568 352.304 449.37173299999995 352.304 pollen 0
470.456 202.87680000000006 447.7328 202.87680000000006 447.7328 237.39200000000005 470.456 237.39200000000005 pollen 0
101.69920000000003 164.9536 79.20960000000002 164.9536 79.20960000000002 186.7456 101.69920000000003 186.7456 bee-larvae 0
76.80800000000004 178.8696 64.98400000000002 178.8696 64.98400000000002 188.97359999999998 76.80800000000004 188.97359999999998 bee-larvae 0
127.61760000000002 215.0528 114.46453300000003 215.0528 114.46453300000003 252.57280000000003 127.61760000000002 252.57280000000003 bee-larvae 0
108.16693300000003 188.14799999999997 73.43733300000002 188.14799999999997 73.43733300000002 220.6488 108.16693300000003 220.6488 capped-brood-cells 0
94.32053300000004 220 63.33493300000002 220 63.33493300000002 267.6672 94.32053300000004 267.6672 capped-brood-cells 0
84.95840000000003 269.8408 60.72266700000003 269.8408 60.72266700000004 297.5896 84.95840000000003 297.5896 capped-brood-cells 0
164.02346700000007 254.676 101.16266700000003 254.676 101.16266700000004 356.748 164.02346700000007 356.748 capped-brood-cells 0
192.82026700000006 331.4496 162.13866700000005 331.4496 162.13866700000005 383.44960000000003 192.82026700000006 383.44960000000003 capped-brood-cells 0
229.70026700000005 412.0136 61.354667000000056 412.0136 61.354667000000056 467.6376 229.70026700000005 467.6376 capped-brood-cells 0
279.826667 335.2408 204.78986700000004 335.2408 204.78986700000004 417.2008 279.826667 417.2008 capped-brood-cells 0
314.433067 180.74720000000002 175.72373300000004 180.7472 175.72373300000004 333.7872 314.433067 333.7872 capped-brood-cells 0
311.1616 158.94720000000007 270.1888 158.94720000000007 270.1888 185.51040000000006 311.1616 185.51040000000006 capped-brood-cells 0
266.703467 174.58640000000005 236.383467 174.58640000000005 236.383467 205.98960000000005 266.703467 205.98960000000005 empty-cells 0
277.818667 208.23360000000005 254.39253299999996 208.23360000000005 254.39253300000001 287.9008 277.818667 287.9008 empty-cells 0
202.79466700000006 282.1632 174.14400000000006 282.1632 174.14400000000006 325.0656 202.79466700000006 325.0656 empty-cells 0
264.1776 285.4808 246.49333300000006 285.4808 246.49333300000006 326.9608 264.1776 326.9608 empty-cells 0
249.74240000000006 320.13120000000004 242.19360000000006 320.13120000000004 242.19360000000006 335.57439999999997 249.74240000000006 335.57439999999997 bee-larvae 0
59.923733000000055 390.67279999999994 23.589867000000055 390.67279999999994 23.58986700000006 543.6728 59.92373300000007 543.6728 empty-cells 0
41.13333300000002 157.6016 18.80266700000002 157.6016 18.80266700000003 339.42560000000003 41.13333300000004 339.42560000000003 empty-cells 0
429.657067 149.11360000000005 341.31680000000006 149.11360000000005 341.31680000000006 348.8288 429.657067 348.8288 empty-cells 0
580.3776 358.03040000000004 401.380267 358.0304 401.38026700000006 509.21440000000007 580.3776 509.2144000000001 empty-cells 0
547.317333 254.22400000000005 453.608533 254.22400000000005 453.608533 354.5760000000001 547.317333 354.57600000000014 empty-cells 0
608.912533 149.11360000000005 543.2688 149.11360000000005 543.2688 261.5840000000001 608.912533 261.5840000000001 empty-cells 0
402.78933300000006 367.1696 300.839467 367.1696 300.83946700000007 529.7936 402.7893330000001 529.7936 empty-cells 0
293.52160000000003 454.6536 201.60373300000006 454.6536 201.60373300000006 533.9736 293.5216000000001 533.9736 empty-cells 0
202.9786670000001 486.6432 94.09866700000006 486.6432 94.09866700000006 545.4656 202.9786670000001 545.4656 empty-cells 0