161.034667 71.34560000000002 82.8288 71.3456 82.82880000000003 154.6576 161.034667 154.6576 wax-sealed-honey-cells 0
581.642667 76.24400000000007 490.986667 76.24400000000006 490.986667 166.41520000000008 581.642667 166.41520000000008 wax-sealed-honey-cells 0
587.2336 184.27760000000006 539.8768 184.27760000000006 539.8768 427.0344000000001 587.2336 427.0344000000001 nectar 0
142.314133 141.0176 119.32213300000002 141.0176 119.32213300000002 152.6784 142.314133 152.6784 nectar 0
175.6384 134.856 161.650133 134.856 161.650133 183.688 175.6384 183.688 bee-larvae 0
175.993067 187.6352 160.0496 187.6352 160.0496 202.0832 175.993067 202.0832 bee-larvae 0
172.78986700000004 307.384 156.66293300000007 307.384 156.66293300000007 319.1856 172.78986700000004 319.1856 bee-larvae 0
205.79253300000005 290.6032 190.61066700000003 290.6032 190.61066700000003 311.7776 205.79253300000005 311.7776 bee-larvae 0
181.42613300000005 253.8584 170.93653300000005 253.8584 170.93653300000005 265.3544 181.42613300000005 265.3544 bee-larvae 0
187.44053300000004 272.9544 179.80853300000007 272.9544 179.80853300000007 285.2664 187.44053300000004 285.2664 bee-larvae 0
145.01653300000004 214.42000000000002 127.98400000000002 214.42000000000002 127.98400000000002 235.97039999999998 145.01653300000007 235.97039999999998 pollen 0
140.83040000000005 240.11519999999996 111.42133300000003 240.11519999999996 111.42133300000003 253.1744 140.83040000000005 253.1744 pollen 0
127.64906700000003 251.0392 115.60426700000002 251.0392 115.60426700000002 270.6824 127.64906700000003 270.6824 pollen 0
136.10240000000005 303.6856 127.30026700000003 303.6856 127.30026700000003 315.9208 136.10240000000005 315.9208 capped-brood-cells 0
173.05280000000005 337.5136 162.06186700000006 337.5136 162.06186700000006 354.9248 173.05280000000005 354.9248 capped-brood-cells 0
215.79946700000005 330.088 209.14560000000006 330.088 209.14560000000006 338.1552 215.79946700000005 338.1552 capped-brood-cells 0
201.11093300000005 346.424 194.40480000000005 346.424 194.40480000000005 357.5664 201.11093300000005 357.5664 capped-brood-cells 0
212.19253300000005 356.8184 206.39520000000005 356.8184 206.39520000000005 364.6952 212.19253300000005 364.6952 capped-brood-cells 0
234.35786700000006 303.0256 227.40640000000008 303.0256 227.40640000000008 310.5584 234.35786700000006 310.5584 capped-brood-cells 0
233.82933300000005 319.5264 227.95626700000008 319.5264 227.95626700000008 331.8176 233.82933300000005 331.8176 capped-brood-cells 0
217.93493300000006 274.808 208.70613300000005 274.808 208.70613300000005 285.3168 217.93493300000006 285.3168 capped-brood-cells 0
216.79093300000005 292.6304 210.35573300000004 292.6304 210.35573300000004 301.9552 216.79093300000005 301.9552 capped-brood-cells 0
275.826667 268.704 256.2288 268.704 256.2288 286.9024 275.826667 286.9024 capped-brood-cells 0
272.4544 305.5008 264.0384 305.5008 264.0384 314.4992 272.4544 314.4992 capped-brood-cells 0
312.562133 266.724 280.210133 266.724 280.210133 288.3544 312.562133 288.3544 capped-brood-cells 0
289.077867 285.3696 278.559467 285.3696 278.559467 297.4656 289.077867 297.4656 capped-brood-cells 0
313.8816 203.19360000000006 305.732267 203.19360000000006 305.732267 214.95040000000006 313.8816 214.95040000000006 capped-brood-cells 0
310.363733 231.90560000000005 300.891733 231.90560000000005 300.891733 241.2272000000001 310.363733 241.2272000000001 capped-brood-cells 0
295.938667 212.10480000000007 287.690133 212.10480000000007 287.690133 223.53360000000006 295.938667 223.53360000000006 capped-brood-cells 0
276.336533 237.84640000000002 268.879467 237.84640000000002 268.879467 251.39520000000005 276.336533 251.39520000000005 capped-brood-cells 0
257.865067 248.90160000000006 250.72800000000007 248.90160000000006 250.72800000000007 260.2408 257.865067 260.2408 capped-brood-cells 0
239.70560000000006 239.33200000000002 230.92693300000005 239.332 230.92693300000005 249.67920000000004 239.70560000000006 249.67920000000007 capped-brood-cells 0
221.1472 174.3176 211.896 174.3176 211.896 183.97359999999998 221.1472 183.97359999999998 capped-brood-cells 0
247.5328 191.64400000000003 228.616533 191.644 228.616533 214.34320000000002 247.5328 214.34320000000008 capped-brood-cells 0
198.189867 200.1832 177.8464 200.1832 177.8464 216.55920000000003 198.189867 216.55920000000003 capped-brood-cells 0
187.917867 104.91760000000002 179.269333 104.91760000000002 179.269333 116.65040000000003 187.917867 116.65040000000003 capped-brood-cells 0
241.501333 65.95520000000003 226.0528 65.95520000000003 226.0528 88.57280000000003 241.501333 88.57280000000003 pollen 0
367.091733 89.42000000000006 359.084267 89.42000000000006 359.084267 102.70160000000006 367.091733 102.70160000000006 bee-larvae 0
427.0864 79.92720000000006 402.3664 79.92720000000006 402.3664 104.99440000000006 427.0864 104.99440000000006 nectar 0
519.909333 165.87920000000003 485.904 165.87920000000003 485.904 199.24720000000005 519.909333 199.24720000000005 bee-larvae 0
501.082133 224.80240000000006 492.07413299999996 224.80240000000006 492.07413299999996 237.5336000000001 501.082133 237.5336000000001 bee-larvae 0
477.4848 261.35840000000013 468.93653299999994 261.35840000000013 468.93653299999994 272.9456000000001 477.4848 272.9456000000001 bee-larvae 0
529.3152 261.05040000000014 522.3072 261.05040000000014 522.3072 272.29680000000013 529.3152 272.29680000000013 bee-larvae 0
514.269333 297.6080000000001 505.95680000000004 297.6080000000001 505.95680000000004 307.3520000000001 514.269333 307.3520000000001 bee-larvae 0
541.3968 243.65920000000006 513.884267 243.65920000000006 513.884267 271.2720000000001 541.3968 271.2720000000001 pollen 0
573.591467 233.24880000000005 554.824533 233.24880000000005 554.824533 269.6792000000001 573.591467 269.6792000000001 pollen 0
555.2544 288.1216000000001 538.334933 288.1216000000001 538.334933 316.7744000000001 555.2544 316.7744000000001 pollen 0
541.0096 226.99360000000007 520.8976 226.99360000000007 520.8976 243.28800000000007 541.0096 243.28800000000007 nectar 0
497.434667 373.1736000000001 456.242133 373.1736 456.242133 401.95920000000007 497.434667 401.9592000000001 pollen 0
453.138667 388.9568 389.372267 388.9568 389.372267 409.9776 453.138667 409.9776 pollen 0
356.136533 378.416 316.987733 378.416 316.987733 403.68319999999994 356.136533 403.68319999999994 pollen 0
539.0784 367.0232000000001 512.3712 367.0232000000001 512.3712 414.82000000000016 539.0784 414.82000000000016 pollen 0
355.186133 101.26480000000004 212.606933 101.26480000000002 212.606933 201.15120000000002 355.186133 201.15120000000005 capped-brood-cells 0
486.0992 105.04320000000006 367.946667 105.04320000000006 367.946667 268.67840000000007 486.0992 268.6784000000001 capped-brood-cells 0
500.19733299999996 271.30000000000007 358.7104 271.3 358.7104 353.34000000000003 500.19733299999996 353.3400000000001 capped-brood-cells 0
351.8288 200.7672 195.81279999999998 200.7672 195.81280000000004 365.4344 351.8288 365.4344 capped-brood-cells 0