494.05653299999994 182.12720000000004 396.401067 182.12720000000004 396.401067 341.98160000000007 494.05653299999994 341.9816000000002 capped-brood-cells 0
470.404267 339.1616 361.435733 339.1616 361.435733 440.68800000000005 470.404267 440.6880000000001 capped-brood-cells 0
506.2336 368.4336000000001 497.988267 368.4336000000001 497.988267 385.2688000000001 506.2336 385.2688000000001 pollen 0
532.8624 374.15920000000017 515.8032 374.15920000000017 515.8032 387.8152000000001 532.8624 387.8152000000001 pollen 0
546.430933 341.3936000000001 532.344533 341.3936000000001 532.344533 361.5952000000001 546.430933 361.5952000000001 pollen 0
556.2784 304.17520000000013 546.977067 304.17520000000013 546.977067 317.3032000000001 556.2784 317.3032000000001 pollen 0
552.208 260.2760000000001 541.2512 260.2760000000001 541.2512 279.3752000000001 552.208 279.3752000000001 pollen 0
530.158933 163.89040000000006 501.3824 163.89040000000006 501.3824 191.70320000000007 530.158933 191.70320000000007 pollen 0
559.669333 243.09840000000005 550.794667 243.09840000000005 550.794667 254.59760000000006 559.669333 254.59760000000006 pollen 0
389.8912 141.30400000000006 336.8138670000001 141.30400000000006 336.8138670000001 167.54080000000005 389.8912 167.54080000000005 nectar 0
434.2624 126.03440000000006 410.6144 126.03440000000006 410.6144 163.21360000000004 434.2624 163.21360000000004 nectar 0
468.523733 150.84800000000007 439.45706700000005 150.84800000000007 439.45706700000005 173.65120000000005 468.523733 173.65120000000005 nectar 0
483.032 143.21200000000005 464.6928 143.21200000000005 464.6928 164.23120000000006 483.032 164.23120000000006 nectar 0
516.5424 199.20000000000005 496.291733 199.20000000000005 496.291733 315.1040000000001 516.5424 315.1040000000001 capped-brood-cells 0
538.592 221.46640000000005 516.226133 221.46640000000005 516.226133 320.7032000000001 538.592 320.7032000000001 capped-brood-cells 0
300.88 77.60000000000001 38.827733000000016 77.6 38.827733000000016 135.75360000000003 300.88 135.75360000000006 wax-sealed-honey-cells 0
129.906667 139.8816 36.58293300000001 139.8816 36.58293300000002 205.1232 129.906667 205.1232 wax-sealed-honey-cells 0
73.36426700000003 209.7368 39.38880000000003 209.7368 39.38880000000004 327.6968 73.36426700000003 327.6968 wax-sealed-honey-cells 0
403.6 96.95680000000004 318.814933 96.95680000000003 318.814933 140.46720000000005 403.6 140.46720000000005 wax-sealed-honey-cells 0
592.6736 85.17360000000008 431.5952 85.17360000000005 431.5952 151.07280000000006 592.6736 151.07280000000006 wax-sealed-honey-cells 0
596.263467 148.80080000000007 511.1584 148.80080000000007 511.1584 207.64720000000005 596.263467 207.64720000000005 wax-sealed-honey-cells 0
588.634133 208.05520000000007 544.374933 208.05520000000007 544.374933 330.89520000000005 588.634133 330.89520000000005 wax-sealed-honey-cells 0
373.874667 145.41280000000003 135.085333 145.4128 135.08533300000002 464.04 373.874667 464.04 empty-cells 0
135.77546700000002 208.2096 69.03093300000003 208.2096 69.03093300000005 461.80639999999994 135.77546700000005 461.80639999999994 empty-cells 0
571.110933 396.6048000000001 477.45013299999994 396.6048000000001 477.45013300000005 472.41920000000005 571.110933 472.41920000000005 empty-cells 0