241.8651130000001 298.0184 144.21295224889542 297.45027616098463 143.27964099999997 457.87280000000004 240.93180175110464 458.4409238390154 capped-brood-cells 0
277.404704 199.31200000000004 167.84550600000003 199.312 167.84550600000006 300.8384 277.404704 300.8384 capped-brood-cells 0
140.52975000000004 254.7312 132.28469606965368 254.68323184030166 132.18647299999998 271.5664 140.43152693034634 271.61436815969836 pollen 0
122.72963200000004 252.1848 105.59098300000002 252.1848 105.59098300000002 265.8408 122.72963200000004 265.8408 pollen 0
106.03575500000002 278.4048 91.94983176444913 278.32285082409555 91.83182600000004 298.6064 105.91774923555093 298.6883491759045 pollen 0
91.14553800000004 322.6968 81.84451981727028 322.64268788347476 81.76782800000001 335.8248 91.06884618272979 335.87891211652516 pollen 0
96.65074600000005 360.6248 85.69431684453222 360.56105729967544 85.58283000000003 379.724 96.53925915546786 379.7877427003246 pollen 0
136.00948600000007 448.2968 107.07114200000005 448.2968 107.07114200000005 476.1096 136.00948600000007 476.1096 pollen 0
86.96312700000004 385.40239999999994 78.08876136843975 385.3507707509434 78.02156100000003 396.9016 86.89592663156033 396.95322924905656 pollen 0
300.43744600000014 472.4592 247.20747200000005 472.4592 247.20747200000005 498.696 300.43744600000014 498.696 nectar 0
226.61173800000006 476.7864 202.96453838825346 476.64882478131807 202.747436 513.9656 226.39463561174662 514.1031752186819 nectar 0
197.82979500000005 466.3488 168.63046400000005 466.3488 168.63046400000005 489.152 197.82979500000005 489.152 nectar 0
172.53925800000007 475.76880000000006 154.20067870722573 475.6621093786921 154.07777200000007 496.7880000000001 172.4163512927744 496.89469062130803 nectar 0
141.81807700000007 324.896 121.56809540251992 324.7781891837986 120.89310100000004 440.80000000000007 141.1430825974802 440.9178108162015 capped-brood-cells 0
121.91625300000004 319.29679999999996 99.55114299558178 319.1666835542331 98.97304300000003 418.53360000000004 121.33815300441827 418.6637164457669 capped-brood-cells 0
598.238647 504.24640000000005 335.84805300000016 504.2464 335.84805300000016 562.4 598.238647 562.4 wax-sealed-honey-cells 0
600.887028 434.8768000000001 507.1837290000001 434.8768000000001 507.18372900000014 500.1184000000001 600.887028 500.1184000000001 wax-sealed-honey-cells 0
598.794273 312.30320000000006 564.8199559329067 312.10554326425955 564.132535 430.2632000000001 598.1068520670932 430.4608567357406 wax-sealed-honey-cells 0
318.2788700000001 499.5328 233.24066700000006 499.5328 233.24066700000006 543.0432 318.2788700000001 543.0432 wax-sealed-honey-cells 0
205.56030500000006 488.9272 44.098514000000065 488.9272 44.09851400000007 554.8264 205.56030500000006 554.8264 wax-sealed-honey-cells 0
126.32624500000006 432.3528 40.87882000000006 432.3528 40.87882000000006 491.1992 126.32624500000006 491.1992 wax-sealed-honey-cells 0
93.82674800000007 309.1048 49.56904599590297 308.84731629900966 48.85288600000003 431.94480000000004 93.11058800409711 432.2022837009904 wax-sealed-honey-cells 0
503.8909620000002 175.9600000000001 265.109710064895 174.5708111813559 263.247909 494.58720000000005 502.02916093510515 495.9763888186443 empty-cells 0
569.9323670000001 178.19360000000012 503.19009203530186 177.80530480911347 501.7124500000001 431.7904 568.4547249646984 432.17869519088663 empty-cells 0
161.57491 167.5808 67.47303500000002 167.5808 67.47303500000002 243.3952 161.57491 243.3952 empty-cells 0