346.49552600000004 331.40481800000003 345.0825160220746 209.9710201420056 196.713046 211.697455 198.1260559779253 333.13125285799447 capped-brood-cells 0
353.705755 384.822184 352.34755859588466 326.46856199376055 304.2388179999999 327.588306 305.59701440411527 385.9419280062394 bee-larvae 0
254.3649336667362 506.94417124831216 252.8717641412568 442.7915604846783 211.6329327341527 443.75140554149675 213.12610225963212 507.90401630513065 chalk-brood 0
232.171037 553.581854 230.95938637777215 501.52440506392617 190.585188 502.4641250000001 191.79683862222788 554.521573936074 bee-larvae 0
121.6576899956636 445.86231735554736 120.20620290222683 383.50042802059943 73.96872442045611 384.57661580074966 75.42021151389288 446.9385051356976 chalk-brood 0
93.07630005338802 507.160631937898 91.62244067159207 444.6969558417927 51.63327114704457 445.6277148511414 53.087130528840504 508.09139094724674 chalk-brood 0
163.14697375318934 480.34885377283877 128.8102037227367 436.884233844341 87.64314739960591 469.4059434123393 121.97991743005858 512.8705633408371 chalk-brood 0
203.95918536855064 506.1394768078204 203.2315781622029 443.6091692546155 156.88583996803146 444.148451634842 157.6134471743792 506.6787591880468 chalk-brood 0
181.76057046668691 434.9090736200116 164.37062412450433 378.66747695226763 120.7164720567751 392.16537543043586 138.1064183989577 448.40697209817984 chalk-brood 0
285.02790689264594 383.6144362635906 240.6418517217361 380.9033484051398 236.80945081556706 443.6475923911923 281.195505986477 446.3586802496431 chalk-brood 0
405.3944922860608 230.3587035595066 394.94758163952656 207.40010383188866 359.09786413121174 223.71289293732946 369.54477477774606 246.67149266494738 bee-larvae 0
417.3711996258598 257.6496223695278 403.6152613672058 223.67866406552776 359.91694776888005 241.37352267053478 373.672886027534 275.3444809745348 chalk-brood 0
460.9829936818118 267.80545406644546 460.29367913987016 208.56621620608541 415.236237057817 209.09050975157407 415.9255515997587 268.32974761193407 bee-larvae 0
174.77303329249105 290.8300601600738 134.32122666742924 278.0871922140127 125.8963422237733 304.83170512867446 166.34814884883514 317.57457307473555 chalk-brood 0
251.53177562026366 385.22019757164014 250.11553741199714 324.37274984216185 205.12772150880707 325.41985150650487 206.54395971707356 386.2672992359831 chalk-brood 0
273.7238559383962 210.56988520619507 272.4204683290958 154.57112628556263 228.68231353022685 155.58914472235165 229.98570113952724 211.5879036429841 chalk-brood 0
533.4940833509098 197.67264321930048 532.3069383290441 146.66798319653418 496.0667532947511 147.5114817167821 497.25389831661676 198.5161417395484 chalk-brood 0
521.6941591785477 112.11419877302282 479.1489996479327 85.02419852064875 448.6727947925442 132.88743164655386 491.21795432315923 159.97743189892793 chalk-brood 0
482.1393448074389 86.32962975671578 480.83663416621283 30.35995231979959 435.84881835369754 31.40705691407809 437.1515289949236 87.37673435099427 chalk-brood 0
639.7155960215913 87.77303263109053 638.4528730716556 33.52137335573051 597.2140420052581 34.48121899200423 598.4767649551937 88.73287826736427 chalk-brood 0
387.3474030121183 68.20281056673144 351.97330057150316 27.247680330627276 315.78354595979715 58.50579328387738 351.1576484004122 99.46092351998155 chalk-brood 0
415.7991591757747 378.3604257341469 404.9182141144965 324.1047342503201 366.82126674222854 331.74505326613473 377.7022118035068 386.0007447499615 chalk-brood 0
420.79694304006773 620.2687431186033 419.4179785192791 561.0229849294878 374.43016258526075 562.0700911517216 375.8091271060494 621.3158493408371 bee-larvae 0
121.91362694103924 304.5693038472308 99.33575929615498 270.92863227871317 64.52742685586298 294.29017311999417 87.10529450074725 327.9308446885118 bee-larvae 0
542.6974713971166 621.2543491806716 536.8471999674703 608.3975326454126 517.0670271436508 617.3981573045036 522.9172985732971 630.2549738397624 pollen 0
498.16831983882287 560.1211867294679 496.7117517904879 497.54118181905415 450.4742745302268 498.6173727223518 451.93084257856174 561.1973776327656 pollen 0
473.2972800377679 619.6723922458611 471.84138995053513 557.1214688353002 425.60391247129365 558.1976589448984 427.0598025585265 620.7485823554593 pollen 0
565.7900142102924 533.3325206154543 530.6642793515658 488.86920112781115 487.9437484065207 522.6181443081939 523.0694832652473 567.0814637958372 pollen 0
527.0838831440451 620.6195589257104 525.5134456078025 553.1472427428072 476.776644663713 554.281605781294 478.3470821999556 621.7539219641973 pollen 0
641.4381256614924 627.4878429002889 639.9999999975882 503.895569792728 555.490622 504.878925 556.9287476639042 628.471198107561 empty-cells 0
441.403461 555.248499 437.55908765094006 390.07855247594216 282.51718399999993 393.68719300000004 286.36155734905986 558.857139524058 capped-brood-cells 0
642.7635555119141 436.08221811823614 640 198.582851 466.84011899724555 200.59774876328262 469.60367450915976 438.0971158815187 capped-brood-cells 0
238.03276599999998 133.81794800000003 236.78112378846532 26.252073829827545 95.00700399999998 27.901764999999997 96.25864621153465 135.46763917017248 capped-brood-cells 0
632.106144 188.88568199999997 629.8320414498556 91.18096806887368 534.582794 93.397919 536.8568965501444 191.10263293112632 capped-brood-cells 0