229.65500000000003 98.51600000000002 110.85499999999999 98.51600000000002 110.85500000000002 281.708 229.65500000000006 281.708 empty-cells 0
510.7600000000001 371.6600000000001 416.56999999999994 371.66 416.57000000000005 529.54 510.7600000000001 529.54 empty-cells 0
503.4586575875486 278.3385214007782 499.74270428015564 218.88326848249028 461.3925097276265 221.28015564202337 465.10846303501944 280.73540856031127 chalk-brood 0
287.5000000000001 470 238.75000000000006 470 238.75000000000006 543 287.5000000000001 543 chalk-brood 0
258.75 374 203.75000000000006 374 203.75000000000006 462 258.75 462 chalk-brood 0
321.25 204.00000000000006 275 204.00000000000006 275 293 321.25 293 chalk-brood 0
387.2561772928127 289.01857696816666 380.31596627288303 197.92830733158985 324.1183830823338 202.21002795563174 331.0585941022635 293.3002975922085 bee-larvae 0
62.50000000000001 22.000000000000007 7.500000000000007 22 7.500000000000012 118 62.500000000000014 118 bee-larvae 0
100.00000000000001 108 42.500000000000014 108 42.500000000000014 207 100.00000000000003 207 bee-larvae 0
35.000000000000014 116 1.4389599889981402e-14 116 1.9839278146187122e-14 205 35.00000000000002 205 bee-larvae 0
43.75000000000006 466 5.798702593962718e-14 466 6.349793653579026e-14 556 43.750000000000064 556 bee-larvae 0
103.75000000000006 464 48.75000000000006 464 48.750000000000064 552 103.75000000000006 552 bee-larvae 0
72.50000000000006 376 17.500000000000046 376 17.500000000000053 468 72.50000000000006 468 bee-larvae 0
231.89977796370187 544.4360921611533 226.97684708456683 457.79250868837676 171.58747908353712 460.9396318702535 176.51040996267213 547.5832153430299 bee-larvae 0
616.956462838977 530.6538702374645 572.4961767255913 529.110110302972 570.0414539280382 599.8061268725014 614.5017400414239 601.3498868069939 bee-larvae 0