448.266195 304.654164 301.309735 304.654164 301.309735 426.07151999999996 448.266195 426.07151999999996 capped-brood-cells 0
343.466195 251.16738500000002 295.344425 251.16738500000002 295.344425 308.961211 343.466195 308.961211 bee-larvae 0
438.75 129.97961600000005 397.5 129.97961600000005 397.5 194.14676800000007 438.75 194.14676800000007 chalk-brood 0
461.15823 83.86721000000006 420.773097 83.86721000000006 420.773097 135.45486300000005 461.15823 135.45486300000005 bee-larvae 0
575 192.50145600000002 528.75 192.50145600000002 528.75 255.02329700000007 575 255.02329700000007 chalk-brood 0
598.75 131.62492700000007 558.75 131.62492700000007 558.75 194.14676800000007 598.75 194.14676800000007 chalk-brood 0
563.3640919526454 169.78179920775966 530.0131826783045 125.88368763249963 488.0082710016592 157.79626765323138 521.359180276 201.6943792284914 chalk-brood 0
493.75 131.62492700000007 447.5 131.62492700000007 447.5 194.14676800000007 493.75 194.14676800000007 chalk-brood 0
527.566965909194 247.883827499998 513.0943095575265 190.73495467666345 468.84858480245214 201.93995554151337 483.3212411541197 259.0888283648479 chalk-brood 0
413.2181677733714 193.7431028538066 368.973546236361 190.38168627342975 364.20776440892587 253.11125526341698 408.45238594593627 256.4726718437938 chalk-brood 0
286.31185529227133 411.737810973194 275.88578200053365 388.8656252007322 239.86960937715014 405.2832627275918 250.29568266888782 428.1554485000536 bee-larvae 0
285.8101688286907 394.5535747990674 272.9208516366359 360.5679825499595 228.67155276311047 377.34989544194013 241.5608699551652 411.335487691048 chalk-brood 0
230.00000000000006 366.904485 185.00000000000006 366.904485 185.00000000000006 426.135702 230.00000000000006 426.135702 bee-larvae 0
520.9879109723123 333.7063449442445 480.95193631110317 320.53201503948515 472.1587047393409 347.25410253404834 512.1946794005501 360.4284324388077 chalk-brood 0
442.5 251.73267300000006 397.5 251.73267300000006 397.5 312.609202 442.5 312.609202 chalk-brood 0
415.00000000000006 426.135702 371.25 426.135702 371.25000000000006 482.07629600000007 415.0000000000001 482.07629600000007 chalk-brood 0
147.50000000000006 436.007571 111.25000000000006 436.007571 111.25000000000006 487.012231 147.50000000000006 487.012231 chalk-brood 0
194.4299072638761 501.8632068693728 152.575439664876 474.3046946101042 121.20953589924699 521.9416348963255 163.06400349824708 549.500147155594 chalk-brood 0
205.00000000000006 547.888759 160.00000000000006 547.888759 160.00000000000006 603.829354 205.00000000000006 603.829354 chalk-brood 0
43.75000000000007 544.598136 2.5000000000000675 544.598136 2.500000000000071 598.893419 43.75000000000007 598.893419 chalk-brood 0
325.7337964848497 577.712388458227 291.2023013864864 536.4863194376427 254.2662035151504 567.4244785417733 288.7976986135137 608.6505475623576 chalk-brood 0
281.2871144592186 304.02310051965594 271.0848237250948 249.76585436766183 232.77376253217665 256.96969555650537 242.97605326630043 311.22694170849945 chalk-brood 0
278.75 14.807804000000036 233.75 14.807804000000031 233.75 74.03902100000003 278.75 74.03902100000003 bee-larvae 0
582.4946268516971 344.696320200003 560.3943814056091 311.1156697240624 524.9914638502376 334.4151935984406 547.0917092963256 367.99584407438124 bee-larvae 0
136.60009884473627 18.506843855038554 135.6168425295767 5.807613133363628 112.00837188090276 7.635533136182975 112.99162819606231 20.3347638578579 pollen 0
201.25 74.03902100000003 155 74.03902100000003 155 136.560862 201.25 136.560862 pollen 0
227.5 14.807804000000026 181.25 14.807804000000024 181.25 77.32964500000003 227.5 77.32964500000003 pollen 0
164.40136489783106 111.91589235162647 130.31627527175087 67.05141455621191 86.72627191537873 100.16824203781779 120.81136154145892 145.03271983323233 pollen 0
176.25 13.162493000000019 127.5 13.162493000000016 127.5 80.62026800000001 176.25 80.62026800000001 pollen 0
96.40778800000001 5.220268000000006 6.392984496891354e-16 5.220268 8.20611786415208e-15 128.795807 96.40778800000004 128.795807 empty-cells 0
366.72 79.76703600000005 211.636106 79.76703600000003 211.63610600000004 243.13290600000002 366.72 243.13290600000005 capped-brood-cells 0
177.953982 196.558649 2.407149203425781e-14 196.558649 3.8612164965705434e-14 434.0258590000001 177.95398200000005 434.0258590000001 capped-brood-cells 0
545.667965 503.44927200000006 405.1454870000001 503.449272 405.1454870000001 611.000582 545.667965 611.000582 capped-brood-cells 0
107.73522100000005 443.812231 12.460177000000051 443.812231 12.460177000000062 540.40862 107.73522100000005 540.40862 capped-brood-cells 0