337.6134181265531 331.3719431846321 336.200982 209.98746200000002 186.41926687344696 211.7303298153679 187.831703 333.1148109999999 capped-brood-cells 0
340.80359 327.028358 292.69484939819665 326.4685621632477 292.009328 385.38213200000007 340.1180686018033 385.94192783675237 bee-larvae 0
237.3064431357396 443.5114114810085 196.06761169625122 443.03155450540044 195.32062126042536 507.22779262593633 236.55945269991375 507.7076496015444 chalk-brood 0
213.35598900000005 501.99420100000003 172.9817906445225 501.52440442549346 172.37057900000002 554.0517780000001 212.74477735547754 554.5215745745066 bee-larvae 0
106.76616087517348 384.0457697541081 60.52868354872422 383.5077461338924 59.797450590619434 446.3495360671435 106.03492791706871 446.88755968735916 chalk-brood 0
76.05711972210197 445.3295521701273 36.06795013745368 444.8642364651736 35.33908950506598 507.50242194190156 75.32825908971428 507.96773764685526 chalk-brood 0
146.52454198554506 480.62561809945726 113.60876919663664 437.0153327485399 71.0320115785295 469.1510289167503 103.94778436743792 512.7613142676677 chalk-brood 0
196.57970001926628 457.6959793083523 154.78028300273508 437.4735460047109 127.62387130372994 493.60537545546845 169.42328832026112 513.8278087591099 chalk-brood 0
166.70904643897836 435.64375628185275 151.23448806475818 379.2029586790823 106.7687357248296 391.39427966431356 122.24329409904979 447.835077267084 chalk-brood 0
271.4395102973477 384.4875576676673 227.31226765237014 380.25325246485386 221.2842507720672 443.07342030925133 265.4114934170447 447.3077255120648 chalk-brood 0
397.4913304282361 230.2236360657564 387.3117034498039 207.50622829624547 350.86970819128226 223.83581668262025 361.0493351697146 246.5532244521312 bee-larvae 0
408.43296042225427 258.25447519566416 395.7882055184458 224.06707913708902 351.0636814809189 240.6091592555942 363.7084363847273 274.7965553141694 chalk-brood 0
452.56879904445714 267.79242245202585 451.87976444840103 208.5772429567481 406.7266250893132 209.10265004668918 407.41565968536923 268.31782954196694 bee-larvae 0
164.19975537602252 290.71796357765044 124.53466368451478 278.07882709029496 115.93585290406168 305.0642638237156 155.60094459556942 317.70340031107105 chalk-brood 0
238.68589544561297 324.9617189452093 193.69807864647265 324.43823646020905 192.98734444777594 385.5183696834457 237.97516124691623 386.0418521684461 chalk-brood 0
266.9071465309432 155.24735129325487 223.16899128233732 154.7384100138541 222.5156921226024 210.88260823238872 266.2538473712082 211.3915495117895 chalk-brood 0
526.9659335697522 147.1696968285619 490.72574847461993 146.74800446909694 490.1305638107081 197.8980950548436 526.3707489058404 198.31978741430856 chalk-brood 0
517.2845325025721 112.22049213991764 476.0032106412825 84.76932840798429 444.09878086067226 132.74751423047397 485.38010272196186 160.19867796240732 chalk-brood 0
479.57387150564887 31.03617728154488 434.58605571809574 30.51269486134322 433.9358026368606 86.39511746996739 478.9236184244137 86.91859989016905 chalk-brood 0
637.017789105472 34.02308767588931 595.7789573749658 33.54323127081837 595.146160331903 87.92577259496376 636.3849920624093 88.4056290000347 chalk-brood 0
384.91849815546607 68.33414709066349 350.9240715431307 27.30164487605262 313.4693375823987 58.331977811957955 347.463764194734 99.36448002656883 chalk-brood 0
403.58378273693245 378.12951761184866 392.8438553312775 324.22388813576384 354.2262885225871 331.9178872252721 364.96621592824204 385.8235167013569 chalk-brood 0
399.6595386264936 561.6555812502941 354.6717225247676 561.1321033305821 353.9801393735065 620.566922749706 398.9679554752326 621.0904006694179 bee-larvae 0
111.42108180329112 304.86334445735463 89.91281370977597 271.0439042863562 53.9795755195135 293.896491926972 75.48784361302864 327.7159320979704 bee-larvae 0
520.8264352168617 621.239877179837 515.1258420437281 608.5181278559367 495.24410198149155 617.427100103635 500.9446951546252 630.1488494275353 pollen 0
479.1360336196547 498.3046616555787 432.89855628285386 497.766638020709 432.16901556417446 560.4629960615331 478.4064929009753 561.0010196964028 pollen 0
452.1978299575251 557.7540651728668 405.96035246406393 557.2160438871381 405.2304764897753 619.9414877113165 451.4679539832365 620.4795089970453 pollen 0
547.0943629157 533.5291689419159 513.5237521442376 489.05128342623277 469.34032428825344 522.3996461441327 502.9109350597157 566.8775316598159 pollen 0
505.9847656798669 553.9543483935373 457.24796463047994 553.3872453703711 456.461669938129 620.9613658068129 505.1984709875159 621.528468829979 pollen 0
634.0516010000001 503.7571190000001 537.6699162683763 502.63561623488147 536.205881 628.4544640000001 632.5875657316238 629.5759667651188 empty-cells 0
423.74592700000005 391.88262900000007 268.70402332666197 390.07855311733636 266.761099 557.053063 421.80300267333814 558.8571388826638 capped-brood-cells 0
637.603274 198.52706700000005 459.69747460570574 196.45694572019835 456.8861109999999 438.06495900000004 634.7919103942942 440.13508027980174 capped-brood-cells 0
235.76820789478828 133.78882753356436 234.51707399999998 26.266638 91.49198910521164 27.93088546643565 92.74312299999998 135.453075 capped-brood-cells 0
626.3809720000002 92.28929300000007 531.1317245385619 91.18096840055091 529.9819279999999 189.99430800000005 625.2311754614382 191.10263259944924 capped-brood-cells 0