543.0356519999999 149.53283100000002 530.4242132940511 122.22712876719899 500.2705792040738 136.15391610433417 512.8820179100226 163.4596183371352 chalk-brood 0
563.0763647473451 138.9853230625078 553.2629571253733 115.06915864809764 540.9438315525787 120.1240076906661 550.7572391745505 144.04017210507627 chalk-brood 0
564.715156 100.67538000000002 561.3775484636507 81.16785466076823 539.678666081616 84.88038877820372 543.0162736179652 104.38791411743551 chalk-brood 0
564.250555 63.76493300000001 551.1109343714495 36.669079194647196 534.9126396746904 44.52413512585497 548.0522603032409 71.61998893120779 chalk-brood 0
541.1370925423489 454.54944558260183 526.2138085902053 426.15677878244014 499.98124746108704 439.94470371661964 514.9045314132306 468.33737051678133 chalk-brood 0
542.0416225055866 496.5998514288293 538.3275196555235 464.97462794562114 502.20291418224775 469.21714342434774 505.9170170323109 500.84236690755586 chalk-brood 0
544.808031884575 413.64127494134027 527.6418962317467 386.8992870417182 500.92162944741744 404.0514795421883 518.0877651002456 430.7934674418104 chalk-brood 0
538.0016754575299 506.119422523147 503.22970178434275 505.9171247761999 503.0550163515332 535.9429523615605 537.8269900247203 536.1452501085078 chalk-brood 0
534.477778 603.145086 524.4947218767875 574.147007549815 494.89034050883447 584.3387932295788 504.87339663204705 613.3368716797637 chalk-brood 0
518.8374939999999 620.908508 493.90395430369335 620.328173982479 493.4470707058342 639.9577751774482 518.3806104021407 640.5381091949691 chalk-brood 0
494.414701 622.215316 477.99647698964327 596.3061257674714 451.89458104225605 612.8464641922976 468.31280505261276 638.7556544248263 chalk-brood 0
465.0389309812113 586.4911449634403 427.0156251960042 574.9392137303644 417.85055661412207 605.1061354510803 455.87386239932925 616.6580666841562 chalk-brood 0
447.65887008150065 546.355491040835 427.6737998012873 543.1954371571146 423.67385371978685 568.4922221162798 443.6589240000002 571.6522760000001 chalk-brood 0
509.04865655954944 427.4231572761612 484.0786018684985 404.1877240989236 460.7688804723983 429.2376129326716 485.7389351634493 452.4730461099092 chalk-brood 0
543.7963033865742 343.108533388977 532.5272296944345 313.85193638783477 504.0117798858897 324.8355345569744 515.2808535780293 354.09213155811653 chalk-brood 0
510.1147879784254 318.99516917843687 490.59652485409697 293.17747725501647 463.8390178303422 313.4062437996721 483.3572809546706 339.2239357230925 chalk-brood 0
583.9940672052232 206.82809648142955 562.5624818359198 180.8003359164241 537.3595374992084 201.55275723062095 558.7911228685118 227.5805177956264 chalk-brood 0
544.9427320413031 231.67675959270872 539.4932711190139 203.0819044006593 504.90770123683103 209.6730450195654 510.3571621591202 238.2679002116148 chalk-brood 0
509.2714036343488 95.44121429140775 501.29849102141316 64.25326124383811 466.70961994829497 73.09558719018807 474.6825325612306 104.2835402377577 chalk-brood 0
293.48339435579965 462.3364315705223 268.1894908246965 436.5119505004514 243.3470393590149 460.84400074161965 268.640942890118 486.6684818116905 chalk-brood 0
388.2828140000001 552.2359270000001 356.7931257409353 541.6017780497185 348.77687629793604 565.3393801039257 380.26656455700083 575.9735290542072 chalk-brood 0
352.4328200000001 580.639809 242.19127900000007 580.639809 242.19127900000007 640 352.4328200000001 640 chalk-brood 0
392.47766869199654 607.4996230907291 388.3918767748827 576.1240568686098 348.92314838794266 581.2637573055835 353.00894030505646 612.6393235277027 chalk-brood 0
283.63499373282565 589.560400444774 280.4603632684606 560.1154454800429 244.50822785432786 563.9916526089515 247.68285831869292 593.4366075736826 chalk-brood 0
186.64236911989178 442.9511970218377 172.47583004335075 414.5172851751269 139.80668884911876 430.79392933932627 153.97322792565978 459.22784118603704 chalk-brood 0
186.73579803311608 405.47558148773425 169.4242395771696 376.40339921740053 139.88594965901615 393.992509929898 157.1975081149626 423.0646922002318 chalk-brood 0
112.68750590494443 464.6918210010897 83.94924038084685 447.7768124676265 64.94002040541605 480.0731018829804 93.67828592951363 496.98811041644365 chalk-brood 0
76.64473400000003 452.46994600000005 43.795037221376504 432.8389662806587 28.115660089767147 459.07620924126286 60.96535686839067 478.7071889606042 chalk-brood 0
401.31275002225726 446.32876549604293 380.644548654538 419.9777406071329 351.5440629627615 442.8024580787177 372.2122643304807 469.1534829676276 chalk-brood 0
435.9715261969669 430.51686254934845 421.33671060903004 404.04948665760674 390.6514148007812 421.0165500813416 405.2862303887181 447.48392597308333 chalk-brood 0
400.8014026571054 484.57945532336817 377.972640040862 457.2273882750095 349.93119729958323 480.631522179253 372.7599599158266 507.98358922761173 chalk-brood 0
409.16255741915415 220.9390310451858 394.5942307826024 189.14598042827723 322.37410001442504 222.2389499404805 336.9424266509769 254.0320005573891 chalk-brood 0
368.735862246323 159.6430545883497 362.7863742889916 133.49965816779738 328.36708280946414 141.3325027172662 334.3165707667954 167.47589913781854 chalk-brood 0
401.9614814776146 148.0780010752086 394.5723741737909 114.02319722046884 365.1255092107004 120.41248802072107 372.5146165145241 154.46729187546083 chalk-brood 0
408.92417390082255 28.200661904464113 394.98991361167054 -4.165589911896234 324.87805419335257 26.018841205872107 338.8123144825045 58.385093022232454 chalk-brood 0
438.2778737908973 53.54181542603213 434.3520246402828 23.394476152367453 398.70568622635426 28.036416395070162 402.6315353769687 58.18375566873483 chalk-brood 0
334.41245412368846 99.35537108385539 317.26340746122725 68.70129357298772 289.3874633651543 84.29614766358088 306.53651002761546 114.95022517444855 chalk-brood 0
225.48968781525457 208.472595676547 188.57488032009596 204.77643026186615 185.5540693631807 234.94625288692345 222.46887685833934 238.64241830160432 chalk-brood 0
263.4926614040677 212.34681760298972 246.2890289483389 184.92322873106497 223.1533611737858 199.43692082549154 240.35699362951453 226.86050969741632 chalk-brood 0
122.63319258905456 234.14215623242995 94.79600869236262 215.12903651572128 77.19637460703352 240.89673050006246 105.03355850372546 259.90985021677113 chalk-brood 0
155.3979796575327 225.73846508503277 140.40582613206533 194.82241424078018 110.56887584628072 209.29127838095474 125.56102937174808 240.20732922520733 chalk-brood 0
118.285898 162.149716 108.56525622776678 135.1445400817024 76.98863453443427 146.51069554711597 86.7092763066675 173.51587146541357 chalk-brood 0
263.8223757482302 134.488194776125 244.66880399074273 105.69029407426098 218.2590556457779 123.25549840145445 237.41262740326533 152.05339910331847 chalk-brood 0
265.2830927298531 96.56233964767794 246.05627226709623 66.22097333290453 221.76607649696558 81.61326741196588 240.99289695972246 111.95463372673929 chalk-brood 0
302.05045938458716 37.577982502969036 286.53511323978364 8.083598547235752 253.33321150634393 25.549262479502232 268.8485576511475 55.043646435235516 chalk-brood 0
193.52389997468762 15.914036509151938 120.52205395139693 9.80722354840135 115.21624531161359 73.23373224286478 188.2180913349043 79.34054520361536 chalk-brood 0
86.03141743587577 138.6275885265769 75.60576843785603 116.05445972224689 44.36543716078895 130.48315196512655 54.79108615880869 153.05628076945655 chalk-brood 0
51.68229056290354 48.51980730096508 43.7197362053357 18.544076286878745 9.38351638765074 27.664921967113713 17.346070745218583 57.640652981200034 chalk-brood 0
90.67837482165785 20.934080812030025 68.31337136779175 -1.1170006922347469 45.10348055494238 22.42330902422235 67.46848400880849 44.47439052848712 chalk-brood 0
45.974356145121675 72.88522703954544 31.518776859836926 59.89020952371577 15.60952777002684 77.58756247510279 30.06510705531159 90.58257999093246 chalk-brood 0
47.05654592731534 284.0264678785919 38.58069663413494 252.11838936614558 4.9840253109821475 261.0427851982695 13.45987460416255 292.95086371071585 chalk-brood 0
85.3775228900676 335.190854474003 67.34951050937043 310.47658935905883 37.740756149336335 332.07492488298055 55.7687685300335 356.78918999792467 chalk-brood 0
153.18946156730425 302.808421226175 134.69600975183374 276.6755318677415 112.45827144117868 292.4125036312722 130.9517232566492 318.5453929897058 chalk-brood 0
297.8539097340603 311.55763059604215 279.3604580663729 285.4247422249174 251.33652981217915 305.25642540312725 269.82998147986655 331.389313774252 chalk-brood 0
362.793416 355.366082 354.8811193705409 326.3940504797219 327.4629463705409 333.88198647972183 335.37524299999995 362.854018 chalk-brood 0
637.7055930000001 409.271164 637.1338609497019 378.0751731619124 610.2213026002868 378.56840231573995 610.793034650585 409.76439315382765 chalk-brood 0
637.6670228917922 415.90080378129784 611.7730001991386 415.75015680198635 611.5758971836894 449.6292958205944 637.469919876343 449.77994279990594 chalk-brood 0
637.2232717554351 522.8902779043445 635.0013559283042 490.9703749076075 606.0394545965447 492.9863868910843 608.2613704236757 524.9062898878213 chalk-brood 0
636.8329190000002 559.271164 636.2264611297257 527.9360421886308 606.3776233989546 528.5137346153379 606.984081269229 559.848856426707 chalk-brood 0
639.247318 144.271165 639.1382438253544 116.85287880120477 607.4853257351917 116.97879899515043 607.5943999098373 144.39708519394568 chalk-brood 0