529.923030344336 110.58545312046078 503.1249989999999 96.16803300000012 487.5240660013658 125.16589031463633 514.3220973457019 139.583310435097 chalk-brood 0
537.6712914930407 86.07926130605048 514.0667060593696 76.16165750329955 508.8771074518798 88.5132624003389 532.4816928855508 98.43086620308983 chalk-brood 0
571.9319198125168 78.88420560970582 552.480362 74.77567000000008 548.0484421874833 95.75826639029435 567.5 99.86680200000009 chalk-brood 0
616.0586166850966 88.69936147337827 589.375 75.45491700000005 581.3162895119442 91.69082195408666 607.9999061970409 104.93526642746488 chalk-brood 0
222.6044534439614 104.20162273032085 195.05417152612975 95.98636717842544 186.1997170821684 125.68023544810458 213.74999900000003 133.895491 chalk-brood 0
186.15701567912765 98.00834175993802 154.63204641924494 95.34487501393508 151.52472464828872 132.1233418211384 183.04969390817143 134.78680856714135 chalk-brood 0
265.3484439129894 110.1237033051607 238.97080210059863 92.77884303867825 221.3872694681271 119.51945198276402 247.76491128051785 136.86431224924647 chalk-brood 0
146.250001 99.12704800000003 116.250001 99.12704800000003 116.25000100000001 133.895491 146.250001 133.895491 chalk-brood 0
76.35613204953725 124.89681173333024 49.374999999999986 102.08606599999999 30.721986845745008 124.14932587410993 57.70311889528227 146.96007160744017 chalk-brood 0
31.63887656822979 117.6311303728578 0.5660314891385481 116.81384110632096 -0.10370041164636579 142.27664411827837 30.969144667444873 143.09393338481522 chalk-brood 0
54.830921438086946 158.55557721850843 29.375000000000014 142.03278699999998 12.418165809869393 168.15742050766903 37.874087247956325 184.68021072617745 chalk-brood 0
75.9320429389218 205.0765526888878 58.01570487564922 170.47746056876855 29.303451393429043 185.3454356636034 47.21978945670162 219.94452778372272 chalk-brood 0
106.94489102750754 209.02155619271525 103.53993129181401 188.8841756228331 78.75 193.075819 82.15495973569352 213.21319956988214 chalk-brood 0
245.15777530963916 148.87644203730747 215.90411888097532 131.03941330573315 198.12842645866112 160.1924749915898 227.38208288732497 178.0295037231641 chalk-brood 0
338.39278813674014 105.64390359714692 309.33153828744287 94.17820841690754 298.0510580211459 122.77000771782696 327.11230787044315 134.23570289806634 chalk-brood 0
355.8595958354765 139.81305725905995 329.6661495540669 127.36482247730703 313.94484974917145 160.4454181708498 340.13829603058105 172.8936529526027 chalk-brood 0
472.2939935788769 76.4432247863707 446.7727187642016 54.86668962167434 425.51453596872955 80.0114091534528 451.0358107834048 101.58794431814917 chalk-brood 0
449.7277123630663 99.95473778803606 422.12594353679845 92.9587197395877 413.3175626070513 127.71090197709812 440.9193314333191 134.70692002554645 chalk-brood 0
586.8340477131366 138.00241295027482 556.178462960149 130.23237017942964 547.3313114532892 165.1375323310092 577.9868962062768 172.90757510185438 chalk-brood 0
209.80695954423055 369.61598356601263 185.28365551426418 343.7170657689524 159.74394598109956 367.90024078138174 184.26725001106593 393.79915857844196 chalk-brood 0
106.83802945656987 280.3058999213883 96.875001 248.55737699999997 72.84823352034539 256.0972354278049 82.81126197691523 287.8457583491932 chalk-brood 0
85.2163908766313 311.91602320947345 28.725244191641806 278.5064385221808 -22.32162796753272 364.8198832999201 34.169518717456754 398.2294679872127 chalk-brood 0
70.64714470146508 246.73713254734287 39.24133360573224 244.69605580329693 36.621367980387035 285.00916296447093 68.02717907611988 287.0502397085169 chalk-brood 0
86.67115872249198 356.77880759364393 57.58478886794671 352.3107441881722 52.10174828988501 388.0044512169656 81.18811814443026 392.4725146224374 chalk-brood 0
229.28990854296893 468.7121826915502 202.70001935347398 450.4915702829412 182.18505508154612 480.4296763401928 208.77494427104108 498.6502887488018 chalk-brood 0
267.50736254233516 468.35849960605026 238.8081339452416 450.8595272774844 220.77337895469302 480.43746742436997 249.47260755178655 497.9364397529358 chalk-brood 0
193.72123647226258 545.7940021753154 171.79584836796772 521.7125149202816 143.60879969202415 547.3758792793715 165.53418779631903 571.4573665344053 chalk-brood 0
208.3035000671737 593.8060250159963 189.37500000000003 560.733606 162.64650735182926 576.031255520032 181.57500741900293 609.1036745360283 chalk-brood 0
228.67491172652842 255.90472728117874 202.58741421369825 235.86774454696473 179.78096014959303 265.5610033357691 205.8684576624232 285.59798606998305 chalk-brood 0
245.42980800040635 219.86208158266487 221.21251449686548 201.31494935800336 199.87073651913556 229.18125747041682 224.08803002267643 247.72838969507833 chalk-brood 0
191.60024742930682 259.39269159159244 164.78087713390252 236.40595696340782 140.8076481263244 264.3763023095637 167.62701842172868 287.36303693774835 chalk-brood 0
460.39470975786537 246.3770981018486 430.0284357863433 229.2732864833863 390.9010738804087 298.74038644465935 421.2673478519308 315.84419806312167 chalk-brood 0
515.588367347675 278.9740123569715 490.3964544662945 268.33199923133424 477.2723297360708 299.3995992187538 502.4642426174513 310.04161234439107 chalk-brood 0
534.9163978378413 244.7599135287158 501.12889571305146 237.1940257852068 494.52085300670404 266.7040138461539 528.3083551314938 274.2699015896629 chalk-brood 0
652.6258481439293 244.38647626791382 619.6676516350268 230.54437932322736 589.9517532651814 301.298284734061 622.9099497740839 315.1403816787474 chalk-brood 0
627.241835111008 210.6829156879567 599.4045748918276 200.39334897158002 587.1059872050587 233.66578844370113 614.9432474242391 243.9553551600778 chalk-brood 0
578.5773088681066 322.3145698691781 548.3303214664289 304.9917315751783 532.337851916397 332.9157944101399 562.5848393180746 350.2386327041397 chalk-brood 0
439.66409720876135 450.5754251029107 436.8163529369125 413.498731021755 406.5404139913283 415.82413067897403 409.38815826317716 452.9008247601297 chalk-brood 0
460.6681446422374 392.56238215225403 433.72821208345374 375.2526858907097 418.8486877117482 398.4104222844482 445.7886202705319 415.7201185459925 chalk-brood 0
427.1914201680265 544.0951080756815 408.7842016833291 516.0833696970383 382.49664022657373 533.3575881201737 400.90385871127114 561.3693264988169 chalk-brood 0
448.32037701967516 498.40488157078414 417.769191596619 483.24076638988083 402.9252013537989 513.1469952015389 433.47638677685507 528.3111103824423 chalk-brood 0
507.4483514854128 532.5791096335234 480.625 520.786885 467.340592420117 551.0044516479154 494.1639439055298 562.7966762814389 chalk-brood 0
537.0101498144917 386.2740652793335 508.5019250834548 374.9395234498003 495.4621340634825 407.73672852733773 523.9703587945194 419.0712703568709 chalk-brood 0
579.4232808179141 393.5327930168445 549.5322588493275 374.13129046752886 533.7523762869477 398.44264548422836 563.6433982555343 417.8441480335441 chalk-brood 0
636.9817747942445 365.5649032005007 613.6480401468098 337.9469419914294 585.9320856314627 361.363468767818 609.2658202788973 388.9814299768893 chalk-brood 0
632.6923339460991 520.4324814221247 631.1827548873318 447.73432030618903 567.4295223836243 449.05815770783715 568.9391014423916 521.7563188237729 chalk-brood 0
525.5968306561462 565.0188756128045 504.07050867813496 552.5152731828396 487.2236780219888 581.5189385700351 508.75 594.022541 chalk-brood 0
622.1512016788653 596.0896282669123 592.3536939640517 587.9507383425262 582.952271371624 622.3705381961546 612.7497790864376 630.5094281205409 chalk-brood 0
639.9417523852446 564.7891239727671 615.3376431092989 548.4561624256797 597.6144659003417 575.1545041507231 622.2185751762873 591.4874656978106 chalk-brood 0
580.8148512898854 608.4384016423386 568.4219518557197 593.480608201702 550.1071005658342 608.6549125593635 562.4999999999999 623.6127060000001 chalk-brood 0
389.5759269776835 604.2754055811436 365.5982944459113 586.7183753635379 344.85102609425724 615.0529154542179 368.82865862602944 632.6099456718235 chalk-brood 0
328.14861708849196 565.8671562823099 302.36829078832136 552.2539315431186 285.4134645047038 584.362484977632 311.1937908048743 597.9757097168234 chalk-brood 0
366.3804860232831 503.628569215051 340.73443239402934 485.02399233452593 324.60583327786014 507.2569579404782 350.2518869071139 525.8615348210033 chalk-brood 0
359.9666643314827 355.20660824776246 333.73785032417226 339.97155320226057 315.79326407265313 370.8651216090382 342.0220780799636 386.10017665454006 chalk-brood 0
322.0307389697815 285.94118871898587 293.12499900000006 275.18852400000003 283.19328675439067 301.88734695496294 312.0990267241722 312.6400116739488 chalk-brood 0
276.57145420373075 0.7475187769232194 245.625001 3.019806626980426e-14 244.97480537948533 26.91738182999023 275.92125858321606 27.66490060691342 chalk-brood 0
238.75 2.7516282768342096e-14 204.999999 2.5449691233548595e-14 204.999999 25.89139300000003 238.75 25.89139300000003 chalk-brood 0
163.74999900000003 2.21926200000002 131.85268610602913 -0.47566134784450576 129.39706695835972 28.5892292600035 161.29437985233062 31.28415260784802 chalk-brood 0
126.65879388246935 0.7815276249543412 95.625001 1.1546319456101628e-14 94.87317059686887 29.854541629130754 125.90696347933823 30.63606925408508 chalk-brood 0
538.0290182586257 0.7543156138750948 510.625 6.572520305780927e-14 509.7619147530121 31.355580385914323 537.1659330116377 32.10989599978935 chalk-brood 0