85.86343745489427 101.27495033496285 68.37623821006186 82.86195294664478 53.762800755167596 96.74063261168195 71.25 115.15363 chalk-brood 0
130 52.23463700000002 112.5 52.23463700000002 112.5 85.47486000000004 130 85.47486000000004 chalk-brood 0
238.5791729472803 122.50702441430823 217.38983481483191 115.64206197921851 197.38983393521454 177.37390469423838 218.57917206766297 184.23886712932813 chalk-brood 0
142.79211302017222 221.10038864812105 126.43322239817033 215.9215979330931 117.32423527803726 244.6952889693172 133.68312590003916 249.8740796843452 chalk-brood 0
68.75000000000003 178.072626 50.00000000000003 178.072626 50.00000000000003 214.874301 68.75000000000003 214.874301 chalk-brood 0
52.25014307599747 380.77812401666006 31.23991888595117 374.87878228181603 12.142653417828257 442.89278230697283 33.15287760787456 448.79212404181686 chalk-brood 0
330.00000000000006 453.49162 293.75 453.49162 293.75000000000006 487.918995 330.0000000000001 487.918995 chalk-brood 0
198.75000000000006 415.502793 180.00000000000006 415.502793 180.00000000000006 448.743017 198.75000000000006 448.743017 chalk-brood 0
250.00000000000006 315.782123 233.75000000000006 315.782123 233.75000000000006 351.396648 250.00000000000006 351.396648 chalk-brood 0
291.9752270106889 215.01977615409692 289.52444319743057 182.43393890403863 271.94530896640873 183.75606720455994 274.3960927796671 216.34190445461826 chalk-brood 0
408.75248196112386 182.433367343247 388.5811239574052 118.5761856930541 366.7586101734171 125.46953310837301 386.9299681771357 189.3267147585659 chalk-brood 0
310.290731946499 0.048396210452486876 255.05303046452252 -1.185964962523105 254.51835822487345 22.740634651137135 309.75605970684995 23.97499582411273 chalk-brood 0
455 251.67597800000004 436.25 251.67597800000004 436.25 284.916201 455 284.916201 chalk-brood 0
489.02824061368415 358.9139496757706 472.3346753404477 353.0548361150793 462.05643472676354 382.3392114393089 478.75000000000006 388.1983250000001 chalk-brood 0
465.0000000000001 560.335196 448.7500000000001 560.335196 448.7500000000001 587.639666 465.0000000000001 587.639666 chalk-brood 0
550.083798850522 519.2467544652704 540.625 491.480447 524.2199426728139 497.0689516142063 533.6787415233359 524.8352590794767 chalk-brood 0
608.75 287.2905030000001 590 287.2905030000001 590 320.53072600000013 608.75 320.53072600000013 chalk-brood 0
585 26.117318000000076 567.5 26.117318000000076 567.5 58.17039000000007 585 58.17039000000007 chalk-brood 0
532.5 6.425568674276268e-14 516.875 6.329893143092881e-14 516.875 22.555867000000063 532.5 22.555867000000063 chalk-brood 0
227.50000000000006 586.452514 210.00000000000006 586.452514 210.00000000000006 620.879889 227.50000000000006 620.879889 chalk-brood 0
66.25000000000009 584.078212 48.75000000000007 584.078212 48.75000000000007 617.318436 66.25000000000009 617.318436 chalk-brood 0
386.9182385860822 223.33741670402304 368.4143589247882 217.7707040866204 359.1405536838431 248.59704415028125 377.64443334513714 254.16375676768388 chalk-brood 0
332.1763203985166 216.57716435074826 328.53020765295975 191.18338335145833 312.05174661601853 193.54940859266344 315.69785936157547 218.9431895919533 chalk-brood 0
394.28235299999994 43.79888300000004 368.936471 43.79888300000004 368.936471 91.88826800000004 394.28235299999994 91.88826800000004 american-foulbrood 0
42.334118000000004 1.3497210000000028 1.882353 1.3497210000000004 1.8823530000000126 209.921788 42.334118000000025 209.921788 capped-brood-cells 0
382.517647 357.765363 267.176471 357.765363 267.176471 458.467039 382.517647 458.467039 capped-brood-cells 0
282.3011760000001 485.130726 210.70588200000006 485.130726 210.70588200000006 550.560894 282.3011760000001 550.560894 capped-brood-cells 0
640 23.68715100000007 606.588235 23.68715100000007 606.588235 236.74636900000002 640 236.74636900000002 capped-brood-cells 0
444.62588200000016 534.310615 412.46588200000014 534.310615 412.46588200000014 640 444.62588200000016 640 capped-brood-cells 0
414.9882350000001 486.265922 366.0000000000001 486.265922 366.0000000000001 552.357542 414.9882350000001 552.357542 empty-cells 0
232.4235290000001 315.307263 193.64705900000007 315.307263 193.64705900000007 378.89608899999996 232.4235290000001 378.89608899999996 empty-cells 0
339.69882400000006 60.56759800000003 283.642353 60.567598000000025 283.642353 177.73407800000007 339.69882400000006 177.73407800000007 empty-cells 0