544.2476034612383 516.4774964173886 541.4839999999999 397.7418199999999 355.5283965387616 402.06998458261137 358.29200000000003 520.805661 empty-cells 0
270.53110970352503 217.13331835263918 268.34 122.99431699999997 108.2688902964749 126.72001364736079 110.45999999999998 220.859015 empty-cells 0
421.7570097446013 147.12902200856607 398.2868304188522 113.33814886090832 353.05872695226174 144.75230304052565 376.5289062780108 178.5431761881834 chalk-brood 0
170.00000000000006 349.35784 97.00000000000006 349.35784 97.00000000000006 398.24749199999997 170.00000000000006 398.24749199999997 chalk-brood 0
267.328451746025 427.8099035315348 264.03811436550524 373.00745529108667 176.3064440357901 378.27486219733953 179.59678141630988 433.07731043778773 chalk-brood 0
436.5961056817207 354.8381123254932 435.5202076154002 308.61315413611794 346.4765901360199 310.6856677654816 347.5524882023404 356.91062595485687 chalk-brood 0
441.7604672394844 249.964382822712 350.6289647505379 243.94874677766552 346.89677384134853 300.4880989896545 438.028276330295 306.5037350347009 bee-larvae 0
619.0821764211727 616.088133708037 616.081982365439 561.0642194639794 520.4489370895695 566.2786375567335 523.4491311453032 621.3025518007912 bee-larvae 0
532.8193471986464 585.0285534113226 531.3934477849238 527.5364433057704 432.44366786484954 529.9905614955009 433.8695672785723 587.4826716010531 bee-larvae 0
524.0436174785303 627.8027489891964 523.2294241905327 592.8216992533985 434.1858067120023 594.894213264202 435 629.8752629999999 bee-larvae 0
174.53794890745507 635.9375842369801 173.52020774564926 592.211272788303 83.2294245583746 594.3128140237038 84.2471657201804 638.039125472381 bee-larvae 0
176.00000000000006 532.921638 88.00000000000006 532.921638 88.00000000000009 588.154391 176.00000000000006 588.154391 bee-larvae 0
265.1559461383597 614.000036862038 261.38327606296525 558.4526985438617 169.91446794673405 564.6650868537293 173.68713802212847 620.2124251719056 bee-larvae 0
180.00000000000006 406.99749199999997 94.00000000000006 406.99749199999997 94.00000000000006 462.50268300000005 180.00000000000006 462.50268300000005 bee-larvae 0
110.9796915338245 65.66673527167436 109.31625656677602 20.923202419953462 38.517054465065335 23.555311708359554 40.180489432113816 68.29884456008045 bee-larvae 0