141.8634429828588 518.2004286747812 134.13020643626285 487.1915467388959 100.55558942583187 495.5646462863051 108.28882597242779 526.5735282221904 chalk-brood 0
104.58349200000004 530.782643 94.45666735087968 507.36982580330516 82.14183479209626 512.6964017919342 92.26865944121663 536.1092189886291 chalk-brood 0
106.47026199999996 565.7568179999998 99.67188123905262 545.0979050045361 81.204361 551.175148 88.00274176094734 571.8340609954638 chalk-brood 0
112.04398824058231 605.8059015109125 97.13129319635769 579.6192162730642 81.48549540837237 588.529126367321 96.39819045259699 614.7158116051693 chalk-brood 0
136.38269700000004 211.41284499999998 126.95547361761136 183.878497000477 98.20246913581441 193.7229645785515 107.62969251820309 221.25731257807442 chalk-brood 0
137.54995267666231 180.05809317370168 132.31265100001508 148.5967940294401 96.71991057865898 154.5218487524024 101.9572122553062 185.98314789666398 chalk-brood 0
137.81892870844425 249.1266900929278 123.70725806302674 220.27559126395528 94.68899506562155 234.46902537019 108.80066571103904 263.32012419916254 chalk-brood 0
136.4767746257286 141.7287854426146 133.15464606487896 111.92106824536734 98.56111503522368 115.77658514703968 101.88324359607333 145.58430234428695 chalk-brood 0
142.8289045654002 64.43971140773462 131.17002252387653 35.93306281677578 102.660596 47.593081 114.3194780415237 76.09972959095884 chalk-brood 0
143.20888389940117 28.756625712137005 142.70110041214062 -0.33416934878121474 116.90060310247617 0.11618157732867607 117.40838658973671 29.206976638246896 chalk-brood 0
184.73254138070138 31.67462246256244 164.09602246368996 7.978786740346607 140.16748683621267 28.817962193857113 160.8040057532241 52.513797916072946 chalk-brood 0
217.8415311854673 39.805480327915944 177.2246235174582 33.66328366137041 172.6126979700197 64.1608669042391 213.22960563802877 70.30306357078464 chalk-brood 0
215.01840102583634 80.9162072917635 193.99215799999996 75.37984900000001 187.7528501843108 99.07578693104988 208.7790932101472 104.61214522281337 chalk-brood 0
178.58910066017472 217.2862049824158 151.4740335999249 196.4924040201318 130.60069203035613 223.7111918433365 157.71575909060596 244.50499280562047 chalk-brood 0
132.274172167045 329.90107378300434 130.28999581515433 298.48296991670395 97.77024000378333 300.53671990507905 99.754416355674 331.9548237713795 chalk-brood 0
176.89443309482897 337.09916591605287 164.0478444884228 311.1693601461732 131.17954931025074 327.4535340460944 144.0261379166569 353.38333981597407 chalk-brood 0
100.4856988863682 433.9018324018259 65.56569510514117 431.8311141339502 63.70024075024163 463.28960568124774 98.62024453146864 465.3603239491233 chalk-brood 0
139.9272658939858 438.5436174342337 132.47080150930333 411.1018063750356 97.77725863652617 420.5287048494571 105.23372302120865 447.97051590865516 chalk-brood 0
179.67336051985356 574.9578329818264 171.39192868998003 544.4799048593496 136.67534986635664 553.9130585743569 144.95678169623017 584.3909866968337 chalk-brood 0
395.93989314755106 177.39716550700575 369.7652944784212 153.31541429881003 345.88032087139817 179.27613422244332 372.05491954052803 203.35788543063904 chalk-brood 0
288.13928978991413 76.8993739609632 254.52239105690848 69.75928105250657 249.2469169336925 94.59720426197902 282.8638156666981 101.73729717043564 chalk-brood 0
398.67200443737875 27.190847169813622 364.452795938608 -28.62376664623423 278.8153471112654 23.879431286545795 313.0345556100361 79.69404510259365 chalk-brood 0
288.83992974589705 61.738321253935595 283.18847570461145 30.55919270987461 244.18478141326153 37.628908767410294 249.83623545454716 68.80803731147128 chalk-brood 0
394.2765533806421 71.69208126308123 381.8426789668338 43.277089817144116 350.5173208650052 56.984486820826874 362.9511952788136 85.39947826676399 chalk-brood 0
500.1752505019737 204.48870864281668 485.77926916424417 176.21632454775215 452.93567087155634 192.9399169584806 467.33165220928583 221.21230105354513 chalk-brood 0
498.65033492419184 245.5471076465833 485.1927373288328 214.4336807634062 453.09732743767154 228.31601884834714 466.5549250330306 259.42944573152425 chalk-brood 0
573.3762628908099 155.5675767875709 549.0531734439721 134.0472492441816 523.7189137079245 162.6809893388392 548.0420031547623 184.20131688222853 chalk-brood 0
603.6891119999999 184.502174 589.9295221484572 154.0022646263113 557.9112935027271 168.44682210156134 571.6708833542698 198.94673147525003 chalk-brood 0
288.0191643812731 200.86297008901886 267.64215153952705 175.15413006796354 238.2208161155355 198.47369366029181 258.59782895728154 224.18253368134714 chalk-brood 0
248.74073053993595 226.5815238557363 235.60156640678537 198.6620268967004 203.7564457455414 213.6486245356901 216.895609878692 241.56812149472603 chalk-brood 0
288.9594973155514 161.05891899368294 264.21261419889464 136.16759605898102 237.82490785817834 162.40217934101224 262.5717909748351 187.29350227571416 chalk-brood 0
320.7879569113621 415.7297927744174 303.24246196072664 385.71370516353636 234.2462933937401 426.0444752125421 251.79178834437553 456.06056282342314 chalk-brood 0
315.8858982738542 497.27883229612655 305.0578036308592 472.24471490050905 274.070407648067 485.64780202114287 284.89850229106196 510.6819194167604 chalk-brood 0
280.5057789389924 521.296969417869 267.2375467450145 488.85536372386866 239.57914774250054 500.16732107704337 252.84737993647843 532.6089267710438 chalk-brood 0
322.29604999988635 618.8319765238407 308.62815464887535 585.1158596391357 237.49828781268837 613.9506029630141 251.1661831636994 647.6667198477192 chalk-brood 0
251.17825689179438 610.6587928773162 240.44427815746644 583.0479821181236 207.34112689777876 595.9171631342018 218.0751056321067 623.5279738933943 chalk-brood 0
355.2719540421888 558.970303085584 340.4126748542793 527.736916228699 311.2513609143486 541.6104070321527 326.110640102258 572.8437938890377 chalk-brood 0
457.59601857497375 401.4786847498191 420.43728067771445 399.27521667992585 418.63893276178516 429.60210898626025 455.7976706590444 431.8055770561535 chalk-brood 0
420.19463799999994 439.006113 403.84137367320693 412.1859609726299 380.13365110981033 426.6414589604807 396.48691543660345 453.4616109878508 chalk-brood 0
565.9267684004827 393.1842776585306 542.9958054351328 372.46222244003843 520.0829244622527 397.8175464886739 543.0138874276026 418.53960170716607 chalk-brood 0
532.682272160819 422.0906949967808 513.5118877293958 394.12023383042435 486.38938961823663 412.7094416536004 505.55977404965995 440.67990281995685 chalk-brood 0
563.8518276739217 490.63771640805146 561.0326940305052 460.756995475533 525.6773391600872 464.09264024177605 528.4964728035036 493.9733611742944 chalk-brood 0
425.21823581173976 516.6345858026516 413.43407950271444 488.3733639997839 380.8321919601783 501.96745916843395 392.6163482692036 530.2286809713016 chalk-brood 0
424.14288720347247 556.8233830993433 404.8708778651418 526.9586238891901 380.4516357047905 542.7165899801824 399.7236450431211 572.5813491903357 chalk-brood 0
393.43290864988154 614.4060300038836 378.05249973389766 585.0278347956215 344.5712584926114 602.5563173199961 359.9516674085953 631.9345125282582 chalk-brood 0
528.3760412932594 559.8847887176328 455.6641745496702 559.2212438769923 455.08216415257164 622.9984897317893 527.7940308961607 623.6620345724298 chalk-brood 0
599.942383 498.38129800000013 587.1285462609391 477.10922012475487 558.3555312904548 494.44145811695375 571.1693680295157 515.7135359921991 chalk-brood 0
634.7785960878518 604.4565276079553 631.6820648349584 574.111143818509 595.0103333550842 577.8532339964768 598.1068646079776 608.198617785923 chalk-brood 0
598.7673833708409 611.8668317837571 582.0951723189835 587.584172939466 555.5860520599701 605.7850483292402 572.2582631118275 630.0677071735313 chalk-brood 0
630.1579860000002 551.6148000000001 615.0701400294857 539.4654156284264 600.1023086532365 558.0533808627694 615.1901546237509 570.202765234343 chalk-brood 0
636.9286391676369 357.76600803998895 619.0529803078609 334.1247953414437 590.9476649212271 355.37586382105656 608.823323781003 379.0170765196018 chalk-brood 0
601.6561441561978 300.72350109631407 587.6610665901583 275.2257321113153 555.730205306437 292.7517705925268 569.7252828724766 318.2495395775255 chalk-brood 0
528.572819 342.0950690000001 511.9254574095513 316.2975801831868 488.624654275454 331.33380707626213 505.27201586590274 357.1312958930754 chalk-brood 0
390.1150688917735 335.26152725709403 374.5020085513116 309.34249889570066 343.83929783403244 327.8130505674637 359.4523581744944 353.73207892885705 chalk-brood 0
313.2866764184664 309.43547040749286 305.87570200000005 279.71880500000003 278.176641685144 286.62661328178643 285.58761610361034 316.34327868927926 chalk-brood 0
30.658076932754447 275.7709697168009 30.123567981093224 245.1490789348394 2.8581060000000003 245.625001 3.3926149516612245 276.24689178196144 chalk-brood 0
28.82291128499051 205.1139447096139 2.5185323906416386 204.8078659663878 2.1284262111567993 238.33355496406062 28.43280510550567 238.63963370728672 chalk-brood 0
33.22546668326598 160.7417333963733 29.977270383946134 128.91004368939977 0.8764697006801629 131.8795722930265 4.124666000000005 163.71126200000003 chalk-brood 0
32.5250740304847 97.35005899440014 1.1126980000000124 95.625001 -0.4955734121761548 124.91075633248886 30.91680261830853 126.635814326889 chalk-brood 0
38.129249616829895 536.9436222896384 37.649283867591166 509.4464144810887 5.930751692636495 510.00006375217475 6.410717441875221 537.4972715607245 chalk-brood 0