556.503101 61.644888000000094 542.2117586451451 47.357736263187974 524.2618880882786 65.31287176388705 538.5532304431335 79.60002350069917 chalk-brood 0
587.2162815589397 123.15832031675824 587.012692745256 105.66187376344683 553.772469728291 106.04865730546419 553.9760585419747 123.54510385877559 chalk-brood 0
522.8917383000356 212.20221482087703 461.78525015242474 191.42364470477563 454.4683941836283 212.94136079576737 515.5748823312392 233.71993091186874 chalk-brood 0
423.2578958564593 121.9609796342294 394.7368280711197 112.55830430170775 389.39167180116374 128.77172855675562 417.91273958650333 138.17440388927727 chalk-brood 0
461.6910058399999 63.37308451130471 461.4728741723113 44.62689254673228 424.6384779956754 45.05549950229417 424.856609663364 63.8016914668666 chalk-brood 0
264.4809620055377 27.381673165358485 195.39902537279693 12.253538804296767 190.7566612195078 33.45268329954177 259.8385978522486 48.580817660603486 chalk-brood 0
184.85895267624915 291.77386429148805 150.55361244758637 291.37468553485684 150.1266911753287 328.0642118494637 184.43203140399146 328.4633906060949 chalk-brood 0
223.59177930379735 196.1348196660931 223.3736476146462 177.38862717294757 190.11160849058518 177.7756660226445 190.32974017973635 196.52185851579003 chalk-brood 0
322.9052127349448 246.22573333640503 322.7161652708724 229.9790331635273 287.1452694902242 230.39293799161914 287.33431695429664 246.6396381644969 chalk-brood 0
455.9702808219746 284.192486411679 454.44788322118745 266.6549990716606 421.9975302343264 269.47195560449086 423.51992783511355 287.00944294450926 chalk-brood 0
519.275617421498 382.477029390862 512.2006537898159 360.8356050556295 448.29040500647613 381.7289935327346 455.3653686381583 403.3704178679671 chalk-brood 0
638.2373116855207 302.48830526675374 637.329303 247.56674000000004 613.7837224371739 247.95601498793658 614.6917311226946 302.8775802546903 chalk-brood 0
385.9277752980704 450.47852217391716 385.7096436029216 431.7323291653267 352.4257913777074 432.1196218334244 352.64392307285624 450.8658148420148 chalk-brood 0
283.8948954073902 467.4992756170849 250.4970097195818 463.48907314756286 248.46115621361164 480.44412795745654 281.85904190142 484.4543304269786 chalk-brood 0
77.18856418024694 464.07035102024105 76.99951671688876 447.8236503385122 49.553252991128446 448.1430165063059 49.742300454486625 464.38971718803475 chalk-brood 0
145.37428899999998 538.896819 139.65691913849992 522.6356557844049 112.0076399677331 532.3570486101983 117.72500982923316 548.6182118257935 chalk-brood 0
349.3751295660558 604.6434429283116 349.1569986967063 585.8972504035534 315.9604037957266 586.28352628841 316.1785346650761 605.0297188131683 chalk-brood 0
611.7525306454331 564.9776812565656 581.0100257188086 558.663017628115 577.4552728314122 575.9690872121458 608.1977777580368 582.2837508405964 chalk-brood 0
637.1746854107678 525.0497533476246 636.992909 509.42792600000007 614.2516200457936 509.69254484325944 614.4333964565614 525.314372190884 chalk-brood 0
53.093595888809226 211.41543271871743 18.76391708839035 208.8012990268801 17.43842398158266 226.20811825382452 51.768102782001534 228.8222519456619 chalk-brood 0
55.68254264410085 48.34845507825597 22.429503482143396 47.96152095259502 22.225886339059443 65.46033634255575 55.478925501016874 65.84727046821669 chalk-brood 0
419.76305575535093 361.0571153481212 386.6563411869742 358.53610801787124 385.2046107463683 377.60071951291127 418.311325314745 380.12172684316124 chalk-brood 0
447.037019410048 323.287321899141 444.49225856055847 306.8789807659422 419.02345822830597 310.8289233861531 421.5682190777955 327.2372645193519 chalk-brood 0
594.3495733301377 387.33977808727195 594.0547070000001 361.9990429999999 545.5229976698624 362.56376091272796 545.817864 387.904496 american-foulbrood 0
638.607045 6.543631618447297e-14 429.831919 5.26525266945987e-14 429.831919 37.329705000000054 638.607045 37.32970500000007 capped-brood-cells 0
280.68025 263.8923740000001 179.9887992900085 263.30656769333785 179.30753799999997 380.40531999999996 279.9989887099915 380.9911263066623 capped-brood-cells 0
153.64342300000007 208.90381500000004 88.21989879332078 208.5231922859668 87.79672599999999 281.260458 153.22025020667928 281.64108071403325 capped-brood-cells 0
613.172524064533 632.821766180615 612.783822 599.4167859999998 399.1415179354668 601.9027388193849 399.53022 635.3077190000001 capped-brood-cells 0
103.66386827656486 443.38954437020163 103.28972899851496 411.23607487237615 -0.3741392780498858 412.44231250217456 0 444.59578200000004 capped-brood-cells 0
152.17466624613417 413.1894291090789 151.604752 364.211142 84.65821275386585 364.99013589092107 85.22812700000001 413.968423 empty-cells 0
324.0172444660388 228.63751278388665 323.5661309999999 189.86891699999998 259.30059653396114 190.61671421611328 259.75171 229.38530999999998 empty-cells 0
578.4343624344768 332.9451347964746 577.782219 276.900047 459.6374685655232 278.2747852035253 460.289612 334.3198729999999 empty-cells 0