536.709204 413.495262 352.82602165473963 412.42546081828937 352.13484000000005 531.229482 536.0180223452604 532.2992831817106 empty-cells 0
266.83615599999996 130.801156 108.40815695566496 129.87944883472127 107.86015700000002 224.072637 266.28815604433504 224.99434416527868 empty-cells 0
419.9147817850604 159.40980291031465 397.0578962649872 124.79496913999046 351.3419766096155 154.98212961982853 374.1988621296887 189.59696339015272 chalk-brood 0
165.7710214109144 353.4882907334089 92.76011321665638 353.06352543801944 92.4764842416462 401.81517553859754 165.48739243590418 402.2399408339871 chalk-brood 0
261.89340527912685 435.5992114062999 260.1942928360912 380.67156816399245 172.3474028343841 383.38899303557184 174.04651527741973 438.31663627787924 chalk-brood 0
432.1710108750346 321.2858757100599 343.1601026827158 320.76802508134824 342.8910187794314 367.0195912344423 431.9019269717502 367.53744186315396 chalk-brood 0
438.5426816236676 310.84000876343333 433.6431287231454 255.07802065303838 341.9009314356459 263.13899129006717 346.80048433616804 318.9009794004621 bee-larvae 0
611.087456928516 581.0942976005273 515.1092743463496 580.5359134715904 514.7892832211021 635.5377751866721 610.7674658032685 636.0961593156089 bee-larvae 0
525.5747161987881 543.0942596968108 426.58562541041715 542.5183588432274 426.25108935394024 600.0203053337117 525.2401801423111 600.5962061872951 bee-larvae 0
516.29992 607.763469 427.58237400000013 607.763469 427.58237400000013 640 516.29992 640 bee-larvae 0
166.82201000000006 597.070314 76.67655900000008 597.070314 76.67655900000008 640 166.82201000000006 640 bee-larvae 0
169.64744279005737 537.2732834781823 81.5819899124574 536.7609312541192 81.2619969412433 591.7627924818224 169.32744981884326 592.2751447058855 bee-larvae 0
257.1892723250186 569.0347016512117 165.2110897154398 568.499587914486 164.8910980513005 623.5014495707462 256.86928066087927 624.0365633074719 bee-larvae 0
177.17716871623676 414.0691419159107 90.65628071066199 408.64623429336757 87.18450801372364 464.0373413526005 173.7053960192984 469.4602489751436 bee-larvae 0
109.66670917279357 68.9799977193254 109.40588094736982 24.147461192479696 39.01792043265896 24.556966615427513 39.27874865808271 69.38950314227321 bee-larvae 0