556.503101 68.12499999999994 542.2117093701934 53.67062328722227 524.2618629206647 71.41807033406286 538.5532545504715 85.87244704684053 chalk-brood 0
587.078132 112.50000000000007 553.837909 112.50000000000006 553.837909 130.00000000000006 587.078132 130.00000000000006 chalk-brood 0
522.9705714882293 218.329114668439 461.8777934721928 196.84287316286935 454.36385460026486 218.20758692212627 515.4566326163014 239.69382842769593 chalk-brood 0
423.3276541933646 126.9184327570417 394.80411717551016 117.18238256483473 389.3083321475949 133.28328843438186 417.83186916544935 143.01933862658882 chalk-brood 0
461.5819399999999 50.00000000000006 424.769357 50.00000000000006 424.769357 68.75000000000006 461.5819399999999 68.75000000000006 chalk-brood 0
264.58814987038505 30.48597194126348 195.54900968243842 14.562788468860397 190.68363204112478 35.657909907868756 259.72277222907144 51.58109338027184 chalk-brood 0
184.7375780000001 293.75 150.19748300000006 293.75 150.19748300000006 330 184.7375780000001 330 chalk-brood 0
223.424545 180 190.177048 180 190.177048 198.75 223.424545 198.75 chalk-brood 0
322.810689 233.75000000000006 287.210709 233.75000000000006 287.210709 250.00000000000006 322.810689 250.00000000000006 chalk-brood 0
455.911279298862 289.5222162530711 454.59030073810146 271.9506841382108 422.04025543042223 274.39770536107073 423.3612339911827 291.96923747593104 chalk-brood 0
519.2010244122794 388.56917108266475 512.3306588952286 366.77944164724227 448.37778547162645 386.94396996724754 455.24815098867725 408.73369940266997 chalk-brood 0
638.2347939950957 309.7835261952336 637.329303 255.00000000000003 613.7882478445714 255.38909896712983 614.6937388396672 310.17262516236343 chalk-brood 0
385.760541 436.25 352.505773 436.25 352.505773 455 385.760541 455 chalk-brood 0
283.9348642638027 470.8398305593857 250.63603173974997 466.4537578369552 248.40902302375548 483.36109042272517 281.7078555478082 487.7471631451557 chalk-brood 0
77.03587200000005 448.75 49.68413200000006 448.75 49.68413200000006 465 77.03587200000005 465 chalk-brood 0
145.374289 540.625 139.8055819969972 524.2456604378527 112.04226841995268 533.6847320290142 117.61097542295548 550.0640715911615 chalk-brood 0
349.23698000000013 590 316.0113010000001 590 316.0113010000001 608.75 349.23698000000013 608.75 chalk-brood 0
611.816445431077 572.1486713490325 581.0784520992909 565.4768134949629 577.3394743546864 582.7027010206162 608.0774676864725 589.3745588746858 chalk-brood 0
636.992909 516.875 614.375228 516.875 614.375228 532.5 636.992909 532.5 chalk-brood 0
53.220887107001815 212.0587622614425 18.904294384079975 209.04611138982182 17.378942137736924 226.42113890789278 51.69553486065877 229.4337897795134 chalk-brood 0
55.590899 48.75 22.37249200000001 48.75 22.37249200000001 66.25 55.59089900000001 66.25 chalk-brood 0
419.8165894695631 365.9709747297759 386.7289091042053 363.066210177636 385.0582853364126 382.0960021787712 418.1459657017705 385.0007667309111 chalk-brood 0
446.94941893739144 328.5238758209256 444.58726193574205 312.0586135087028 419.154241906582 315.70731252094816 421.5163989082313 332.17257483317087 chalk-brood 0
594.054707 368.9364710000001 545.817864 368.9364710000001 545.817864 394.2823530000001 594.054707 394.2823530000001 american-foulbrood 0
638.639328 1.8823530000000654 429.831919 1.8823530000000526 429.831919 42.33411800000007 638.639328 42.334118000000075 capped-brood-cells 0
280.68025000000006 267.17647100000005 179.9819823555205 266.5906250335337 179.30753800000002 382.517647 280.0058056444796 383.1034929664663 capped-brood-cells 0
153.64342300000004 210.705882 88.21546954683627 210.32523351737916 87.79672599999999 282.30117600000005 153.22467945316376 282.6818244826209 capped-brood-cells 0
612.783822 606.588235 399.5302200000001 606.588235 399.5302200000001 640 612.783822 640 capped-brood-cells 0
103.28972900000005 412.4658820000001 5.051250221487899e-14 412.4658820000001 5.2481734267907934e-14 444.625882 103.28972900000005 444.625882 capped-brood-cells 0
151.60475200000005 366 85.22812700000006 366 85.22812700000006 414.98823500000003 151.60475200000005 414.98823500000003 empty-cells 0
323.566131 193.64705900000007 259.75171 193.64705900000007 259.75171 232.4235290000001 323.566131 232.4235290000001 empty-cells 0
577.782219 283.64235300000007 460.289612 283.642353 460.289612 339.69882400000006 577.782219 339.6988240000001 empty-cells 0