606.6722853377595 489.6813174280394 479.11470303844885 474.74483751153844 470.51434527623553 548.1919180278184 598.0719275755462 563.1283979443192 queen-cell 0
395.331773101293 479.5457178451162 391.467578 258.16614599999997 276.98172489870694 260.16450415488373 280.8459199999999 481.544076 empty-cells 0
501.09953099999996 346.783504 492.4944370442017 299.1100453199688 395.37820100496265 316.63959653965367 403.98329496076093 364.313055219685 queen-cell 0
397.36266086947916 192.49695534906488 294.1495769705039 190.35325791431995 293.0877398445593 241.47776951322794 396.30082374353447 243.6214669479729 queen-cell 0
517.1551974324447 126.39767676552273 516.1200832128817 81.92493488488188 426.9760474665506 83.99978467125025 428.01116168611367 128.47252655189112 queen-cell 0
329.3190550596204 148.29103195259668 328.62649244880413 108.61412386175087 269.23901871157756 109.65073547894285 269.93158132239375 149.32764356978868 capped-brood-cells 0
116.89955443594829 466.96794524745263 115.632114 412.513543 22.251389564051706 414.6870037525474 23.518830000000005 469.141406 capped-brood-cells 0
275.27479062284215 481.79734897490874 274.541009 450.271116 236.71635737715778 451.1514950250912 237.45013899999998 482.677728 capped-brood-cells 0
176.6322298197469 566.5236661274059 175.858769 533.292645 137.23244718025308 534.191682872594 138.005908 567.422704 capped-brood-cells 0
635.6543088570886 154.939536690137 632.9127460731161 -2.1244793136337705 511.20141600000005 0 513.9429787839725 157.06401600377077 empty-cells 0
505.09917653134085 83.9242418537356 503.157187 0.4884359999999983 383.21610246865924 3.2800951462643813 385.158092 86.715901 empty-cells 0
261.37514103450775 86.18555755680089 259.5757669999999 8.877107000000002 -0.18946403450779592 14.92320944319912 1.6099100000000002 92.23166 empty-cells 0
391.80142264532554 622.2660882782906 388.6937789999999 488.74903199999994 220.13143335467436 492.67236372170936 223.239077 626.1894199999999 empty-cells 0
642.5101523984742 427.059664564594 640 319.213264 496.154678601526 322.561300435406 498.66483100000005 430.40770100000003 empty-cells 0
175.3963417360639 379.9252899543841 173.600993 302.7897899999999 53.13573626393607 305.5936500456159 54.931084999999996 382.72915 empty-cells 0