158.7646584969096 164.28942331345615 129.82810268041078 40.66769063892076 54.13006322979504 58.38658598500966 83.06661904629385 182.00831865954507 queen-cell 0
372.830888 253.19587600000003 152.11737500000007 253.195876 152.11737500000007 367.6701029999999 372.830888 367.6701029999999 empty-cells 0
321.90256111152235 147.6641380832741 275.32353210251284 144.7566948620721 269.02232129334607 245.70596841339562 315.6013503023556 248.61341163459764 queen-cell 0
442.87774557380817 349.23049250755554 438.327791857837 245.96528658343203 387.2618143155653 248.21529743848117 391.8117680315365 351.4805033626047 queen-cell 0
546.100386 125.36082500000006 501.621622 125.36082500000006 501.621622 214.43299000000002 546.100386 214.43299000000002 queen-cell 0
523.861004 313.4020620000001 484.258684 313.4020620000001 484.258684 372.7835050000001 523.861004 372.7835050000001 capped-brood-cells 0
224.96370700000006 531.612371 170.50193100000007 531.612371 170.50193100000007 624.676289 224.96370700000006 624.676289 capped-brood-cells 0
183.52432400000004 373.426804 151.99382200000005 373.426804 151.99382200000005 411.068041 183.52432400000004 411.068041 capped-brood-cells 0
102.83243200000004 473.517526 69.59691100000006 473.517526 69.59691100000006 511.950515 102.83243200000004 511.950515 capped-brood-cells 0
630.548263 7.307216000000068 471.042471 7.307216000000057 471.042471 129.00618600000007 630.548263 129.00618600000007 empty-cells 0
627.805405 137.05567000000005 544.358301 137.05567000000005 544.358301 256.51134000000013 627.805405 256.51134000000013 empty-cells 0
625.087259 380.6845360000001 547.76834 380.6845360000001 547.76834 640 625.087259 640 empty-cells 0
142.40617800000007 259.991753 8.871042000000031 259.991753 8.871042000000042 427.77732000000003 142.40617800000007 427.77732000000003 empty-cells 0
306.026255 3.0872825699009176e-14 198.165251 2.4268244033938185e-14 198.165251 149.04742300000004 306.026255 149.04742300000007 empty-cells 0
333.29420800000014 471.752577 256.1482630000001 471.752577 256.1482630000001 591.769072 333.29420800000014 591.769072 empty-cells 0