306.47087200000004 495.6000000000001 305.0088225850207 244.29493377163573 129.796975 245.31428600000004 131.2590244149793 496.61935222836433 capped-brood-cells 0
439.0441090000001 394.285714 437.9189744473982 200.891470281523 306.310985 201.65714299999996 307.4361195526019 395.051386718477 capped-brood-cells 0
128.910876 425.47142900000006 127.93194521890013 257.20752917123735 28.550420000000003 257.78571400000004 29.529350781099893 426.04961382876274 capped-brood-cells 0
562.466379 200.61428600000005 447.91558399999997 200.61428600000005 447.91558399999997 274.81428600000004 562.466379 274.8142860000001 capped-brood-cells 0
488.4129950043873 487.9359769847695 468.8569377928259 454.6309569445525 409.43072133401324 489.52487046064823 428.9867785455747 522.8298905008653 capped-drone-cells 0
230.45814519358282 605.8479830090489 196.44257157485868 592.5001227929112 180.76388395701244 632.4555571677064 214.77945757573656 645.8034173838441 capped-drone-cells 0
426.96384270738747 590.2563452046618 376.2746731555213 585.1677725955981 371.0528510628295 637.1842899495365 421.74202061469566 642.2728625586001 capped-drone-cells 0
352.37676437615954 599.1509259962119 347.9555859830692 573.1952214883518 324.779941 577.142857 329.2011193930903 603.0985615078602 capped-drone-cells 0
344.2432541467797 544.1571965319363 306.4580959324012 525.2355628772565 284.21682778562155 569.6497953453203 322.0019860000001 588.5714290000001 capped-drone-cells 0
318.4171707796345 588.636415965554 285.6370808650281 577.9581621282825 275.37394508539364 609.4639231627285 308.15403500000014 620.142177 capped-drone-cells 0
134.2686520000001 588.571429 110.71002320569823 583.4965073111615 105.17073720569823 609.2107923111615 128.72936600000008 614.285714 capped-drone-cells 0
100.58811354817624 565.8120984729684 66.16922037973217 564.8306455445885 65.34374984093813 593.7793413677783 99.7626430093822 594.7607942961582 capped-drone-cells 0
83.63312654979029 462.08980394013815 67.96544500000005 437.14285700000005 43.99714345020979 452.19591005986194 59.664825000000036 477.14285700000005 capped-drone-cells 0
282.763566 120.00000000000003 225.87467699999996 120.00000000000003 225.87467699999996 214.28571400000004 282.763566 214.28571400000007 swarm-cells 0
219.96500015702287 128.00685694672308 170.32288552758473 121.63529909769059 158.2053114778829 216.0458050145985 207.84742610732104 222.417362863631 swarm-cells 0
180.34570977126108 226.17856872127612 172.61097836232412 125.63473692665289 117.67261608153265 129.86108745163378 125.40734749046963 230.40491924625698 swarm-cells 0
442.6499602166072 74.4423844926477 377.229952576105 74.06177522415511 376.38225390576565 219.76619726852476 441.80226154626786 220.14680653701734 swarm-cells 0
606.764275 82.85714300000006 538.431119 82.85714300000006 538.431119 168.57142900000008 606.764275 168.57142900000008 swarm-cells 0