179.92368700763427 77.46302541684409 51.76856240751537 65.50201654840113 45.030550240536314 137.69582547488235 173.18567484065522 149.65683434332533 queen-cell 0
374.17789002265226 366.4131832977449 370.325322 145.699669 255.8510949773478 147.69782370225514 259.70366299999995 368.4113380000001 empty-cells 0
254.12225405372027 311.26178666461374 250.40177033665918 264.73350705994403 149.56248540853963 272.79679503884233 153.28296912560072 319.32507464351204 queen-cell 0
359.41280612504556 388.4373405959727 255.555102992781 382.47867063326214 252.66121094715885 432.9182792794718 356.51891407942344 438.8769492421824 queen-cell 0
223.9652074371187 542.3574443468124 223.18882756840878 497.8786799698517 134.1166624946249 499.4334406920608 134.89304236333479 543.9122050690214 queen-cell 0
381.9275330533819 517.3540435019775 381.2362716111735 477.7517229454651 321.854828478071 478.7882304390609 322.5460899202794 518.3905509955733 capped-brood-cells 0
628.603045 214.05994200000004 627.6524110064871 159.5981659998868 534.5884930000001 161.222603 535.5391269935129 215.68437900011327 capped-brood-cells 0
414.27146999999997 176.34910500000004 413.7211032378293 144.8186029958487 376.0798659999999 145.475633 376.63023276217064 177.00613500415133 capped-brood-cells 0
513.745462 93.89630300000002 513.1653340983164 60.66078199828388 474.732345 61.331631999999985 475.31247290168375 94.56715300171612 capped-brood-cells 0
140.01244700000004 628.296452 137.22826299202933 468.7906595433584 15.529293 470.91492300000004 18.313477007970707 630.4207154566417 empty-cells 0
267.46972400000004 623.327983 266.01314971383175 539.8808789875401 146.55747900000003 541.965985 148.0140532861683 625.41308901246 empty-cells 0
641.3496070191899 614.0829105170296 639.9999999915781 536.7639915175114 390.24586797238817 541.1234670004819 391.59547499999996 618.4423860000002 empty-cells 0
430.26302949598454 134.9392969913426 427.93216500000005 1.4041609999999993 260.1465975040156 4.332869008657401 262.47746200000006 137.868005 empty-cells 0
154.389131 303.42462300000005 152.5064104944534 195.56361899136928 3.4589869999999987 198.16525099999996 5.3417075055466015 306.02625500863076 empty-cells 0
597.586744663408 322.9648399884202 596.2401570000001 245.818895 476.22366133659204 247.91379101157983 477.570249 325.059736 empty-cells 0