71.36090700000001 4.369595317090098e-15 0 0 1.4464192024335348e-14 236.218182 71.36090700000003 236.218182 capped-brood-cells 0
300.192635 3.1957106237493556e-14 221.706516 2.7151217516951146e-14 221.706516 169.711888 300.192635 169.71188800000004 capped-brood-cells 0
418.23002799999995 0.02237800000004418 303.283853 0.022378000000037142 303.283853 208.08951000000005 418.23002799999995 208.08951000000005 capped-brood-cells 0
560.081586 49.20839200000007 471.641926 49.20839200000006 471.641926 428.0615380000001 560.081586 428.0615380000001 capped-drone-cells 0
146.74200141593565 309.3798786949558 96.90888528074706 308.2583591762042 92.44601827695 506.55947295769414 142.2791344121386 507.6809924764457 swarm-cells 0
345.06031821164913 329.89391549996753 295.7081462404349 324.89578493534225 275.0331523305159 529.0432840358638 324.38532430173007 534.0414146004891 swarm-cells 0
424.65438988014637 436.87694255733277 372.88235615918063 433.4942317076509 361.917660015605 601.3077527890445 413.6896937365708 604.6904636387263 swarm-cells 0
536.3511918247491 422.9885236817018 484.06752746425644 419.06628878899585 473.373618306304 561.6168428508552 525.6572826667966 565.5390777435612 swarm-cells 0
418.121246 245.54965000000007 363.911615 245.54965000000007 363.911615 361.0629369999999 418.121246 361.0629369999999 empty-cells 0
459.2045330000001 171.14405600000003 435.1637390000001 171.14405600000003 435.1637390000001 302.903497 459.2045330000001 302.903497 empty-cells 0
484.95863999999995 44.33007000000005 443.385836 44.33007000000005 443.385836 106.67412600000006 484.95863999999995 106.67412600000006 empty-cells 0
200.63909300000003 191.440559 76.86345600000003 191.440559 76.86345600000003 240.626573 200.63909300000006 240.626573 empty-cells 0
190.22322900000006 274.304895 163.86175600000007 274.304895 163.86175600000007 312.346853 190.22322900000006 312.346853 empty-cells 0
293.212465 206.65734300000003 263.895751 206.65734300000003 263.895751 263.630769 293.212465 263.630769 empty-cells 0
367.691785 267.569231 305.667989 267.569231 305.667989 312.369231 367.691785 312.369231 empty-cells 0
30.45892400000005 360.525874 4.4151685760390195e-14 360.525874 5.137281989782636e-14 478.45594399999993 30.45892400000006 478.45594399999993 empty-cells 0