511.630222 144.40000000000006 336.412444 144.40000000000006 336.412444 394.6857140000001 511.630222 394.6857140000002 capped-brood-cells 0
334.862222 245.71428600000002 203.24977800000005 245.71428599999996 203.24977800000005 438.342857 334.862222 438.342857 capped-brood-cells 0
612.949333 214.52857100000006 513.564444 214.52857100000006 513.564444 382.21428600000013 612.949333 382.21428600000013 capped-brood-cells 0
193.25155600000005 365.18571399999996 79.13244400000006 365.18571399999996 79.13244400000006 439.385714 193.25155600000005 439.385714 capped-brood-cells 0
233.49989163783692 148.91614858688638 212.92450965725146 115.94211358483011 153.73960403942843 152.8727482643793 174.31498602001392 185.84678326643558 capped-drone-cells 0
452.266667 5.381914470735058e-14 415.288889 5.1554908833986505e-14 415.288889 42.85714300000006 452.266667 42.85714300000006 capped-drone-cells 0
270.222222 3.013175414049136e-14 219.022222 2.6996658334674136e-14 219.022222 54.28571400000003 270.222222 54.28571400000003 capped-drone-cells 0
318.57777799999997 62.85714300000002 312.65791921782517 36.098852971058534 290.28310064043325 41.048936332576744 296.20295942260805 67.80722636151823 capped-drone-cells 0
358.9346525503886 72.17618862030875 321.422222 51.428571000000034 297.5193712513367 94.64577526290543 335.0318018017253 115.39339288321416 capped-drone-cells 0
368.17575010855546 30.913238710544746 335.4538470000001 19.857823000000053 324.9027656238611 51.086993527816574 357.62466873241647 62.14240923836128 capped-drone-cells 0
538.1522889659448 32.34407314202353 514.844444 25.714286000000087 507.65182331983067 51.00084258484226 530.9596682857754 57.630629726865706 capped-drone-cells 0
579.2135200399267 54.646810714193066 550.8377788432265 41.205963707251186 537.1780377687558 70.04382469495005 565.553778965456 83.48467170189193 capped-drone-cells 0
599.1572991849389 185.22196383270102 583.1111109999999 162.85714300000006 558.531589815061 180.4923221672991 574.5777779999999 202.8571430000001 capped-drone-cells 0
415.288889 425.714286 358.4 425.714286 358.40000000000003 520 415.28888900000004 520 swarm-cells 0
478.00681886623056 420.7227260301131 429.0564493171442 419.34830887668556 426.37872561573965 514.7164177563081 475.32909516482596 516.0908349097357 swarm-cells 0
525.2271325089014 508.86057788312206 511.639676678978 408.77440357026154 456.2880962184762 416.2887996373203 469.87555204839964 516.3749739501809 swarm-cells 0
267.1318709515371 424.02211657766577 202.29254473329664 417.87438774949305 188.59976742715745 562.2903955795541 253.43909364539792 568.4381244077268 swarm-cells 0
102.40000000000006 471.42857100000003 34.13333300000006 471.42857100000003 34.133333000000064 557.142857 102.40000000000006 557.142857 swarm-cells 0