630.4894773467711 636.2669272187501 630.0743679999999 564.9156819999998 392.1954666532289 566.2996207812497 392.61057600000004 637.650866 capped-brood-cells 0
634.5251971146894 414.55944651664566 634.06864 336.083954 462.53021488531056 337.0819354833544 462.986772 415.5574280000001 capped-brood-cells 0
636.7752596509673 332.97730307667166 636.1066129999999 218.04669099999998 425.3644413490326 219.2727529233283 426.033088 334.20336499999996 capped-brood-cells 0
589.9110841974135 164.90897487603343 589.3966270000001 76.48128900000002 208.4853038025866 78.6973661239666 208.99976100000003 167.12505200000004 capped-drone-cells 0
322.55488960733896 541.5787693889849 321.7308300772264 492.21685079591384 123.26987122611911 495.5300049268295 124.0939307562318 544.8919235199006 swarm-cells 0
308.95568931505346 343.1311814313741 305.38745723512324 294.50046327601734 100.20077000290641 309.5558387162414 103.76900208283669 358.1865568715982 swarm-cells 0
201.53511558336157 266.9714988072692 200.77723782478984 214.49499171178627 31.480130541016575 216.94001938802705 32.23800829958829 269.41652648351 swarm-cells 0
218.52763934627285 154.84792050860563 214.7952000443523 102.6022267212779 72.08606670840767 112.79738615727518 75.8185060103282 165.04307994460288 swarm-cells 0
390.8927818733433 273.786200379848 390.5774420000001 219.583909 273.80258212665683 220.26328562015195 274.117922 274.465577 empty-cells 0
465.8399933105562 202.10528204460428 465.700147 178.06774300000004 333.3812266894438 178.83755195539575 333.521073 202.875091 empty-cells 0
593.205503680089 193.14302932881964 592.9636729999999 151.575854 529.6521303199108 151.94418967118037 529.893961 193.511365 empty-cells 0
440.8903680000001 436.75126500000005 391.7243287316754 435.8930685050655 389.54384200000004 560.813057 438.7098812683247 561.6712534949345 empty-cells 0
357.99756804995 474.0071228309033 357.844222 447.64921899999996 319.18877695005 447.8741101690966 319.34212299999996 474.23201399999994 empty-cells 0
427.4599947163339 373.57916571381 427.2894580000001 344.2664209999999 369.63377028366614 344.6018522861899 369.804307 373.91459699999996 empty-cells 0
367.6776110000002 270.1414760000001 322.8958045483769 269.35980693967826 321.79498200000006 332.42591100000004 366.5767884516233 333.2075800603219 empty-cells 0
269.01172782387357 638.369943067732 268.834547 607.9151429999998 150.19563317612636 608.6053639322678 150.37281399999998 639.060164 empty-cells 0