640 328.98064500000004 371.76748799999996 328.980645 371.76748800000007 640 640 640 capped-brood-cells 0
395.0029560000001 487.17419399999994 226.45911300000006 487.17419399999994 226.45911300000006 640 395.0029560000001 640 capped-brood-cells 0
640 204.43871000000004 481.418719 204.43871000000004 481.418719 337.1870970000001 640 337.1870970000001 capped-brood-cells 0
302.959606 12.567742000000022 64.70936 12.567742000000008 64.70936000000002 168.38709700000004 302.959606 168.38709700000007 empty-cells 0
355.562562 285.212903 101.70640400000003 285.212903 101.70640400000005 374.864516 355.562562 374.864516 empty-cells 0
618.57734 23.78064500000007 517.028571 23.780645000000064 517.028571 205.17419400000006 618.57734 205.17419400000006 empty-cells 0
203.22364500000006 555.612903 12.610837000000068 555.612903 12.610837000000073 640 203.22364500000006 640 empty-cells 0
283.22364500000003 360.387097 190.81773400000006 360.387097 190.81773400000006 479.92258100000004 283.2236450000001 479.92258100000004 empty-cells 0
66.20689700000005 450.141935 5.512648798597459e-14 450.141935 6.195290627480992e-14 561.625806 66.20689700000005 561.625806 empty-cells 0
490.34088699999995 5.83225800000005 319.653202 5.832258000000039 319.653202 66.01290300000004 490.34088699999995 66.01290300000005 empty-cells 0
503.8215968037465 100.61973064339952 432.86341624023544 48.60703412320174 332.1851400954016 185.95710007746322 403.14332065891267 237.969796597661 queen-cell 0
186.0285050127232 414.8063614127942 93.06652732211481 406.7964786049486 79.96287745889836 558.8762574822028 172.92485514950675 566.8861402900484 queen-cell 0