314.1826400222645 264.6129838518518 311.0614719742943 -3.619528147589926 -4.797015827639718e-8 5.581833617122211e-10 3.121168 268.23251199999993 capped-brood-cells 0
157.65848506948976 411.76235709428295 155.676605 241.439984 2.830103930510238 243.21851390571697 4.811983999999989 413.540887 capped-brood-cells 0
437.4245262655356 149.98835572959743 435.66127773974347 -1.544876275920469 302.894914 -4.440892098500626e-16 304.65816252579214 151.5332320055179 capped-brood-cells 0
634.1474714484935 562.5003598670803 631.3540779999998 322.4367460000001 475.5136225515063 324.2501141329197 478.3070159999999 564.313728 empty-cells 0
361.06285026429407 531.0791667120067 358.096826 276.179677 268.43307273570593 277.22300928799336 271.3990969999999 532.122499 empty-cells 0
618.8315640340066 108.60126877174335 616.46863 7.0799949999999985 433.8937739659932 11.329472228256655 436.2567079999999 112.85074599999999 empty-cells 0
91.69885836384977 626.4070971806505 89.46944999999998 434.8122239999999 5.070925636150215 435.7942898193496 7.300334 627.389163 empty-cells 0
285.9145616732791 442.6491832620952 283.7643719999999 350.268292 163.15393832672086 353.0755317379046 165.304128 445.4564229999999 empty-cells 0
198.07531745727937 635.5630778967362 196.53475199999997 569.374107 84.28070254272066 571.9868491032639 85.821268 638.1758200000002 empty-cells 0
637.9034634260564 306.2867399801063 635.909183 134.89869500000003 575.7203885739435 135.5990550198938 577.714669 306.98710000000005 empty-cells 0
592.7828522766365 198.55815328800736 544.1808701124819 124.9220406951066 401.88208918170744 218.84338674733158 450.484071345862 292.47949934023234 queen-cell 0
240.05441012678352 541.5443791539903 230.34531235607324 448.9176271591034 78.15570722705698 464.8700785196453 87.86480499776728 557.4968305145322 queen-cell 0