314.1398891201265 5.483332125321773 0 0 -4.681065120126509 268.1780428746783 309.458824 273.6613750000001 capped-brood-cells 0
151.41070498538812 245.90280625732746 2.9753977059954195e-14 245.02192400000007 -0.9908099853880319 415.3275887426727 150.41989500000008 416.20847100000003 capped-brood-cells 0
435.5702772221691 6.057978889689675 302.812903 5.285619000000037 301.88131677783093 165.41167211031046 434.63869100000005 166.18403200000012 capped-brood-cells 0
625.4819631501598 346.17901961087557 469.652059 345.272428 468.25541084984036 585.3359193891246 624.0853150000002 586.2425110000001 empty-cells 0
353.13835752011744 289.58700816509224 263.48067500000013 289.06539500000014 261.99771347988275 543.964814834908 351.655396 544.4864280000002 empty-cells 0
617.276108314202 32.199430173677726 434.701173 29.012573000000053 432.928992685798 130.54072082632243 615.5039280000001 133.7275780000001 empty-cells 0
81.8515480679471 437.29690842935526 5.3290705182007514e-14 436.82071 -1.1144940679469841 628.3859465706448 80.73705400000007 628.8621450000002 empty-cells 0
278.61226014932 361.6757805582548 158.00175500000003 359.570517 156.38913185068017 451.95766344174524 276.9996370000001 454.06292700000006 empty-cells 0
186.52738158373177 575.8097676407533 75.03596300000005 575.16113 74.65874175553802 639.9999999985777 186.15016033926975 640.648637639331 empty-cells 0
633.3011252994073 160.0282394886041 573.116406 159.67809500000007 572.1192997005927 331.06609251139605 632.304019 331.41623700000014 empty-cells 0
589.2718571590233 220.67307935485564 540.6179956261662 146.24815875329068 399.2713116250823 238.65083699508142 447.9251731579393 313.0757575966464 queen-cell 0
230.00404275806574 550.7857657545845 222.51860323637942 457.47961935385155 70.50268699964116 469.6750211705414 77.98812652132744 562.9811675712745 queen-cell 0