403.0414294574881 289.69808906458553 396.92641699999996 114.58704899999995 143.5841285425119 123.43395693541451 149.699141 298.5449970000001 capped-brood-cells 0
448.26226510530137 421.3627772261538 443.66905700000007 289.83050799999995 248.7445808946987 296.6374207738461 253.33778899999996 428.16968999999995 capped-brood-cells 0
386.1549394877232 113.027796427925 382.6864569999999 13.703450000000004 213.26702951227674 19.619706572074996 216.73551199999997 118.944053 capped-brood-cells 0
449.1983080918061 546.8194291328731 447.183737 431.404757 372.9611229081939 432.70031786712696 374.975694 548.1149899999999 capped-brood-cells 0
194.00301248621884 459.23729348707434 156.12142544024675 401.46727470037376 123.3505017355349 422.9561823547147 161.232088781507 480.7262011414153 capped-drone-cells 0
46.721824736380384 186.69592378012214 3.606041584302449 185.94333438738403 2.9557621843090907 223.19778664104967 46.071545336387025 223.95037603378773 capped-drone-cells 0
61.31303033161463 371.29008126704804 9.249516332187124 366.9843628349497 5.0349139273433465 417.94612793106444 57.09842792677085 422.25184636316277 capped-drone-cells 0
72.60904021738797 342.56408351304486 68.467589 319.2272019999999 42.501437564344215 323.8352533976969 46.64288878173218 347.1721349107419 capped-drone-cells 0
119.96913472234341 299.58615163301243 75.31683043669061 278.3128371143428 56.989367000000044 316.781853 101.64167128565285 338.0551675186696 capped-drone-cells 0
63.86380099281686 277.22396495602095 26.14958302529893 275.90695542240235 24.950352789282526 310.24841564713773 62.66457075680046 311.56542518075634 capped-drone-cells 0
59.20055965669604 106.94505136623806 33.76546383112758 100.62974762904282 27.898884000000017 124.25759300000001 53.33397982556848 130.57289673719526 capped-drone-cells 0
76.26474982010205 60.460279980225486 47.30243219263568 60.14014184380193 46.92170327476107 94.58399777622043 75.88402090222745 94.90413591264398 capped-drone-cells 0
203.99909199999996 58.338294000000005 186.02108601516136 34.488973516536035 163.850142 51.20179200000001 181.82814798483864 75.05111248346398 capped-drone-cells 0
524.9397271286579 264.8380327194727 523.9467296456507 207.94914369299357 429.6322798467521 209.59540560571824 430.62527732975934 266.4842946321974 swarm-cells 0
518.8516396322747 147.24632018547732 423.45796258596704 146.59385995343195 423.1216526563552 195.76442888188944 518.5153297026627 196.41688911393481 swarm-cells 0
517.8008392160948 153.87180247459187 511.98850101449233 99.12296144835577 411.48884006554823 109.79237485752222 417.3011782671507 164.54121588375835 swarm-cells 0
574.6884383621282 366.68088399861335 429.79647135466723 358.0170559175441 425.9025492780146 423.1381575576812 570.7945162854755 431.80198563875035 swarm-cells 0
567.7400647212771 587.6579872609934 566.5449897048566 519.1917721795112 480.8045793574541 520.688367575969 481.9996543738747 589.1545826574512 swarm-cells 0