239.941593 638.6257230000001 239.52642744262226 567.2648159974249 3.3082449999999994 568.6390929999999 3.7234105573776946 640.0000000025751 capped-brood-cells 0
172.145448 417.30612900000006 171.6888290622294 338.82000999963805 1.9769410000000005 339.80736500000006 2.4335599377705797 418.2934840003621 capped-brood-cells 0
210.04846719338798 335.5055179988749 209.37973 220.55934299999996 1.3125978066120325 221.76984200112508 1.9813349999999996 336.71601699999997 capped-brood-cells 0
429.041017 165.86768500000008 428.5264901391705 77.42802499919034 49.673344 79.63212799999998 50.18787086082951 168.0717880008097 capped-drone-cells 0
510.47560353493793 537.2957416124134 509.1154885976646 489.2810267009697 311.20913749637236 494.88712859724467 312.5692524336458 542.9018435086883 swarm-cells 0
535.8776070693542 312.5077135449086 331.60982427756926 293.02041471537547 326.89881616919024 342.4016650071975 531.1665989609752 361.8889638367307 swarm-cells 0
606.0070985275348 222.7923202605339 438.12978694827984 212.80393455881796 435.0482769740725 264.59564800713974 602.9255885533275 274.5840337088557 swarm-cells 0
566.2043041563779 111.05250703254913 423.59153462151835 101.18793307050856 419.9734773126872 153.4944163645452 562.5862468475466 163.3589903265858 swarm-cells 0
362.66917257400735 273.9877819966605 362.35379 219.77815099999992 246.8405024259927 220.4501880033395 247.155885 274.659819 empty-cells 0
304.09520000000003 203.07402 303.9553347526419 179.03322599562125 172.195893 179.79978 172.33575824735817 203.84057400437877 empty-cells 0
107.817994 195.99355200000002 107.57613057325025 154.42074799666494 45.23207399999998 154.783455 45.473937426749735 196.35625900333508 empty-cells 0
243.90280600000006 561.73662 243.18269999405945 437.9609819788987 193.99668600000007 438.24713800000006 194.7167920059406 562.0227760211013 empty-cells 0
315.11694481477485 474.32106299525975 314.963578 447.9595899999999 276.92161918522515 448.18091200474015 277.074986 474.542385 empty-cells 0
265.81888 374.57048999999995 265.648320191007 345.2537759988887 208.67489400000005 345.585238 208.845453808993 374.9019520011112 empty-cells 0
314.31431800084096 332.51470014454674 313.953474 270.490904 269.1534739991591 270.7515428554532 269.514318 332.7753389999999 empty-cells 0
482.179355 637.216425 482.0021501837868 606.7575009989307 364.07208000000014 607.443598 364.2492848162133 637.9025220010692 empty-cells 0