401.48000000000013 422.933333 370.19999999999993 422.933333 370.20000000000005 471.104 401.48000000000013 471.104 american-foulbrood 0
443.9620000000001 421.226667 409.54200000000003 421.226667 409.54200000000003 467.2 443.9620000000001 467.2 american-foulbrood 0
109.89600000000007 526.856 60.25600000000007 526.856 60.25600000000007 592.706667 109.89600000000009 592.706667 american-foulbrood 0
225.08000000000004 61.13600000000004 183.888 61.13600000000004 183.888 141.914667 225.08000000000004 141.914667 american-foulbrood 0
346.988 133.15733300000005 260.708 133.15733300000005 260.708 287.909333 346.988 287.909333 american-foulbrood 0
103.174 6.722667000000011 67.458 6.722667000000008 67.458 63.79466700000001 103.174 63.79466700000001 american-foulbrood 0
376.6880000000001 521.6 314.2000000000001 521.6 314.2000000000001 632.213333 376.6880000000001 632.213333 american-foulbrood 0
251.12000000000006 357.6 55.200000000000045 357.6 55.20000000000006 544.725333 251.12000000000006 544.725333 american-foulbrood 0
637.424 12.266667000000073 552.2 12.266667000000066 552.2 640 637.424 640 american-foulbrood 0
446.25 325 407.5 325 407.5 375 446.25 375 chalk-brood 0
96.07500000000003 271.06666700000005 70.47499984 251.86666688000003 45.32500000000003 285.4 70.92500016000007 304.60000012 chalk-brood 0
261.25 146.66666700000005 225 146.66666700000002 225 195.00000000000003 261.25 195.00000000000006 chalk-brood 0
486.21455550336435 179.96256687460263 483.1982419327792 132.45566614340493 445.0254068394855 134.879340151758 448.0417204100707 182.3862408829557 bee-larvae 0
558.8953524138772 296.48655104257585 527.2479769555176 271.66507959841346 506.8718759110212 297.6446079105558 538.5192513693808 322.4660793547182 bee-larvae 0
513.75 368.33333300000004 478.75 368.33333300000004 478.75 415.0000000000001 513.75 415.0000000000001 bee-larvae 0