217.97605195707175 395.1375446050944 217.066667 363.8840049999999 167.98661504292824 365.3120883949055 168.896 396.56562800000006 american-foulbrood 0
219.77400597713626 437.56722937638176 218.773333 403.17634599999997 171.7993270228638 404.5431506236183 172.80000000000004 438.934034 american-foulbrood 0
114.58715486618141 106.56185447590897 113.144 56.96384599999999 45.85017813381859 58.92189652409101 47.293333 108.519905 american-foulbrood 0
580.0615508175182 208.20193283234008 578.8640000000001 167.044778 496.8877821824819 169.43004216765996 498.0853330000001 210.58719700000006 american-foulbrood 0
509.35103474459373 332.1673989579921 506.842667 245.96038499999995 349.58229925540627 250.5361940420079 352.090667 336.743208 american-foulbrood 0
634.3156829828808 84.71729911206336 633.2773330000001 49.031512000000006 575.1669830171194 50.72234988793666 576.2053330000001 86.40813700000001 american-foulbrood 0
120.21667688016302 373.1900521060154 118.4 310.754912 5.96999011983698 314.0262908939846 7.786666999999998 376.46143100000006 american-foulbrood 0
282.4 46.98299900000003 95.274667 46.98299900000002 95.27466700000002 248.34779 282.4 248.34779000000003 american-foulbrood 0
630.211000515001 619.0867322364422 627.733333 533.934825 -2.4776675150009595 552.2720927635578 0 637.424 american-foulbrood 0
315.74498129791453 437.0627589482242 314.6184241925118 398.3455381669922 264.5820836628954 399.8014483231084 265.70864076829815 438.5186691043404 chalk-brood 0
387.06609508340694 61.61199107966729 357.28700787392836 34.560580478461645 334.8904359167762 59.21546740238679 364.6695231262547 86.26687800359244 chalk-brood 0
493.932950965295 246.87801943942418 492.87907699240225 210.65868400953732 444.6911058891752 212.06080936466725 445.744979862068 248.28014479455413 chalk-brood 0
508.2345386643595 467.5218242912838 503.6636253113971 429.9447965105811 456.31595851546433 435.70422175443406 460.88687186842674 473.2812495351368 bee-larvae 0
368.27424354033735 516.6096542984044 342.44020479870176 496.799748088731 317.57573176232785 529.2254321335333 343.40977050396356 549.0353383432068 bee-larvae 0
272.30262688797677 505.8268018577887 271.2850910404696 470.85640916617933 224.6184240730542 472.2142722860412 225.6359599205614 507.1846649776506 bee-larvae 0