213.2671368254642 244.84658200489164 164.73261800000003 243.434372 163.82277117453583 274.70378499510844 212.35728999999998 276.1159950000001 american-foulbrood 0
215.75185520940875 202.41530382156475 169.37814400000002 201.06596600000003 168.37696279059128 235.4743161784353 214.75067400000003 236.82365400000003 american-foulbrood 0
104.46841883060308 533.4129551744992 38.04033300000006 531.4800950000001 36.59644516939706 581.1032938255009 103.02453100000008 583.036154 american-foulbrood 0
572.1006940421529 431.777163841389 490.8428770000001 429.41280300000005 489.64471795784726 470.5908611586111 570.9025350000001 472.95522200000005 american-foulbrood 0
502.7317427206941 307.7888173202206 346.97612400000014 303.256792 344.466482279306 389.5075896797795 500.222101 394.0396150000001 american-foulbrood 0
624.3224523507178 555.264576424445 566.8350000000002 553.5918630000002 565.7961226492826 589.2957745755554 623.2835750000002 590.9684880000001 american-foulbrood 0
114.5307395529624 266.7782376839146 3.190539000000032 263.53856899999994 1.372939447037659 326.0054193160853 112.71314000000002 329.245088 american-foulbrood 0
275.6500883861045 394.919158074406 88.48674100000004 391.6522100000001 85.0289306138956 589.7500529255942 272.1922780000001 593.0170010000002 american-foulbrood 0
628.6797039425527 20.870019902084344 1.124100812432971e-15 2.5773079999999715 -2.4789259576926046 87.77246361823964 626.2007779848601 106.065175520324 american-foulbrood 0
311.91615466717155 202.92423735583097 261.9016146803739 201.46896153130973 260.77448540657866 240.20584644662597 310.78902539337633 241.66112227114724 chalk-brood 0
377.1722913400427 578.3831747636115 355.1622447375991 553.7572937906357 324.90824302534327 580.7976253965548 346.91828962778686 605.4235063695306 chalk-brood 0
486.9621385055034 393.1115141820143 438.68696622987227 391.7068515344436 437.632557005005 427.9445823999402 485.907729280636 429.34924504751086 chalk-brood 0
505.41343132047143 172.97127211262494 458.254018281291 166.40865918386422 453.0221245467153 204.00542746569363 500.18153758589574 210.56804039445439 bee-larvae 0
366.34188581163846 123.43620948764982 342.0551465467987 91.04302763612077 315.7797537619307 110.74296376997168 340.06649302677044 143.13614562150073 bee-larvae 0
269.4692264727741 133.79583708300416 222.79307912317034 132.98110804276016 222.18215645518399 167.98110811837518 268.85830380478774 168.79583715861918 bee-larvae 0