318.0802779405145 260.11990933955417 317.094419 203.64008 204.86304305948548 205.5990856604459 205.848902 262.07891500000005 nectar 0
192.51134529350014 245.9583699593764 192.08225599999997 221.375854 165.2905957064999 221.8435040406236 165.71968500000003 246.42602 capped-brood-cells 0
57.75219500000004 101.32534000000004 1.4555863719416071 100.01502191770416 -0.5154301783805941 184.69793122969088 55.78117844967784 186.0082493119867 empty-cells 0
409.37183100000004 6.3039220000000515 324.0427565771482 4.3178659283933385 316.58148 324.884759 401.9105544228518 326.87081507160667 nectar 0
288.91070395005386 342.3708433134906 287.741174 275.36849799999993 203.19103804994614 276.8443256865093 204.360568 343.84667099999996 nectar 0
311.5695193588007 424.39183511537215 310.038926 336.704202 187.71592964119935 338.8393578846279 189.24652299999997 426.526991 nectar 0
328.0274880000001 45.70335600000004 255.62615302016354 44.018196055958455 253.10194800000002 152.46832500000005 325.5032829798366 154.15348494404165 nectar 0
438.09705000000014 18.462376000000056 410.21349460159274 17.813379061618765 407.38750200000004 139.22954700000005 435.2710573984075 139.87854393838137 nectar 0
255.76069600000005 91.27676800000005 210.90323855134162 90.23269888707885 208.46986099999998 194.78050000000002 253.3273184486584 195.8245691129212 nectar 0
139.23282300000005 282.828742 110.05049935536297 282.14951589595364 109.23262800000003 317.2886050000001 138.41495164463714 317.9678311040464 capped-brood-cells 0
93.36809400000007 496.84765500000003 60.64912448292644 496.0861123133851 59.69592800000005 537.039308 92.41489751707368 537.8008506866149 capped-brood-cells 0
483.680645 496.36715000000004 456.15674850196007 495.72652417078876 454.941512 547.938037 482.4654084980399 548.5786628292113 capped-brood-cells 0
407.12067629365447 455.70029384803945 392.2471092735874 447.3496678001335 384.2157199930524 461.6546320079656 399.0892870131195 470.00525805587154 chalk-brood 0
414.1749686779666 488.6590018607801 413.805882 467.51404099999996 362.6042903220334 468.40776813921985 362.973377 489.552729 capped-brood-cells 0
344.70437400000003 348.963886 312.4749401926774 348.21373764963823 310.790667 420.57698600000003 343.0201008073226 421.3271343503618 capped-brood-cells 0
125.67847099465267 380.29581660100087 125.143156 349.627629 45.50352400534733 351.0177433989992 46.038839 381.68593100000004 capped-brood-cells 0
173.84894468219323 218.60037492845953 173.49782399999998 198.48468199999996 126.45817231780674 199.3057620715404 126.809293 219.42145500000004 capped-brood-cells 0
146.12699013478215 165.67597024490723 145.75040299999998 144.101315 66.48130286521784 145.48496275509277 66.85789 167.059618 capped-brood-cells 0
126.8038974223831 483.77910452871896 125.31952699692289 398.7395878237119 -1.4843704254602175 400.9529582949929 0 485.992475 empty-cells 0
43.72091900000002 250.864578 3.076877976818596e-14 250.864578 3.8182439587966297e-14 371.938831 43.72091900000004 371.938831 empty-cells 0
130.03995200000003 167.58610900000002 60.55585029486616 165.96884857461504 58.486185 254.890108 127.97028670513387 256.507368425385 empty-cells 0
161.66450402713286 94.86343272173113 160.705332 39.912516 58.046252972867116 41.70443727826887 59.00542500000001 96.65535399999999 empty-cells 0
579.4550270000001 233.60651800000005 499.89048558182753 231.75463198351633 497.642979 328.3166390000001 577.2075204181725 330.1685250164838 empty-cells 0
639.7399860000002 7.993605777301127e-14 451.61340413832306 -4.378694758803997 446.30421700000005 223.72563400000013 634.4307988616771 228.10432875880417 empty-cells 0
492.8764490000001 299.4765950000001 445.6212655376814 298.3767181828203 443.429306 392.55221900000004 490.68448946231877 393.6520958171798 empty-cells 0
338.60242444329793 429.89374301235955 323.61663682049755 429.5449458082814 323.1639032780804 448.99627350545177 338.14969090088084 449.34507070952986 chalk-brood 0
396.7704040741128 400.19096246920503 380.5358008199561 399.8130988315439 380.14243964672414 416.71354107186863 396.37704290088084 417.09140470952974 chalk-brood 0
382.2162957586271 408.16032679231387 369.3967074200921 395.26434933818643 357.24388221016284 407.34518748292135 370.06347054869786 420.2411649370487 chalk-brood 0
413.3497543009497 358.83468972239916 399.817654611491 345.3827489903956 387.7297679573846 357.54266632106646 401.26186764684337 370.99460705306996 chalk-brood 0
441.0799503503175 304.5276004653183 425.71522239481726 302.5944040389061 424.073712789541 315.64085300644246 439.43844074504125 317.5740494328546 chalk-brood 0
321.36069669472374 320.31867752861876 307.62474936036864 309.29541309838874 285.8844295975148 336.3857445682262 299.6203769318699 347.4090089984562 chalk-brood 0
276.5868507629306 265.02264805678783 264.2425560451277 254.44636839661138 254.3888025676294 265.9473537062969 266.73309728543234 276.5236333664733 chalk-brood 0
163.09975202576203 306.9230680091514 147.75726150508746 302.0388140190859 142.78266932313298 317.6650761977316 158.12515984380755 322.54933018779707 chalk-brood 0
97.78733904091042 335.5492656769293 79.4179950629263 332.50511442069063 76.12363877107126 352.38427245763154 94.49298274905539 355.42842371387025 chalk-brood 0
166.841203 240.11400100000003 154.02481947077132 235.49121987446034 149.80055376637236 247.20274329005892 162.61693729560105 251.82552441559858 chalk-brood 0
232.45589596875186 51.544299216616864 206.20328736385102 25.141517145730845 179.98171337211292 51.213948344889204 206.23432197701374 77.61673041577522 chalk-brood 0