263.92972600000013 308.75375800000006 207.42312136511293 308.42501220703485 206.770172 420.6574800000001 263.27677663488714 420.98622579296534 nectar 0
246.844534 433.975062 222.2503642624268 433.8319771447939 222.094492 460.624113 246.68866173757326 460.76719785520606 capped-brood-cells 0
183.3764329349396 629.6820988409604 181.411444 573.412166 96.70862006506036 576.3700531590395 98.673609 632.6399859999999 empty-cells 0
332.18341205246395 304.06075573146245 329.205067 218.77211399999996 8.639820947536009 229.9664992685375 11.618165999999999 315.255141 nectar 0
345.5436020000001 333.5931120000001 278.50949300720714 333.20311882727697 278.017587 417.7545500000001 345.05169599279293 418.14454317272316 nectar 0
428.13168800000017 306.9788950000001 340.4024849314021 306.4685016413778 339.6908210000001 428.79319200000003 427.4200240685981 429.3035853586223 nectar 0
157.66907618190197 377.66121307809397 155.141964 305.29418499999997 46.69323381809804 309.081297921906 49.220346000000006 381.44832600000007 nectar 0
146.2021540166149 224.05294191797873 145.2289 196.18259899999998 23.813269983385087 200.42252708202125 24.786523999999996 228.29287 nectar 0
197.8432459177767 419.9144289820182 196.277531 375.0782269999999 91.7305950822233 378.7290870179817 93.29631 423.565289 nectar 0
317.46885121113706 512.1424207894165 316.45026500000006 482.973925 281.311739788863 484.20098921058366 282.330326 513.3694850000002 capped-brood-cells 0
536.3293462847469 548.9306158259877 535.1873160000001 516.22715 494.2347517152532 517.6572451740124 495.37678200000005 550.360711 capped-brood-cells 0
556.224645683786 152.6562394375614 555.2639450000001 125.145385 503.05296331621423 126.96863356243864 504.01366400000006 154.479488 capped-brood-cells 0
474.5142345369628 211.95833293944733 459.7032933544342 205.86121486049814 453.0349929772841 222.05965540151277 467.8459341598126 228.15677348046196 chalk-brood 0
494.838352 197.8161550000001 473.6833669590789 197.69307912963956 473.385483 248.89507900000007 494.5404680409211 249.0181548703606 capped-brood-cells 0
425.63005147646254 304.36180306733417 424.50510800000006 272.147641 352.14248152353747 274.6745999326658 353.267425 306.88876199999993 capped-brood-cells 0
379.6973090000001 493.3027420000001 349.01458258902426 493.1242353853265 348.55125 572.764461 379.23397641097586 572.9429676146735 capped-brood-cells 0
219.03826800000004 454.067192 198.91303885217485 453.9501068827812 198.63936800000002 500.990147 218.7645971478252 501.10723211721876 capped-brood-cells 0
165.43940600000008 484.95800900000006 143.85452288536578 484.8324317351288 143.3933460000001 564.1019490000001 164.97822911463436 564.2275262648714 capped-brood-cells 0
483.24998900000014 488.36687100000006 398.1701578923628 487.8718910048946 397.42235300000004 616.4086290000001 482.5021841076374 616.9036089951056 empty-cells 0
370.38394873717834 626.9358832425524 368.655037 577.4263310000001 246.2776772628216 581.6998427574475 248.00658899999996 631.2093949999999 empty-cells 0
255.49643750863515 566.5159360695769 253.071149 497.064759 164.15123049136486 500.1699109304234 166.57651899999996 569.6210880000002 empty-cells 0
94.94233200000008 474.887368 39.96536473920098 474.56752161805514 39.368106000000054 577.227661 94.34507326079915 577.5475073819449 empty-cells 0
339.5979142801456 122.6236522915585 336.8207760000001 43.096812 240.26030571985459 46.46877770844149 243.03744400000002 125.99561800000001 empty-cells 0
231.562945 1.4436876767339086e-14 3.1144740000000115 4.484423283262377e-16 3.114474000000023 188.157984 231.562945 188.157984 empty-cells 0
401.29020044419826 173.19859485535278 399.6407949999999 125.96580300000002 305.4662055558016 129.25445214464725 307.11561099999994 176.48724400000003 empty-cells 0
453.5997493073058 290.3477286358215 453.0766815874704 275.3690420125059 433.5745281637338 276.05007281178547 434.0975958835693 291.0287594351011 chalk-brood 0
422.7787242612206 235.18545042381317 422.2120675644277 218.95853990650176 405.1081921867763 219.55582091778962 405.6748488835692 235.78273143510106 chalk-brood 0
425.39641100388 245.5622470950276 413.80847258299497 233.6390163311509 400.2125843828835 246.852575504848 411.80052280376856 258.7758062687247 chalk-brood 0
376.7826047599124 216.8000012045216 364.9834903326497 205.33269101266603 351.15564314475193 219.56064408300222 362.9547575720146 231.0279542748578 chalk-brood 0
324.31991156486174 182.73298853091342 312.21592906538064 179.13948335950062 307.55048270630056 194.85407910624104 319.6544652057817 198.44758427765385 chalk-brood 0
350.7428259397965 320.10357126041004 324.93210861498005 299.01604753015164 313.3736950579671 313.1633200529711 339.1844123827835 334.25084378322947 chalk-brood 0
279.0268105861489 356.7879423543076 267.7810052078762 347.6198396909017 257.0879422914561 360.73619635384216 268.3337476697288 369.90429901724804 chalk-brood 0
322.6677142235326 465.7013593862596 309.62205205106375 456.2994132826459 299.93074242634214 469.7465815581925 312.976404598811 479.14852766180616 chalk-brood 0
353.13941937703805 524.614549057093 333.7916104496528 522.5244802928804 331.769146611427 541.246469049687 351.11695553881214 543.3365378138996 chalk-brood 0
251.51065916561078 462.7329913631577 240.03498122684283 458.885784341912 235.64496638307241 471.9805817404693 247.12064432184033 475.82778876171506 chalk-brood 0
78.01325802435977 430.76147049782423 58.03856089890118 402.5412095866724 25.877640353266003 425.3051609618044 45.85233747872459 453.52542187295626 chalk-brood 0