427.9649999999999 374.22 318.035 374.22 318.035 430.74 427.9649999999999 430.74 nectar 0
468.475 390.58000000000004 442.68500000000006 390.58 442.68500000000006 415.18000000000006 468.475 415.1800000000002 capped-brood-cells 0
636.215 455.2150000000001 579.865 455.2150000000001 579.865 537.625 636.215 537.625 empty-cells 0
315.7250000000001 309.455 230.31500000000005 309.455 230.31500000000005 626.545 315.72500000000014 626.545 nectar 0
427.55 292.445 345.73 292.445 345.73 359.495 427.55 359.495 nectar 0
440.745 209.99500000000006 321.995 209.99500000000006 321.995 297.745 440.745 297.745 nectar 0
383.2450000000001 483.05 310.7750000000001 483.05 310.7750000000001 588.55 383.2450000000001 588.55 nectar 0
229.20500000000007 493.6 201.29500000000004 493.6 201.29500000000004 613.88 229.20500000000007 613.88 nectar 0
426.9100000000001 441.5 382.01 441.5 382.0100000000001 544.22 426.9100000000002 544.22 nectar 0
523.335 320.67500000000007 494.125 320.67500000000007 494.125 354.6250000000001 523.335 354.6250000000001 capped-brood-cells 0
567.775 101.70000000000005 535.025 101.70000000000005 535.025 141.32000000000005 567.775 141.32000000000005 capped-brood-cells 0
172.115 83.89500000000001 144.565 83.89500000000001 144.565 134.985 172.115 134.985 capped-brood-cells 0
244.33062130177515 170.64349112426038 228.42455621301775 164.09393491124263 222.23742603550295 179.11982248520715 238.14349112426038 185.66937869822488 chalk-brood 0
265.48 143.91000000000003 215.14 143.91 215.14 165.07000000000002 265.48 165.07000000000005 capped-brood-cells 0
319.29 213.82500000000005 287.03 213.82500000000005 287.03 284.875 319.29 284.875 capped-brood-cells 0
585.055 257.35500000000013 506.66499999999996 257.35500000000013 506.66499999999996 288.04500000000013 585.055 288.04500000000013 capped-brood-cells 0
508.03 418.275 461.80999999999995 418.275 461.80999999999995 438.4050000000001 508.03 438.4050000000001 capped-brood-cells 0
569.225 471.7050000000001 490.8350000000001 471.7050000000001 490.8350000000001 493.2950000000001 569.225 493.2950000000001 capped-brood-cells 0
630.415 153.81000000000006 505.345 153.81000000000006 505.345 238.91000000000005 630.415 238.91000000000005 empty-cells 0
640 267.91000000000014 590.42 267.91000000000014 590.42 388.2700000000001 640 388.2700000000001 empty-cells 0
575.555 383.9850000000001 506.005 383.9850000000001 506.00500000000005 470.07500000000005 575.555 470.07500000000005 empty-cells 0
578.72 542.275 478.3000000000001 542.275 478.3000000000001 597.265 578.72 597.265 empty-cells 0
134.51000000000005 302.86 54.87000000000003 302.86 54.87000000000003 396.18 134.51000000000005 396.18 empty-cells 0
188.30500000000006 408.39 5.001335063037876e-14 408.39 6.393758473668416e-14 635.79 188.30500000000006 635.79 empty-cells 0
187.25000000000006 239.545 139.95000000000005 239.545 139.95000000000005 331.7950000000001 187.25000000000006 331.7950000000001 empty-cells 0
306.25 185.00000000000006 291.25 185.00000000000006 291.25 204.37500000000006 306.25 204.37500000000006 chalk-brood 0
250 216.25000000000006 233.75 216.25000000000006 233.75000000000003 233.12500000000006 250.00000000000003 233.12500000000006 chalk-brood 0
273.12500000000006 226.25000000000006 260.00000000000006 213.12500000000006 248.12500000000003 225.00000000000006 261.25000000000006 238.12500000000006 chalk-brood 0
243.75000000000003 275.62500000000006 230.00000000000003 261.87500000000006 218.12500000000006 273.75000000000006 231.87500000000006 287.50000000000006 chalk-brood 0
209.4307324840765 319.06050955414014 193.93312101910828 314.50238853503186 190.33041401273886 326.7515923566879 205.82802547770706 331.30971337579626 chalk-brood 0
345.92194570135746 299.3608597285068 332.7319004524886 287.36990950226243 309.96606334841624 312.4123303167421 323.1561085972851 324.40328054298647 chalk-brood 0
379.1006097560976 368.71951219512187 364.484756097561 359.2621951219512 356.70426829268297 371.2865853658536 371.32012195121956 380.74390243902434 chalk-brood 0
489.4575471698114 321.8514150943397 475.9787735849057 314.36320754716985 467.9599056603774 328.79716981132077 481.4386792452831 336.2853773584907 chalk-brood 0
555.675 285.9000000000001 537.125 283.2500000000001 534.325 302.85 552.875 305.5 chalk-brood 0
484.375 390 471.25 385.625 467.375 397.25 480.5 401.625 chalk-brood 0
455.29338014042116 591.6092026078235 433.6503259779338 559.577482447342 404.4483450351054 579.3085506519559 426.09139919759275 611.3402708124373 chalk-brood 0