221.48963212019441 289.3722201035281 169.62142532998638 284.710089663699 160.64144620979198 384.6162205601709 212.50965300000004 389.27835099999993 swarm-cells 0
278.5657776920735 264.28338030743856 232.4028860960125 254.11349528770222 215.7676104039391 329.62392898026366 261.93050200000005 339.793814 swarm-cells 0
295.37072712426425 206.1015748707655 253.30076606206578 204.13208382004694 248.6939054166691 302.5384451488297 290.76386647886756 304.5079361995482 swarm-cells 0
384.70045619548705 256.90393744164436 355.340787656399 253.97174914160658 347.3073415096844 334.4097333226067 376.66701004877257 337.34192162264446 swarm-cells 0
489.7637439297052 332.521476529776 462.08494200000007 326.597938 444.2903100702948 409.74656447022414 471.969112 415.67010300000004 swarm-cells 0
534.0062165689831 357.65901984681904 499.6619984847672 355.94401862527627 495.54769106333094 438.33618813067346 529.8919091475468 440.0511893522162 swarm-cells 0
58.59614116274315 197.01854153139402 39.53668000000002 194.63917500000002 32.83243083725691 248.34228246860604 51.89189200000004 250.72164900000004 swarm-cells 0
111.75289600000002 209.204124 76.39227800000003 209.204124 76.39227800000003 286.301031 111.75289600000002 286.301031 capped-drone-cells 0
161.989189 207.83505200000002 123.76216200000003 207.83505200000002 123.76216200000003 274.210309 161.98918900000007 274.210309 capped-drone-cells 0
352.23474899999997 122.60618600000004 287.468726 122.60618600000002 287.468726 168.62680400000005 352.23474899999997 168.62680400000005 capped-drone-cells 0
524.318147 151.48866000000007 465.581467 151.48866000000007 465.581467 228.02474200000006 524.318147 228.02474200000006 capped-drone-cells 0
541.615444 297.18762900000013 466.61930499999994 297.18762900000013 466.61930499999994 363.3319590000001 541.615444 363.3319590000001 capped-drone-cells 0
412.342857 231.22474200000005 345.130502 231.22474200000005 345.130502 276.420619 412.342857 276.420619 capped-drone-cells 0
203.996911 134.993814 168.04324299999996 134.993814 168.04324299999996 195.035052 203.996911 195.035052 capped-drone-cells 0
119.16602300000001 60.76701000000001 71.25251 60.76701000000001 71.25251000000002 147.727835 119.16602300000002 147.727835 capped-drone-cells 0
261.633977 177.60000000000002 228.769112 177.59999999999997 228.769112 256.610309 261.633977 256.610309 capped-drone-cells 0