432.83982288783125 82.14618519315019 376.0177758994455 13.341248932926646 309.0718238320676 68.62806759471334 365.8938708204534 137.43300385493689 chalk-brood 0
330 22.95635000000004 257.499999 22.956350000000036 257.499999 132.44047600000005 330 132.44047600000005 chalk-brood 0
250.90735023390664 130.5353437050032 247.7574201713489 23.737627919193983 178.07845158305238 25.792764363539685 181.2283816456101 132.5904801493489 chalk-brood 0
217.70633692766083 214.18096778749327 208.6067624991085 117.56177553906127 135.84016726732227 124.41491758894968 144.93974169587463 221.0341098373817 chalk-brood 0
136.25 128.908729 66.25000000000003 128.908729 66.25000000000003 224.265874 136.25 224.265874 chalk-brood 0
327.8360939550092 277.51325048138006 276.7800693259417 221.41464969160535 235.95379559276557 258.5711421511112 287.009820221833 314.6697429408859 chalk-brood 0
312.69058045679924 158.48353958581137 247.07924067606467 109.04938509326979 193.2152470987416 180.5402160951888 258.82658687947617 229.9743705877304 chalk-brood 0
526.1394326127224 111.85096235251717 458.8158482608627 106.83453710255105 451.8254516845084 200.65005913476395 519.1490360363681 205.66648438473004 chalk-brood 0
369.41386321996094 213.34790556608087 365.12653299240975 113.1977455817638 294.38415384852925 116.22615752359135 298.6714840760804 216.37631750790837 chalk-brood 0
622.500001 204.84127200000006 568.750001 204.84127200000006 568.750001 275.4761890000001 622.500001 275.4761890000001 chalk-brood 0
628.750001 372.5992060000001 562.500001 372.5992060000001 562.500001 459.1269860000001 628.750001 459.1269860000001 chalk-brood 0
350.7989058334671 428.81922632532195 293.9860966193426 378.6571177213539 239.9941316235154 439.80756158768247 296.8069408376399 489.9696701916505 chalk-brood 0
561.8955886657282 467.7569118458514 547.2275184069983 374.30974708054896 477.5633761267152 385.2446805913488 492.231446385445 478.69184535665124 chalk-brood 0
405.000001 377.896825 336.25 377.896825 336.25000000000006 475.902778 405.0000010000001 475.902778 chalk-brood 0
486.3457629257369 475.2886067991034 472.1317405084429 369.8679597264327 401.744677107434 379.3583520248195 415.95869952472805 484.7789990974902 chalk-brood 0
514.9913307227096 467.3183284181782 443.8928952862887 464.8019250382779 440.496383155562 560.7669441462468 511.59481859198286 563.2833475261472 chalk-brood 0
218.26359555286137 485.31453238409017 72.07704515327511 472.24380429803324 57.62879002490837 633.8369889012829 203.81534042449465 646.9077169873399 chalk-brood 0