385.3048410671946 443.3891492651702 340.84747442579334 420.9216470240458 321.69513268104265 458.81916984833583 366.1524993224439 481.28667208946024 bee-larvae 0
337.4814187167871 414.4124898941176 291.8941534173785 397.07801400734456 268.8781058658345 457.60702409853815 314.46537116524314 474.9414999853112 chalk-brood 0
295.55392719311124 442.52159077722246 253.1114723303618 408.7166617397324 220.67842160006074 449.4367085162089 263.12087646281014 483.24163755369904 bee-larvae 0
251.88180300000002 372.717 215.10994634814864 368.8395451947528 209.38717834814864 423.1114361947528 246.15903500000002 426.98889099999997 bee-larvae 0
447.7301148920826 317.8526205816565 446.19881493126445 257.78023052727326 395.3942789975627 259.07528444162944 396.9255789583808 319.14767449601266 bee-larvae 0
338.3572491314913 339.7666310180882 304.1476327728277 300.92625857655236 271.1023314207728 330.0317230880436 305.3119477794364 368.8720955295795 bee-larvae 0
330.8678018635066 116.48408733446658 284.5729316390779 100.11063805222443 264.0229517755713 158.21437871775788 310.317822 174.587828 bee-larvae 0
306.0701118353081 222.2037510084184 304.944736333374 157.73104836372295 256.7103645692113 158.57298267247555 257.83574007114544 223.04568531717103 bee-larvae 0
286.84852182353137 231.03755722140386 248.62653037085613 206.99966948290123 227.23238041661986 241.01792539555697 265.4543718692951 265.0558131340596 bee-larvae 0
97.46093915486892 212.80576404195915 52.78056769397557 201.58001820534324 39.55522145085883 254.21913826398173 84.23559291175218 265.4448841005977 bee-larvae 0
624.7592005217102 434.994362020009 576.8803321984931 410.79772815236885 548.5348658111993 466.88606094036163 596.4137341344165 491.0826948080018 chalk-brood 0
354.0166045716361 529.8947266935414 353.55011646551327 449.7120122101653 305.1877006513704 449.9933757422685 305.6541887574932 530.1760902256445 chalk-brood 0
164.88863956822567 367.3213685383988 126.21221653077848 357.27329978631883 113.34678896255282 406.7941312479202 152.023212 416.8422000000001 chalk-brood 0
594.7154807055333 568.2676532066887 547.8368565027167 555.9345575192224 527.2782303260409 634.0787749229688 574.1568545288575 646.411870610435 chalk-brood 0
588.8009482498072 161.78115196831385 540.1860753364369 154.35454494188218 529.6490503188944 223.33034106111774 578.2639232322647 230.7569480875494 chalk-brood 0
573.1132381751007 131.00090843921095 525.3790815420517 104.68714405018184 498.82999736695103 152.84817961097096 546.564154 179.16194400000006 chalk-brood 0
541.1824075132897 366.1530612023307 490.984789350324 363.4063494822376 487.1613620212336 433.281518301563 537.3589801841993 436.02823002165616 chalk-brood 0
200.89152671565347 432.20577623249426 149.09708991652957 410.3112922025408 125.93414588806232 465.1064469512339 177.72858268718622 487.00093098118737 chalk-brood 0
177.8067882367248 445.3604568050622 124.22397264197181 437.17492513462844 110.29627077985809 528.346214988888 163.87908637461112 536.5317466593218 chalk-brood 0
163.2531204155261 450.5765983736976 128.0476366750433 400.08815486026367 76.92090510848001 435.7387154958228 112.12638884896285 486.2271590092567 chalk-brood 0
569.9927582338191 571.0394986072561 542.2144699999999 511.9028430000001 500.41968776866315 531.5351251365187 528.1979760024824 590.6717807437747 chalk-brood 0
533.1719480517015 545.3046697520805 490.67383238363027 514.22010695674 459.5632645299851 556.7537761560951 502.0613801980563 587.8383389514356 chalk-brood 0