521.7260196608747 574.4192956562757 518.838645 326.27889400000004 199.91790733912535 329.9898723437242 202.80528199999998 578.130274 capped-brood-cells 0
319.830448015583 143.36966467356768 318.794007 54.29816600000001 148.003560984417 56.28549332643229 149.04000199999996 145.356992 capped-brood-cells 0
375.75072879120273 244.52031771499006 374.553038 141.59106499999996 204.93028220879728 143.56480528500987 206.12797299999997 246.49405799999997 capped-brood-cells 0
617.246978 6.303880102024025e-14 410.480827 5.0378025770531834e-14 410.480827 76.21583600000005 617.246978 76.21583600000007 wax-sealed-honey-cells 0
320.03717100000006 3.1221141578592866e-14 188.765981 2.3183099445904667e-14 188.765981 46.26299600000003 320.03717100000006 46.26299600000004 wax-sealed-honey-cells 0
622.9394948367828 253.18058309825904 621.83663 158.40063500000002 495.5229691632171 159.870427901741 496.62583399999994 254.65037600000002 wax-sealed-honey-cells 0
632.2938700000002 323.6396950000001 585.343643667485 322.54691626376336 580.596461 526.5052230000001 627.5466873325151 527.5980017362368 wax-sealed-honey-cells 0
527.7666365487763 626.8147926443069 527.047885 565.0454299999999 361.67020645122363 566.9697733556931 362.388958 628.739136 wax-sealed-honey-cells 0
106.57548092153624 73.57038441099658 106.11738532950741 34.20176612607756 14.866240654820807 35.26356989171976 15.324336246849622 74.63218817663879 swarm-cells 0
114.14602992140087 103.0127553993621 113.779553427837 71.517859057719 34.84676698242359 72.43632567179996 35.21324347598745 103.93122201344309 swarm-cells 0
198.564164 159.122687 116.44968900710862 152.72192428626352 114.65370327923023 175.76236989174842 196.76817827212162 182.16313260548492 swarm-cells 0
193.88511900000003 182.801501 132.03134855048967 181.25072068123546 131.53342788012998 201.11057476490745 193.38719832964034 202.661355083672 swarm-cells 0
201.59317100000004 206.33618000000007 151.47244494717853 194.9040690790443 145.8925990496987 219.3672613606991 196.0133251025202 230.79937228165488 swarm-cells 0
245.86666800000003 255.03844700000002 167.90297600995953 250.31772569987203 166.77830746185876 268.89186018068517 244.74199945189926 273.6125814808131 swarm-cells 0
232.83789 282.751815 155.82019585539098 275.15202384725734 153.5797760445213 297.85685405654664 230.59747018913032 305.4566452092893 swarm-cells 0
211.57380295295218 347.9662600197246 211.1844219356356 314.502934136824 136.24318903864793 315.3749542583895 136.63257005596455 348.83828014129006 swarm-cells 0
169.29820300000006 352.395575 116.02362090214424 350.18966407208245 115.25410900000004 368.77401599999996 168.52869109785584 370.97992692791763 swarm-cells 0
168.56485300000006 383.903268 94.82664960204266 380.06661764272064 93.8513173892517 398.8119393139816 167.5895207872091 402.64858967126094 swarm-cells 0
174.71453800000006 474.3917920000001 106.23941312009399 467.00372844799483 103.87071496882372 488.9576410760216 172.34583984872978 496.3457046280269 swarm-cells 0
164.45046546326563 402.5681359664885 78.10911972269189 398.9930433338566 76.35281968824609 441.4090935122898 162.69416542881984 444.9841861449218 swarm-cells 0
181.73507500000005 527.464932 124.81182421433479 520.7028194125169 121.67856618256104 547.0784868406222 178.60181696822627 553.8405994281053 swarm-cells 0
214.15465655005622 589.5603940784777 211.67914690708272 541.3350497842773 142.80051985246095 544.8707364229934 145.27602949543444 593.0960807171938 swarm-cells 0