227.40237416521708 356.81114964590813 226.60739400000006 220.165701 172.1698658347829 220.48240935409189 172.96484599999997 357.12785800000006 bee-larvae 0
478.3462920753143 286.8622687419043 476.9317310000001 226.08696000000003 378.71889392468586 228.37288925809565 380.1334550000001 289.148198 bee-larvae 0
273.9789066229816 239.70083166973433 273.14222399999994 203.753532 222.62676237701834 204.92929233026564 223.46344499999998 240.87659199999996 bee-larvae 0
225.92986205078552 170.86685718228915 224.93600599999996 128.166745 160.95867294921442 129.65583381771086 161.952529 172.355946 bee-larvae 0
421.75123397547117 105.38653039884824 420.05364199999997 32.45108200000001 323.3565480245288 34.70173260115177 325.05414 107.63718100000003 bee-larvae 0
117.85622695032504 549.1157111960404 116.78142100000001 502.93764699999997 67.81538004967496 504.0773438039596 68.890186 550.255408 bee-larvae 0
378.8938914775727 430.2120179687759 377.715091 379.565927 318.6550605224273 380.9405640312241 319.833861 431.58665499999995 bee-larvae 0
75.81261779150167 565.8805511537405 74.7904 521.9618860000002 18.215798208498338 523.2786738462598 19.238016000000002 567.1973390000002 bee-larvae 0
170.34284069448094 300.484748047833 108.77385361787609 297.26546052846953 106.72902926514445 336.37279822043007 168.29801634174927 339.59208573979356 chalk-brood 0
220.0054552507995 562.90600794241 185.4738399364495 543.7798931021789 163.46630971698244 583.5138157469927 197.99792503133244 602.6399305872238 chalk-brood 0
277.9053519126572 122.09785553529974 250.1124087089018 97.63532786315443 218.90662424651083 133.0895788226508 246.69956745026622 157.5521064947961 chalk-brood 0