414.5904760000001 170.86400000000003 278.895238 170.86400000000003 278.895238 225.29600000000005 414.5904760000001 225.29600000000005 bee-larvae 0
402.84444400000007 378.4 342.044444 378.4 342.04444400000006 475.552 402.8444440000001 475.552 bee-larvae 0
429.91746 222.03200000000007 393.955556 222.03200000000007 393.955556 271.92 429.91746 271.92 bee-larvae 0
506.615873 160.92800000000005 463.898413 160.92800000000005 463.898413 224.16000000000003 506.615873 224.16000000000003 bee-larvae 0
597.777778 324.3840000000001 524.812698 324.3840000000001 524.812698 419.8080000000001 597.777778 419.8080000000001 bee-larvae 0
134.412698 65.68000000000002 88.21587300000002 65.68 88.21587300000002 113.84000000000002 134.412698 113.84000000000003 bee-larvae 0
251.69523800000005 317.28 201.02857100000006 317.28 201.02857100000006 375.456 251.69523800000005 375.456 bee-larvae 0
116.368254 15.93600000000001 72.431746 15.936000000000007 72.431746 71.74400000000001 116.368254 71.74400000000003 bee-larvae 0
340.2095428970133 107.4777209623248 301.20618786499205 104.52962374480286 296.5695783389931 165.87201313839316 335.57293337101436 168.82011035591512 chalk-brood 0
91.76876116040205 183.62498211045394 53.266972767652035 160.06188800834923 32.55002261362358 193.9131143166254 71.05181100637358 217.4762084187301 chalk-brood 0
536.4090370666295 248.83641052306194 500.67397170877877 218.41331279472666 476.86837609605 246.3754395544588 512.6034414539007 276.7985372827941 chalk-brood 0