576.8715050000001 209.5635560000001 328.75628933805285 205.232689294809 323.2147450000001 522.7075880000001 571.3299606619472 527.0384547051912 capped-brood-cells 0
144.46979900000008 150.752491 55.40734097305534 149.19790016499857 52.435242 319.469353 141.49770002694473 321.02394383500143 capped-brood-cells 0
245.26087800000002 209.02566900000005 142.3420725070064 207.22921411837487 139.39176400000002 376.25223300000005 242.31056949299364 378.04868788162526 capped-brood-cells 0
73.81627100000006 411.423767 5.043747422872923e-14 411.423767 6.304307142486122e-14 617.288792 73.81627100000007 617.288792 wax-sealed-honey-cells 0
45.15800000000003 189.330164 2.321843313905068e-14 189.330164 3.122325654361499e-14 320.058851 45.158000000000044 320.058851 wax-sealed-honey-cells 0
251.7252220000001 499.65784399999995 156.95489391912878 498.0036221974784 154.759721 623.7650269999999 249.53004908087132 625.4192488025216 wax-sealed-honey-cells 0
523.6010563240764 633.7773613038835 523.054482 586.8048779999999 319.36895267592365 589.1749736961166 319.91552700000005 636.1474570000001 wax-sealed-honey-cells 0
626.5446410000001 369.7580570000001 564.7815478959366 368.6799781830895 561.901152 533.6977460000002 623.6642451040635 534.7758248169108 wax-sealed-honey-cells 0
74.53448378285385 16.103552378587672 35.16986045055292 15.416438995390338 33.5782639215845 106.59876696621154 72.94288725388544 107.28588034940887 swarm-cells 0
103.71358045682041 36.34773213306224 72.22188178450952 35.79804269754069 70.84550679964794 114.65054282289333 102.33720547195884 115.20023225841487 swarm-cells 0
181.97847119686253 196.55680984375607 168.95347817374562 116.02022274571664 144.9203759768831 119.90703990196053 157.945369 200.44362699999996 swarm-cells 0
202.80202607456647 193.8180105349536 196.51391500000003 133.94374300000004 175.3600999254336 136.16535746504644 181.64821100000006 196.039625 swarm-cells 0
223.78785745868467 150.5399634570822 198.20085287781663 150.0933401669187 197.2619097786779 203.8852984188976 222.84891435954594 204.3319217090611 swarm-cells 0
272.69091022498327 246.70914920884462 264.00051026929884 169.79331087794355 244.88240704431558 171.953385669099 253.572807 248.86922400000003 swarm-cells 0
306.76361539853866 230.53095808897433 290.604556 157.618061 265.1991956014613 163.2484329110257 281.358255 236.16133000000002 swarm-cells 0
347.9965392448655 140.66650224938599 314.5366101937739 140.08245759767485 313.23030920508717 214.92046574101295 346.6902382561787 215.50451039272411 swarm-cells 0
369.2453481273993 173.02508564071275 368.05320900000004 119.563122 349.6780898636313 119.97286561960038 350.8702289910307 173.43482926031314 swarm-cells 0
402.1613971341501 171.4204853098742 395.982802 98.59716300000001 376.69151686584996 100.2339056901258 382.87011200000006 173.057228 swarm-cells 0
495.18070571872204 176.72424188606 484.381969 109.95312700000002 462.51184528127806 113.49013111394002 473.310582 180.26124600000003 swarm-cells 0
446.2660643788463 166.38566323573744 437.6249389999999 81.599838 394.208563002149 86.02470910846014 402.8496883809953 170.81053434419758 swarm-cells 0
548.3471054116563 187.33021173005082 546.8507551105467 129.5886863723131 520.9023120505233 130.2611306893905 522.3986623516329 188.00265604712823 swarm-cells 0
592.1800306835582 152.02773431207538 543.9595952424145 149.27086631446363 540.0173316460127 218.22508080965895 588.2377670871565 220.98194880727073 swarm-cells 0