552.7404035671162 308.83609786699174 529.0167148667831 286.2199022938564 501.2763122996668 315.3187254268647 525.0000009999999 337.93492100000003 chalk-brood 0
549.2929084023931 417.0050350664385 518.8881604372416 360.62738925242127 487.6296854779852 377.48524202702026 518.0344334431367 433.8628878410375 chalk-brood 0
612.425906475965 439.5677383118932 568.3124102832803 341.41141552249735 514.858900173271 365.4345364760288 558.9723963659555 463.5908592654247 chalk-brood 0
414.04750918840284 408.68914729345965 376.55068005058587 406.4118694940479 373.7531698621831 452.47465620058824 411.24999900000006 454.751934 chalk-brood 0
630.0490279936671 231.1959696456538 598.0126465197073 230.21652585329218 595.4636175260404 313.59207620763846 627.4999990000001 314.57152000000013 chalk-brood 0
580.7272595064355 167.5873075625763 566.875001 125.16108200000002 545.8184290620438 132.0361003141725 559.6706875684794 174.46232587674876 chalk-brood 0
454.999999 139.34600599999996 453.3084273109182 94.17925871287767 428.12499999999994 95.12242100000002 429.8165716890817 140.2891682871223 chalk-brood 0
437.0647628382749 94.94013109051974 418.0879125980903 57.54074395973586 383.2315752577821 75.2272234551157 402.2084254979666 112.62661058589958 chalk-brood 0
511.5816899820861 259.99567866961155 469.8059037751108 211.65922864763223 447.45944494827995 230.9726222875906 489.2352311552553 279.30907230956996 chalk-brood 0
479.55204544864165 160.2688386761182 416.519617051273 128.79318777825895 390.64384683268463 180.6114214606278 453.6762752300533 212.08707235848706 chalk-brood 0
453.05714764541506 210.84742299884078 395.32781377288217 209.57561863503577 393.2224450064252 305.14183927605416 450.95177887895807 306.4136436398592 chalk-brood 0
396.83449152004897 253.02626536559734 363.6180317639273 246.32772709230716 350.5335402438784 311.2106117267099 383.7500000000001 317.90915000000007 chalk-brood 0
374.2629735751617 239.14223245020673 338.1748247120986 183.48959957852037 240.9950809358126 246.5061520560792 277.0832297988758 302.15878492776557 chalk-brood 0
373.85165267339596 359.7970404358956 364.24026397817306 291.3613104347766 274.8319255458952 303.9181764644457 284.4433142411181 372.3539064655647 chalk-brood 0
274.4225297607006 389.26846556524583 270.36278843152115 280.8690924558108 220.49523406109392 282.736717384401 224.5549753902734 391.136090493836 chalk-brood 0
126.65657058354202 360.05566258821193 99.50913299292623 309.31513518127065 73.68659007733976 323.13083454540435 100.83402766795555 373.8713619523455 chalk-brood 0
152.50000100000005 388.833762 120.00000000000006 388.833762 120.00000000000006 459.758377 152.50000100000005 459.758377 chalk-brood 0
162.10328243897897 295.3693658387417 129.69745226727275 262.6534597812481 92.10764846435853 299.88699371071664 124.51347863606472 332.60289976821025 chalk-brood 0
290.6304875203333 134.49206230544644 264.5177528140006 70.57867306779923 235.20605683332417 82.55438817328499 261.3187915396569 146.4677774109322 chalk-brood 0
48.750001000000005 189.410438 27.422632828751038 106.57950914792684 -9.833954260913583 116.17236245377978 11.493413910335384 199.0032913058529 chalk-brood 0
132.32139314619005 88.13720866340734 76.01853341863153 43.03688696385724 13.155711795406816 121.5143011940591 69.45857152296533 166.61462289360918 chalk-brood 0
153.3667342444127 140.95275560637896 128.42995017557658 134.22848966433958 110.37911328947428 201.1695990092797 135.3158973583104 207.89386495131907 chalk-brood 0
151.9652916833482 65.82769423570102 150.60120883059122 36.1971037976649 121.249999 37.548325000000006 122.614081852757 67.17891543803611 chalk-brood 0
169.1717736851622 73.57460999853751 128.750001 72.593428 127.87774869109074 108.52762227526239 168.29952137625298 109.50880427379988 chalk-brood 0
182.500001 34.21069500000001 181.69346005655376 8.233280252966093 128.6681432723079 9.879598389014744 129.4746842157541 35.85701313604866 chalk-brood 0
243.05830444587838 48.85910090410205 242.09185499350158 14.83563552850686 188.57464936669203 16.355812074305355 189.5410988190688 50.379277449900556 chalk-brood 0
74.99999900000003 0.83440800000001 46.9620299928266 0.08435811490519263 45.71203099282659 46.81116111490519 73.75000000000001 47.561211000000014 chalk-brood 0