122.66666700000005 277.050811 29.761172000000037 277.050811 29.76117200000005 610.577297 122.66666700000009 610.577297 capped-brood-cells 0
272.65641 260.531892 217.30696000000006 260.531892 217.30696000000006 392.752432 272.65641 392.752432 capped-brood-cells 0
474.84249100000005 385.3491890000001 183.67765600000007 385.349189 183.67765600000007 497.43567600000006 474.8424910000001 497.4356760000001 capped-brood-cells 0
401.47692300000006 253.00756800000005 345.752381 253.00756800000005 345.752381 377.098378 401.47692300000006 377.098378 capped-brood-cells 0
633.822711 271.0313510000001 585.271795 271.0313510000001 585.271795 412.0043240000001 633.822711 412.0043240000001 capped-brood-cells 0
611.750916 431.2735140000001 549.01685 431.2735140000001 549.01685 511.7059460000001 611.750916 511.7059460000001 capped-brood-cells 0
235.991209 2.663395952952552e-14 198.974359 2.4367331186174634e-14 198.974359 203.76216200000002 235.991209 203.76216200000005 capped-brood-cells 0
486.6562162374561 561.8369949535313 438.96797600803006 505.70884431207185 355.9634811249736 576.2320710150287 403.6517213543996 632.3602216564882 chalk-brood 0
573.1172002730445 510.07648305084507 520.8668421279473 501.22453815106394 507.95842495137435 577.419027407198 560.2087830964716 586.270972306979 chalk-brood 0
521.747426399173 576.7933748331927 501.72927742161914 488.17242993367324 447.8136074319333 500.3511752099946 467.8317564094872 588.9721201095142 chalk-brood 0
518.544225166407 239.17865607080626 456.86731875062725 197.38295189095862 385.3636876449867 302.899125158771 447.0405940607665 344.69482933861866 chalk-brood 0
292.35939136359235 218.7691110163443 285.48884424526 137.65951559051973 233.36286317022027 142.07494889634702 240.23341028855265 223.18454432217158 chalk-brood 0
348.75 147.56756800000005 295.000001 147.56756800000005 295.000001 236.10810800000002 348.75 236.10810800000002 chalk-brood 0
412.499999 149.41216200000005 355.000001 149.41216200000005 355.000001 236.10810800000002 412.499999 236.10810800000002 chalk-brood 0
140.66445112185852 36.36792979255087 88.46041227980305 32.43722424632452 82.29214652517956 114.35849289785881 134.49618536723506 118.28919844408517 chalk-brood 0