173.416727 8.14863400000001 6.714182000000002 8.148634 6.714182000000008 112.43715800000001 173.416727 112.43715800000003 wax-sealed-honey-cells 0
153.60000000000005 318.251366 97.74545500000004 318.251366 97.74545500000005 381.202186 153.60000000000005 381.202186 queen-cell 0
139.67024578107709 203.97334217056567 107.61201140757811 171.9733950959283 62.22383994817166 217.4442402519026 94.28207432167063 249.44418732653997 queen-cell 0
178.70094107024448 174.6316180738717 158.50807060883523 137.00679274799396 112.46167453859074 161.71943667412225 132.65454499999998 199.34426199999996 queen-cell 0
287.715663 171.01589700000002 243.8593636897989 160.70607450979853 230.26437682511096 218.5369259742795 274.120676135312 228.84674846448098 queen-cell 0
214.94617803136723 226.71877422923473 170.97940603350236 214.1796794184617 153.85141000213514 274.23686118922694 197.81818200000004 286.77595599999995 queen-cell 0
474.06689 280.89877000000007 439.77454786804776 279.7300949488819 437.7755810000001 338.385626 472.0679231319524 339.5543010511182 queen-cell 0
518.5295777817024 397.2089152411684 496.9484331280661 374.65313134375685 463.55907034636374 406.5997341025885 485.140215 429.1555180000001 queen-cell 0
549.294545 468.1442620000001 272.3723640000001 468.144262 272.3723640000001 640 549.294545 640 empty-cells 0
305.76872700000007 397.534426 134.31854500000006 397.534426 134.31854500000006 586.946448 305.7687270000001 586.946448 empty-cells 0
436.549818 290.133333 309.573818 290.133333 309.573818 444.502732 436.549818 444.502732 empty-cells 0