431.46501693465586 84.73778741322133 375.80711153672894 15.556459145726564 307.7684320916851 70.2950783481482 363.426337489612 139.47640661564296 chalk-brood 0
329.5892683996095 25.450646625290844 257.10398959023036 24.185411657170867 255.19420664211344 133.59682767687644 327.6794854514926 134.86206264499643 chalk-brood 0
248.63369888800636 132.39819500097278 247.3477531685727 25.56732361372731 177.6231559451669 26.40661328884065 178.90910166460057 133.2374846760861 chalk-brood 0
214.4488489413302 215.40511046977537 205.92934392984435 118.83058353157335 132.8587217203545 125.27664702101185 141.37822673184039 221.85117395921384 chalk-brood 0
137.49914544259923 133.70630101460867 67.38671695619485 127.46299918620231 58.9583463679168 222.11380197758348 129.0707748543212 228.35710380598982 chalk-brood 0
323.0229394140139 279.45529865292167 272.93594474614304 223.04819714735447 231.41584303778734 259.9161988238919 281.5028377056582 316.3233003294591 chalk-brood 0
309.80621716980636 160.21191517793562 245.0984777200637 110.4273792808363 190.20627161042526 181.7738427309658 254.91401106016792 231.55837862806516 chalk-brood 0
524.1535740921846 115.27598766055061 456.98854069655596 109.09632585190155 448.3574124373041 202.90566942524117 515.5224458329328 209.08533123389023 chalk-brood 0
366.20859791848045 215.47791671775133 362.5073524969042 115.34576676709166 291.6582421845866 117.96460542475985 295.3594876061628 218.09675537541952 chalk-brood 0
618.919276615503 208.76098218838035 565.1801905400192 207.8229671260662 563.9449744764004 278.5887629341556 617.6840605518842 279.5267779964698 chalk-brood 0
622.2380073003776 376.72978434993706 556.001460449107 375.5736222348818 554.4906062065774 462.1304869838769 620.727153057848 463.28664909893223 chalk-brood 0
343.2582947862254 430.80997579164546 287.3569121000273 380.3496972890037 232.37716546915868 441.25787987546113 288.27854815535676 491.7181583781029 chalk-brood 0
554.3073765756851 470.9390219281062 540.2322800344718 377.5630067012686 470.22409808266605 388.1157371562225 484.2991946238793 481.4917523830601 chalk-brood 0
398.3975672194674 380.6093271515084 329.6615272212344 379.4095366373101 327.9501945478696 477.45184460245247 396.6862345461027 478.6516351166507 chalk-brood 0
478.1076679481142 478.61344456116933 465.70251292468123 372.84359856176525 395.05652732239696 381.12927199637045 407.46168234582996 486.8991179957746 chalk-brood 0
506.81474879701506 470.6835716174784 435.8037685498816 466.929988486358 430.7230808478844 563.047378576154 501.73406109501786 566.8009617072744 chalk-brood 0
209.37504759612045 486.5445461717927 63.40853380128226 472.6225567922722 47.987313545129794 634.3079092149762 193.95382733996797 648.2298985944967 chalk-brood 0