547.3063728342281 289.58004220675235 524.0421626155181 267.7234156897953 495.83711478128987 297.7448904830429 519.1013249999999 319.601517 chalk-brood 0
542.2353956342131 398.2394569028803 512.8762066765182 343.0391663820194 480.83941339771235 360.07846560664245 510.19860235540716 415.2787561275033 chalk-brood 0
605.4483212954491 419.7652518483774 562.5493520554326 322.01281316471136 507.84947870182793 346.01802690697673 550.7484479418445 443.77046559064263 chalk-brood 0
406.81407524201984 395.5086279502011 369.50857657694 392.5979725889684 366.0067753349201 437.48011263876725 403.312274 440.390768 chalk-brood 0
625.9398284053225 210.72948656199634 594.00074191551 209.1971544602801 590.0430599343267 291.688898224319 621.9821464241392 293.22123032603525 chalk-brood 0
578.0126512843185 147.98166771136482 564.690306 105.36537099999998 543.231714648761 112.0735738556474 556.5540599330795 154.68987056701224 chalk-brood 0
452.56770500000005 123.45705600000002 451.69090250551193 79.6668662675979 426.46463199999994 80.171967 427.341434494488 123.96215673240212 chalk-brood 0
435.8500019409088 80.56448261256728 417.44428932673435 43.66404596549941 381.7345941539206 61.47582399883086 400.1403067680951 98.37626064589872 chalk-brood 0
507.1012665916725 242.19706843825907 466.2056394427032 195.3611976178616 443.3797961698899 215.29201473505384 484.2754233188592 262.1278855554513 chalk-brood 0
476.43607162579 144.14947904006667 414.9479427623268 112.91634590790693 388.19137030833997 165.5915472088392 449.6794991718032 196.8246803409989 chalk-brood 0
449.3228178641538 196.39430855304033 391.73469218870514 194.12215854793232 387.9977597552197 288.83550675840485 445.5858854306683 291.10765676351286 chalk-brood 0
392.10621368475444 240.60098127498452 359.3522499357646 233.47417744953202 345.4469112510101 297.3815011745476 378.20087500000005 304.5083050000001 chalk-brood 0
370.68884306573875 225.66716960734863 334.44783539304206 172.03446803657556 236.29493700268895 238.35892754507574 272.5359446753857 291.99162911584887 chalk-brood 0
371.86260671969046 339.6612140219928 354.96738295867317 274.6365445277724 264.3359677394661 298.1851154288866 281.23119150048336 363.20978492310695 chalk-brood 0
267.6390034572303 380.24375913326134 265.49265952349054 273.048960013779 215.54026885170086 274.04914856373546 217.68661278544062 381.2439476832178 chalk-brood 0
120.74653068385726 356.3432569965699 94.28662560188755 306.1750517570207 67.82232889525535 320.1329514980014 94.28223397722506 370.30115673755057 chalk-brood 0
144.9984723201581 454.51557181365735 143.07445371679637 383.71077459729133 110.3443498588043 384.6001681297706 112.26836846216602 455.4049653461365 chalk-brood 0
156.9484580884743 289.7077208974018 125.11237803441776 258.12476932652385 86.87258090998756 296.67104768091264 118.7086609640441 328.25399925179056 chalk-brood 0
288.46165045826274 124.79348632514959 263.51360670486196 61.915667405567646 233.55190634204183 73.803576757734 258.4999500954426 136.68139567731595 chalk-brood 0
45.44382999999999 187.70804999999996 26.39091223590611 109.04311250786847 -9.680595180474409 117.7797553673374 9.372322583619471 196.4446928594689 chalk-brood 0
131.34267343954252 85.5193625503284 77.09191598699971 40.793717461221235 11.957607477008622 119.79952197839793 66.20836492955144 164.5251670675051 chalk-brood 0
150.71244143301737 136.27897722891203 126.21035498719392 129.3098671639903 106.98215899790213 196.91260495087818 131.4842454437256 203.8817150157999 chalk-brood 0
152.3255685657548 60.39885903636461 149.94259346169892 30.94016126862266 120.59459099999998 33.314181999999995 122.97756610405584 62.772879767741955 chalk-brood 0
167.19279593895865 67.74075560360176 127.48362472000805 67.6711828642753 127.42055924422003 103.66628382358218 167.12973046317063 103.73585656290865 chalk-brood 0
181.90285099999997 27.837654999999998 180.1978216546672 1.977541246935555 128.35848449142114 5.3954531691312315 130.06351383675394 31.255566922195676 chalk-brood 0
242.1230735399887 41.11362254267902 241.8990599042556 6.748515739527006 188.29913264393332 7.097914175836024 188.52314627966643 41.463020978988034 chalk-brood 0
74.906615 9.769962616701378e-15 46.9463920794484 -1.234863845899675 44.959593079448396 43.75094015410032 72.919816 44.98580400000001 chalk-brood 0