325.96102331265035 185.52313147378354 282.94238217614554 160.88518251523524 261.8652771482683 197.6864770919936 304.88391828477313 222.3244260505419 bee-larvae 0
379.9100472680919 193.31334072831032 339.39683047822905 161.15999399661325 302.34392621013717 207.846653268303 342.857143 240.00000000000003 chalk-brood 0
427.34017328301945 193.5204426812369 387.7632211675591 157.90118421897995 351.84846089764665 197.8064716619151 391.42541301310695 233.42573012417205 bee-larvae 0
434.9416561114431 216.45566593139085 397.92720527273895 214.1959319281471 394.599076 268.7107010000001 431.61352683870416 270.97043500324384 bee-larvae 0
250.59484400190388 382.04453204081653 246.22996649044075 321.5473406970532 195.23999014023946 325.2262718364568 199.6048676517026 385.72346318022016 bee-larvae 0
375.21676458435593 309.80453281615735 339.56345421246726 273.8478005413383 307.5015811408582 305.63911858963354 343.1548915127469 341.5958508644526 bee-larvae 0
379.620586853702 494.4870488080408 332.69841299999996 467.19999999999993 303.60215277169436 517.2332516912859 350.5243266253964 544.5203004993268 bee-larvae 0
386.031746 419.20000000000005 337.777778 419.20000000000005 337.7777780000001 483.2 386.031746 483.2 bee-larvae 0
416.5418853317248 399.43762542217513 378.412698 377.6 358.0883468554383 413.0869623965535 396.2175341871632 434.9245878187286 bee-larvae 0
602.408786790329 385.0058091765761 557.0146930934953 376.82837616236793 547.4426604379466 429.96409081514054 592.8367541347803 438.1415238293487 bee-larvae 0
100.21738175635774 181.94186055820444 57.44705875246025 151.768793654775 19.646225191708638 205.35147606436988 62.416548195606126 235.52454296779928 chalk-brood 0
342.857143 112.00000000000003 294.603175 112.00000000000003 294.603175 192.00000000000006 342.857143 192.00000000000006 chalk-brood 0
529.3898831508976 228.92810788128082 490.71595115367194 223.34745400062496 483.1297525177686 275.9198113688783 521.8036845149944 281.50046524953416 chalk-brood 0
116.2314582146121 5.045163639218504 67.93780031023527 -1.0398371122142152 57.77719038454846 79.59992611795485 106.0708482889253 85.68492686938757 chalk-brood 0
106.66666700000006 416 55.87301600000005 416 55.87301600000005 486.4 106.66666700000006 486.4 chalk-brood 0
143.43011085370196 491.2870488080408 96.507937 464 69.12322129774975 511.09011957117707 116.04539515145171 538.3771683792179 chalk-brood 0
162.38794727803707 212.34710718179997 111.21973136424862 205.5788260917811 102.15503841465267 274.10791935315893 153.32325432844112 280.87620044317777 chalk-brood 0
523.2365010028377 191.47600776348503 482.8988774542968 154.1263558627801 440.21289074975306 200.22722092742643 480.55051429829405 237.57687282813137 chalk-brood 0
548.0489446574635 124.66978742321774 493.94587569943104 98.24582123246935 456.3731210419675 175.17603380925166 510.4761899999999 201.60000000000002 chalk-brood 0
570.5670432550149 204.95228006901067 536.5932325236448 154.39601422610065 484.36071552336983 189.49626573803613 518.3345262547399 240.05253158094615 chalk-brood 0
148.6589236031646 97.52984523653113 112.02879080861598 51.846006046532466 70.0365342054514 85.51616081000134 106.66666700000002 131.20000000000002 chalk-brood 0
190.24338328909693 86.69333786338362 149.73016640630274 54.539990050855785 116.07672175849873 96.94332888260166 156.5899386412929 129.0966766951295 chalk-brood 0