358.4389533163593 223.18778427784076 358.12232 168.763154 221.1603346836407 169.55997572215927 221.47696800000003 223.98460600000004 bee-larvae 0
291.35055900000003 376.66654500000004 230.57525024148686 375.6057083322955 228.85476500000004 474.17226900000003 289.6300737585132 475.23310566770465 bee-larvae 0
242.16886100000005 220.60055500000007 206.22156135573928 219.97309275185174 205.33615900000004 270.69777600000003 241.2834586442608 271.3252382481483 bee-larvae 0
173.292578 159.90347100000002 130.59246580673187 159.15813821865942 129.47140000000002 223.383994 172.17151219326814 224.12932678134064 bee-larvae 0
109.52515800000009 323.71386000000007 36.589709557317285 322.44076710030515 34.89444600000003 419.562358 107.82989444268283 420.83545089969493 bee-larvae 0
550.637678 62.46981400000006 504.4596138132647 61.66377282131066 503.600217 110.89857900000005 549.7782811867353 111.70462017868945 bee-larvae 0
433.433286 314.726139 382.78719504966557 313.84210806984026 381.75115300000004 373.19690900000006 432.3972439503344 374.08093993015984 bee-larvae 0
567.29009 12.63398400000007 523.371424893205 11.867381056375315 522.37945 68.69760000000005 566.298115106795 69.46420294362481 bee-larvae 0
338.63114167094704 165.52686572004865 337.6611389856147 103.41383664673666 298.7087667038101 104.02214550362436 299.67876938914253 166.13517457693635 chalk-brood 0
603.8250311153254 190.90292766175486 584.4013596057225 156.65834071575415 544.7884775836228 179.12693142059183 564.2121490932257 213.3715183665925 chalk-brood 0
158.27552941118338 247.27767563216005 137.2316797188539 216.7999155697046 98.14553208175866 243.78756211071368 119.18938177408813 274.2653221731692 chalk-brood 0