176.44864578124503 13.282764814403759 6.714182000000002 8.343997000000003 3.6822632187550273 112.54430118559628 173.41672700000007 117.48306900000004 wax-sealed-honey-cells 0
153.60000000000005 322.111219 97.74545500000004 322.111219 97.74545500000005 384.994322 153.60000000000005 384.994322 queen-cell 0
139.66314685960918 208.04423599024955 107.6171137067951 175.09962121224547 62.230273833672726 219.24851125319506 94.27630698648682 252.19312603119914 queen-cell 0
178.35161909280777 180.0085976179148 158.7920984012635 141.47473559888385 113.09502430845575 164.67025298096905 132.654545 203.204115 queen-cell 0
287.71566300000006 179.38756800000004 243.58925325281743 168.94280332205022 230.0342032054126 226.20935847940007 274.1606129525953 236.6541231573499 queen-cell 0
215.0181624789849 232.722759908407 170.73945889436663 219.98903511317434 153.53947841538178 279.7981522047674 197.81818200000004 292.531877 queen-cell 0
474.06689000000006 294.6927080000001 439.7405882333333 293.5217144186225 437.7755810000001 351.12359400000014 472.10188276666685 352.29458758137775 queen-cell 0
518.9149322642776 417.87539563487167 498.60549000890967 390.8656850279358 464.5822795601474 416.4487961544181 484.8917218155153 443.45850676135393 queen-cell 0
549.294545 476.06948800000004 272.3723640000001 476.069488 272.3723640000001 640 549.294545 640 empty-cells 0
305.76872700000007 401.442696 134.31854500000006 401.442696 134.31854500000006 595.843409 305.7687270000001 595.843409 empty-cells 0
436.549818 299.141011 309.573818 299.141011 309.573818 457.20503399999996 436.549818 457.20503399999996 empty-cells 0