171.5607164607657 530.6110195419612 3.644911000000066 527.680038 1.8249175392344288 631.9473844580389 169.74072300000006 634.8783660000001 wax-sealed-honey-cells 0
152.09593331978346 261.2080905711931 96.23760663067475 260.8831171938042 95.87121288289126 323.8610196453197 151.72953957199994 324.18599302270866 queen-cell 0
137.1306521391981 438.46167373009285 92.00755932570252 392.19912636736024 59.76807850516076 423.64454319488465 104.89117131865635 469.90709055761727 queen-cell 0
176.1229545646047 468.5595753863086 130.09088500000001 442.971232 109.44442015674343 480.1131247587348 155.47648972134812 505.70146814504335 queen-cell 0
284.98719300000005 474.00619900000015 271.7131592432887 415.87017492746884 227.90169107555826 425.8735233962939 241.17572483226957 484.00954746882525 queen-cell 0
212.5137253501616 416.9322109609176 195.76318500000002 356.676973 151.84502668018555 368.88591794712625 168.59556703034713 429.1411559080439 queen-cell 0
471.9777 367.376098 470.3087296693558 308.2873092092856 436.02084 309.255775 437.68981033064426 368.34456379071446 queen-cell 0
517.1247642944944 251.84960014330161 483.91355799999985 219.31263600000008 462.1927984881727 241.48350055402784 495.40400478266724 274.0204646973294 queen-cell 0
551.2938621320288 9.62287021288282 272.372364 4.754277000000034 269.37321986797116 176.5751167871173 548.294718 181.4437100000001 empty-cells 0
305.4716773714031 56.395625687563 134.00988799999996 55.39809100000001 132.8963146285969 246.805252312437 304.358104 247.802787 empty-cells 0
435.4210444213653 201.6396738599258 308.436448 200.9008990000001 307.52975657863476 356.7478971400744 434.5143530000001 357.4866720000001 empty-cells 0