113.424882608227 327.0559650435413 76.23283393906053 4.709686039131858 -19.312246337631528 15.733598853405542 17.879802331534947 338.07987785781495 chalk-brood 0
163.71541834342815 399.36783108840336 125.20196113954782 377.41363072513764 71.241162764774 472.07510162850895 109.75461996865431 494.0293019917747 chalk-brood 0
235.77040225031277 467.73962859493986 193.41710126511293 433.88185096179996 132.79617605262263 509.71365301761 175.14947703782246 543.5714306507498 chalk-brood 0
176.712420041692 196.20039572430187 141.03749513595423 178.68873100498297 97.27212348472176 267.84794985451754 132.94704839045954 285.3596145738364 chalk-brood 0
213.25814955485825 127.18381427987316 164.00671071335015 91.2652849116767 118.24856115849187 154.00879763180353 167.49999999999997 189.927327 chalk-brood 0
509.7247912649625 255.45041651398424 347.2555288118162 206.69703614948492 240.86107724218016 561.2535396450406 403.33033969532653 610.00692000954 chalk-brood 0
312.2939037438582 175.84490863536496 268.124999 127.32558099999997 241.65331298225135 151.42371745634762 285.8222177261096 199.94304509171258 chalk-brood 0
370.3874258935091 188.97176122713833 360.624999 106.10465099999999 301.6929061219585 113.04733606318632 311.4553330154676 195.91444629032466 chalk-brood 0
347.31787744488895 306.2939994558308 301.17035200132375 297.0771107760143 288.427489722644 360.87863661162095 334.57501516620925 370.0955252914374 chalk-brood 0
544.3868210136169 243.22547931180088 478.3798645318854 229.6171941136002 444.316709287154 394.8404513515313 510.32366576888546 408.4487365497321 chalk-brood 0
566.9483325741409 492.8650603729323 553.3702663706326 392.97680518331856 506.732033028843 399.31645961744005 520.3100992323513 499.20471480705373 chalk-brood 0
614.2356911569769 512.4390527178493 563.2305813738326 478.55597921647336 507.181897415919 562.9275837687594 558.1870071990634 596.8106572701354 chalk-brood 0
508.8679773053378 16.932404817389056 471.46131377165625 10.451798072174995 454.0880694979828 110.73177625688666 491.4947330316643 117.21238300210072 chalk-brood 0
640.0144297160547 81.41576394018384 639.3750009999999 8.881784197001252e-16 547.2973466570819 0.7231658028424022 547.9367753731367 82.13892974302622 chalk-brood 0
481.9296650872789 312.7408286903546 437.16111071056565 268.7899629678355 401.48144462328673 305.13343527748094 446.249999 349.08430100000004 chalk-brood 0
640 136.874999 639.375001 118.83720900000002 629.9010802268423 119.16547488009412 630.5260792268423 137.20326488009414 chalk-brood 0