129.77137700000003 609.1499410000001 125.89044499650296 275.6234546994601 32.98495 276.704508 36.86588200349707 610.23099430054 capped-brood-cells 0
277.22649801110697 389.5797879545314 275.687973 257.359247 220.33852298889303 258.0032960454685 221.877048 390.223837 capped-brood-cells 0
480.63067951428206 491.91038299401583 479.32643500000006 379.823896 188.16159948571794 383.21190600598413 189.465844 495.298393 capped-brood-cells 0
405.86486000447405 372.4267713844961 404.420933 248.33596099999997 348.69639099552586 248.98437461550378 350.1403179999999 373.0751849999999 capped-brood-cells 0
638.6168150000001 404.629129 636.976445999572 263.6561559632007 588.42553 264.22109700000004 590.0658990004281 405.1940700367993 capped-brood-cells 0
617.7051540013452 504.5875801156045 616.769238 424.15514799999994 554.0351719986547 424.8851248843955 554.971088 505.3175570000001 capped-brood-cells 0
238.36219600105062 201.0161560902839 236.0181500053236 -0.4307299097658186 199.00130000000001 0 201.34534599572703 201.44688600004974 capped-brood-cells 0
493.19378098983395 556.1742379167024 444.85243069156894 500.6009896878527 362.6685479525664 572.0900602564363 411.0098982508314 627.663308485286 chalk-brood 0
579.8780047688232 504.2168812243486 527.9503368471627 494.7968024747138 514.1449753217665 570.8981014003763 566.072643243427 580.3181801500111 chalk-brood 0
527.3122757157005 571.9247943308046 508.27116806995593 482.81750870022614 453.8582227533793 494.4448716230554 472.89933039912387 583.5521572536338 chalk-brood 0
521.3273203623938 233.14484806541924 459.16407709848977 192.06681996158176 388.8882380812869 298.4150133402516 451.05148134519095 339.49304144408916 chalk-brood 0
294.90499947894807 215.36720176571922 287.0906585964008 134.33755288061454 235.01605551477303 139.35952576834345 242.83039639732038 220.38917465344812 chalk-brood 0
351.4973665253307 232.05003392690793 350.4671040841419 143.50949438716535 296.71710508246184 144.13493224278753 297.7473675236506 232.6754717825301 chalk-brood 0
415.24736591585116 231.3082356122361 414.2385672680964 144.61229000821712 356.7385690802698 145.28136305440916 357.7473677280245 231.97730865842814 chalk-brood 0
141.08762954177803 34.731150462271884 88.83785312018443 31.407894830029704 83.62282904604271 113.40093781579888 135.8726054676363 116.72419344804106 chalk-brood 0