140.4757237189158 312.3573392353161 112.1917978197004 284.9249369018786 88.68212110078463 309.1643726665625 116.966047 336.596775 chalk-brood 0
141.53037000000006 368.85502799999995 100.96934073613528 364.57164394722446 94.8875337695799 422.1626391295921 135.44856303344469 426.44602318236764 chalk-brood 0
96.18246712109064 346.61081548593955 41.31484097914725 343.9245860828095 35.77953699701993 456.98603538400675 90.64716313896332 459.6722647871368 chalk-brood 0
276.6986922764767 431.3487136286613 262.3432760410672 399.99396221550865 217.0402537645905 420.7354355868474 231.39567 452.09018700000007 chalk-brood 0
46.95663130246987 312.4325889568628 41.90566858119037 229.76546237754553 9.279162278720499 231.75894242068273 14.330124999999999 314.426069 chalk-brood 0
94.6686487461694 134.7944550989148 73.85316500000002 124.31019600000002 55.18938425383065 161.36532990108526 76.00486800000003 171.84958900000004 chalk-brood 0
212.428406 92.65703200000002 189.73209053880336 88.42704222863722 180.81681258344813 136.26260964983322 203.51312804464476 140.49259942119602 chalk-brood 0
255.22330848839425 69.98075846991371 217.88391140310216 56.384766672796545 203.37378900532428 96.23468935969463 240.71318609061638 109.83068115681179 chalk-brood 0
193.9941052462727 229.3231498041118 172.08930896660888 209.32151457004667 128.72633118982424 256.81049150440947 150.63112746948806 276.8121267384746 chalk-brood 0
247.9339226054571 169.25594362018137 214.06836574941258 123.81732824400319 156.17130581449558 166.968206825829 190.03686267054005 212.40682220200716 chalk-brood 0
251.7975114521535 292.7627841491025 227.78194844611681 204.14994522776715 171.16142699435153 219.49505454727148 195.17699000038823 308.10789346860685 chalk-brood 0
298.6458066243779 262.39529834464713 272.0666503104627 241.88050315553627 231.52038468608484 294.41261581088924 258.09954100000004 314.92741100000006 chalk-brood 0
387.79856600000005 261.68147500000003 322.1343146980428 177.952887250755 266.8558472587037 221.30509555975698 332.5200985606609 305.033683309002 chalk-brood 0
367.760431122716 301.6660296381195 278.15718994939937 287.3863429407355 267.47330066767154 354.42640679277014 357.07654184098817 368.7060934901541 chalk-brood 0
421.2501046097572 278.0056192067801 371.3916642250068 276.3308940266721 367.7439225427711 384.92824084090626 417.6023629275215 386.6029660210143 chalk-brood 0
568.5451010348983 317.72663427065953 542.8370303563257 302.5768417646951 513.9618623214274 351.5758534940355 539.6699329999999 366.725646 chalk-brood 0
522.7385107696465 453.6284130753801 521.6362560790708 382.73163244527495 489.1869298937271 383.2361323911953 490.28918458430275 454.1329130213004 chalk-brood 0
538.963966928135 270.1016430937833 481.87330274716135 266.75579845513704 479.3861660148769 309.194196913611 536.4768301958505 312.5400415522572 chalk-brood 0
401.2712491689739 74.70021317960968 368.31856570253126 66.68763679120681 352.25334521340193 132.757787006949 385.2060286798446 140.77036339535186 chalk-brood 0
660.350814902263 121.94178640204956 629.797528604779 98.14558274398536 574.7513283039782 168.82250001810127 605.3046146014623 192.6187036761655 chalk-brood 0
626.7884252377348 113.14053411075929 561.958557241552 37.48282917075488 506.9976316204136 84.57796053631671 571.8274996165965 160.23566547632112 chalk-brood 0
530.91659837615 194.96289066287812 512.0838504143775 128.34209762943394 487.08512607192415 135.40888043808206 505.91787403369665 202.02967347152628 chalk-brood 0
518.9684510000001 31.512122000000065 489.58859400000006 31.019523000000063 489.0940663025533 60.51441242024858 518.4739233025533 61.00701142024859 chalk-brood 0
511.672335 66.64449600000007 472.0381744090271 66.1139872075146 471.536415654005 103.60024069881402 511.17057624497784 104.13074949129948 chalk-brood 0
511.32281599999993 6.567175000000056 459.59880540021186 2.8003718165689335 457.69903099999993 28.887201000000054 509.42304159978795 32.65400418343118 chalk-brood 0
451.38106899999997 17.278227000000065 399.8880539609054 9.635024402274702 395.0546180925755 42.19836191376291 446.54763313167 49.84156451148827 chalk-brood 0
593.10005 7.092492388052404e-14 565.191858 6.921603998038454e-14 565.191858 40.97229600000007 593.10005 40.97229600000007 chalk-brood 0