479.54367573000985 255.59536718027323 427.49034699999993 250.72164900000004 418.14858894945866 350.4954940879784 470.2019176794686 355.36921226825154 swarm-cells 0
423.86264061330803 361.53892366908747 385.91824815411155 295.68388856743354 343.8204052916236 319.9398481731662 381.76479775082 385.7948832748201 swarm-cells 0
392.970144586679 339.97688484612746 351.45848333566323 333.49903572780204 336.5578367489842 428.98606888167467 378.06949799999995 435.46391800000004 swarm-cells 0
292.755265220965 305.7459026209082 263.43843481522634 302.6088559627238 254.85305359426138 382.84233434181556 284.169884 385.9793810000001 swarm-cells 0
187.2264310869096 226.38391527097812 160.70167977365213 223.54563538569917 151.39030668674258 310.5637821147211 177.91505800000004 313.40206200000006 swarm-cells 0
146.86082603957766 203.06034517784536 113.73319741916126 197.54617953217286 100.30866437958363 278.1971743543275 133.43629300000003 283.71134 swarm-cells 0
604.207554620059 390.3746280428661 585.8720742487787 389.1260903337556 582.1278396287198 444.11228729088964 600.4633200000001 445.3608250000001 swarm-cells 0
563.607722 353.6989690000001 528.247104 353.6989690000001 528.247104 430.79587600000013 563.607722 430.79587600000013 capped-drone-cells 0
516.237838 365.78969100000006 478.010811 365.78969100000006 478.010811 432.1649480000001 516.237838 432.1649480000001 capped-drone-cells 0
352.5312740000001 471.373196 287.7652510000001 471.373196 287.7652510000001 517.393814 352.5312740000001 517.393814 capped-drone-cells 0
174.41853300000005 411.975258 115.68185300000007 411.975258 115.68185300000007 488.51134 174.41853300000005 488.51134 capped-drone-cells 0
173.38069500000006 276.668041 98.38455600000003 276.668041 98.38455600000003 342.812371 173.38069500000006 342.812371 capped-drone-cells 0
294.869498 363.579381 227.65714300000008 363.579381 227.65714300000008 408.775258 294.869498 408.775258 capped-drone-cells 0
471.95675700000004 444.96494800000005 436.00308900000005 444.964948 436.00308900000005 505.00618600000007 471.9567570000001 505.00618600000007 capped-drone-cells 0
568.74749 492.2721650000001 520.833977 492.2721650000001 520.833977 579.23299 568.74749 579.23299 capped-drone-cells 0
411.230888 383.38969099999997 378.3660229999999 383.38969099999997 378.3660229999999 462.4 411.230888 462.4 capped-drone-cells 0