381.816479 422.9606830000001 281.3126777303235 415.0840930876595 277.2343133345834 467.12325334565355 377.73811460425986 474.99984325799414 swarm-cells 0
337.6932531669179 381.84579011643723 313.56403771303644 340.3840693758548 247.3806076865635 378.90042166565655 271.509823140445 420.362142406239 swarm-cells 0
297.79065569661867 345.6709876150703 199.11604086843874 342.1969117449903 197.63254771865581 384.3327546653401 296.3071625468358 387.8068305354201 swarm-cells 0
332.5027592715125 259.3862120636899 251.6216636369951 252.2371864814371 249.01700386947607 281.70522143644683 329.8980995039935 288.85424701869965 swarm-cells 0
412.73711299999997 163.19412800000003 329.1594110358948 146.21676491025136 323.4924189999999 174.11474700000002 407.07012096410523 191.0921100897487 swarm-cells 0
437.38125260448106 104.95895825497902 355.013255451637 101.80154471979779 353.6945099580296 136.20388823687773 436.06250711087364 139.36130177205894 swarm-cells 0
240.45618400000006 585.1906969999999 186.3304373024202 579.050115616376 184.15804900000006 598.198488 238.28379569757993 604.3390693836238 swarm-cells 0
277.49176290239916 560.2643398394912 277.08044400000006 524.91569 198.95499609760088 525.8247621605088 199.366315 561.173412 capped-drone-cells 0
266.31126015648135 513.0341736848114 265.86659900000006 474.82008499999995 198.37942584351873 475.6053693151886 198.82408700000002 513.8194580000002 capped-drone-cells 0
163.60384300000004 285.8031 117.60658657680236 285.00021499963265 116.45273 351.10462199999995 162.4499864231977 351.90750700036733 capped-drone-cells 0
226.6887398682096 171.7453449774381 226.00550800000002 113.02854499999998 147.76094113179036 113.93900302256188 148.44417299999998 172.65580300000005 capped-drone-cells 0
361.6146500000001 94.15680600000005 295.50389700569275 93.00283893329234 294.16125800000003 169.92260400000004 360.2720109943073 171.0765710667078 capped-drone-cells 0
272.44684900000004 224.440698 227.2739149104745 223.65220151624948 226.07777600000006 292.17895500000003 271.2507100895256 292.9674514837506 capped-drone-cells 0
187.84280717215384 469.6751501189738 187.42458999999997 433.7336509999999 126.33756082784613 434.4444628810261 126.75577799999999 470.385962 capped-drone-cells 0
139.19397960451656 567.0123041945452 138.636644 519.1150079999999 50.282150395483455 520.1431058054546 50.839486 568.040402 capped-drone-cells 0
250.38819381847838 408.2338335538861 250.00590600000004 375.38009200000005 170.03965018152167 376.31058344611404 170.421938 409.1643250000001 capped-drone-cells 0