215.08454897693468 327.3218322380617 177.68104118514492 308.09947697546596 154.65502996459315 352.90426693674794 192.05853775638292 372.12662219934373 bee-larvae 0
234.813352 290.15957 188.52945607761035 254.27593930882324 156.12208680231765 296.076038065968 202.40598272470731 331.95966875714475 chalk-brood 0
228.33468201544895 239.3382334867651 188.1636704545444 207.17752505365777 153.8906506839499 249.9869636670919 194.06166224485446 282.1476721001992 bee-larvae 0
265.61505851099486 200.4470858566255 211.31352657896116 198.71013646195863 210.12568006796624 235.84529160533316 264.42721199999994 237.582241 bee-larvae 0
377.0664228304813 381.0358783859731 316.3849206095849 380.19529609551694 315.68508028520864 430.71665810859554 376.36658250610503 431.5572403990517 bee-larvae 0
335.66691435689734 288.9451917191065 306.8516633510019 256.3296171534094 267.6358851563809 290.9760248011838 296.4511361622763 323.5915993668809 bee-larvae 0
526.401927890498 259.42505861105656 462.45391683815575 258.30884061512415 461.56470989412855 309.2514124887967 525.5127209464707 310.3676304847291 bee-larvae 0
479.5784763328029 288.11441811853564 478.1763301656531 239.92575613060265 413.23130980597864 241.81546229002223 414.63345597312843 290.0041242779552 bee-larvae 0
430.01413508834924 232.609462844038 396.46435455113976 211.2785075742715 371.91565051921077 249.88923186337388 405.46543105642013 271.22018713314037 bee-larvae 0
434.65023631089355 31.634833467963475 377.06771004565417 29.959352901769847 375.72718245060526 76.03029338814304 433.30970871584464 77.70577395433666 bee-larvae 0
222.35750944992108 563.4190152981662 167.00031726644676 534.969929870771 142.2619005342964 583.1067774629896 197.61909271777074 611.5558628903848 chalk-brood 0
186.86326363895677 340.12991003590605 186.01954890063092 291.79360907949075 105.47149460260297 293.1995830412963 106.31520934092882 341.5358839977116 chalk-brood 0
278.46672812143197 109.8933880882654 225.45463839438924 103.7708097768963 220.94597369802673 142.8088955762877 273.95806342506944 148.9314738876568 chalk-brood 0
74.22306130168377 529.7502794075521 0.2196229969454393 527.3831210697508 -1.3356589100298102 576.0052207456968 72.66777939470852 578.372379083498 chalk-brood 0
477.289069112461 520.4898590385285 406.97863350742784 518.444035317195 405.5120179427312 568.8483678819466 475.8224535477643 570.8941916032801 chalk-brood 0
527.7798627106123 511.74938508527873 486.3912183232313 480.42615654645994 450.93160122116535 527.2803778643956 492.3202456085463 558.6036064032145 chalk-brood 0
270.7658927966196 524.8466738346136 268.5781618681899 474.0958844286643 197.9135525537061 477.1420469248988 200.1012834821358 527.8928363308481 chalk-brood 0
227.8821430008189 135.60008346121472 173.74508247509493 112.20347633524923 151.2027485978285 164.36384672289748 205.33980912355247 187.76045384886294 chalk-brood 0
199.85975032862223 105.76608987155241 107.15766985279734 103.06873322221642 105.54330818378116 158.5507123646732 198.24538865960602 161.2480690140092 chalk-brood 0
238.15705175501648 115.02247945777367 204.08349299137274 63.983490682662335 152.3349720643329 98.53073213582717 186.40853082797662 149.56972091093849 chalk-brood 0
121.89063200000004 529.515803 102.13086771477694 488.2482958577151 43.03789163225426 516.5432755926679 62.79765591747733 557.8107827349529 chalk-brood 0
120.04251059798935 478.183700977993 78.09358909631595 447.27994004730056 46.563017954923794 490.0796969014755 88.51193945659719 520.9834578321679 chalk-brood 0