330.49458117258723 560.9049459865555 271.843220374534 496.1834749153851 206.48226673436827 555.4143423633562 265.13362753242154 620.1358134345267 chalk-brood 0
382.5000010000001 499.3404479999999 310.0000000000001 499.3404479999999 310.0000000000001 608.679104 382.5000010000001 608.679104 chalk-brood 0
461.5404548124012 604.5353076294259 459.0551877510619 497.7578336940569 389.26058164843454 499.38231711001595 391.7458487097739 606.1597910453851 chalk-brood 0
500.138190441455 507.76944285618987 496.64613516606244 409.18646366237476 424.614603549175 411.7380003681466 428.10665882456755 510.3209795619616 chalk-brood 0
573.75 403.0054690000002 503.75 403.0054690000002 503.75000000000006 498.33352000000014 573.75 498.33352000000014 chalk-brood 0
402.62734810219104 375.9928264070585 355.1215166397852 317.0514782428352 312.07287937492487 351.74802608718903 359.5787108373307 410.68937425141246 chalk-brood 0
445.8595025319456 447.40628761870244 379.60919435225867 401.27014659004317 327.6247592305237 475.9184541982265 393.87506741021065 522.0545952268858 chalk-brood 0
189.33585424856187 436.88838599730724 121.94614835039886 429.7198020682896 111.96539470600429 523.5458714004992 179.35510060416732 530.7144553295168 chalk-brood 0
345.83658581337784 516.3548415705127 341.100429569223 416.1035835514576 270.3471227643766 419.4461721876489 275.0832790085314 519.697430206704 chalk-brood 0
71.80756825561294 363.87470605285307 18.418373967158892 361.98664546014993 15.900253777593882 433.1922034607482 69.28944806604792 435.0802640534513 chalk-brood 0
77.49999900000003 179.607422 11.249999000000024 179.607422 11.249999000000027 266.19339 77.49999900000003 266.19339 chalk-brood 0
399.62355485842534 189.93844293306614 342.67658750779424 142.09538259637657 289.38137895786593 205.5319704709692 346.3283463084971 253.37503080765882 chalk-brood 0
156.062455252168 257.85157716515874 152.4524479669048 161.03833589040104 84.06709816117628 163.58831363883039 87.67710544643947 260.4015549135881 chalk-brood 0
304.82689527606976 254.53205831468358 301.3609814251175 156.68683638646797 232.76547143483498 159.1166548640926 236.23138528578733 256.9618767923082 chalk-brood 0
230 154.20274 160 154.20274 160.00000000000003 263.022136 230.00000000000003 263.022136 chalk-brood 0
198.23328686590355 74.61211329037931 127.03955935337612 73.69031293295536 125.79572491561662 169.75581054245794 196.98945242814403 170.67761089988187 chalk-brood 0
571.249999 6.349285400664445e-14 425.000001 5.45376244103441e-14 425.000001 152.48425400000005 571.249999 152.48425400000005 chalk-brood 0