626.665471 13.730909000000063 374.185582 13.730909000000047 374.185582 226.21090900000007 626.665471 226.21090900000007 capped-brood-cells 0
320.92271400000004 128.00000000000006 212.344937 128.00000000000003 212.344937 190.83636400000003 320.92271400000004 190.83636400000006 swarm-cells 0
317.32564117794476 221.78967347291805 208.99882373729105 217.5483204737933 206.74519404687632 275.1074371289676 315.07201148753 279.3487901280924 swarm-cells 0
274.6995371278159 272.3722921163973 215.24799698467785 272.0264138580372 214.9095057390157 330.2082318624258 274.3610458821538 330.55411012078594 swarm-cells 0
290.68838380840714 343.77881692201595 248.9821336429853 309.7890018826071 211.26176200000003 356.07272700000004 252.96801216542184 390.06254203940887 swarm-cells 0
313.5626445463138 402.73146198299145 238.49476732244665 392.89415534613454 231.5343836257711 446.0084119268351 306.60226084963824 455.845718563692 swarm-cells 0
378.18283800000006 518.9818180000001 245.82593768854264 516.465039288515 244.87283418637242 566.5885660998206 377.22973449782984 569.1053448113056 swarm-cells 0
472.355643 346.135273 296.064966 346.135273 296.064966 399.10400000000004 472.355643 399.1040000000001 empty-cells 0
389.177451 162.04800000000003 307.6239263515497 161.57353567241915 306.8228669999999 299.264 388.37639164845024 299.7384643275809 empty-cells 0
410.754098 4.3732873271510614e-14 303.045775 3.713764062133665e-14 303.045775 70.84218200000004 410.754098 70.84218200000005 empty-cells 0
638.7055150000001 168.40145500000008 574.707681144894 168.029126407183 574.096771 273.0356360000001 638.0946048551061 273.40796459281717 empty-cells 0