113.3842700366857 312.63637608234154 17.901599619051616 301.62705417361656 -19.259214995594036 623.9188214339615 76.22345542204006 634.9281433426866 chalk-brood 0
163.74810066881344 239.73684336962214 109.78483351596626 145.38499124935993 71.20629509304197 167.44946511500402 125.16956224588915 261.80131723526625 chalk-brood 0
235.798509771456 170.92369641526324 175.1674215750656 95.43192274543082 132.77105932911175 129.48248817237305 193.40214752550213 204.97426184220552 chalk-brood 0
176.75365713178996 442.85528931787144 132.95438541272398 353.88182724679757 97.21709167037827 371.4743475634141 141.01636338944422 460.44780963448795 chalk-brood 0
213.30677229974395 511.6418744080421 167.50000000000006 449.09818700000005 118.1849278348887 485.2163689497618 163.9917001346326 547.7600563578039 chalk-brood 0
509.935067544154 382.283607484011 403.42275378643427 27.954002824225938 240.71640966412366 76.86391311006545 347.22872342184337 431.1935177698505 chalk-brood 0
312.2812970115824 462.3521404305736 285.8230709208077 438.3931479828891 241.66677290922547 487.1555205523156 268.1249990000001 511.1145130000001 chalk-brood 0
370.35802219070354 449.12314877180984 311.4651890347847 442.1898407915377 301.7321658440812 524.8639860197277 360.624999 531.7972939999999 chalk-brood 0
347.5810051572663 331.6312792682104 334.49662301949155 267.9740869122668 288.284841827655 277.4726617315938 301.3692239654297 341.1298540875374 chalk-brood 0
544.4392162665439 393.8612088683121 510.3460783112389 228.69086857018135 444.26633044808676 242.33052055542163 478.3594684033916 407.50086085355235 chalk-brood 0
566.933521338459 143.94557683417946 520.330806193512 137.61575633893125 506.7578448418934 237.54542290968146 553.3605599868404 243.8752434049297 chalk-brood 0
614.2194458899874 124.46193186146962 558.667350302657 40.09902542002851 507.4643265523657 73.81568348361643 563.016422139696 158.17858992505754 chalk-brood 0
508.8602702706589 620.1802872010269 491.5179761929779 519.9780603402016 454.0685756395949 526.459538225236 471.4108697172759 626.6617650860612 chalk-brood 0
640.0127729873539 555.0716950358194 547.9393251875535 554.3485953095752 547.3002901945981 635.7179458025383 639.3737379943984 636.4410455287825 chalk-brood 0
481.9360198265892 324.87705341341905 446.24999900000006 288.319492 401.38145147987063 332.1183631324275 437.06747230645976 368.67592454584644 chalk-brood 0
647.9142422157771 504.7085933037848 640.0000000000001 499.40159000000017 630 514.3144170000003 637.914242215777 519.6214203037849 chalk-brood 0