332.1817581086466 611.7631279894983 318.23920754888206 516.7245683882053 -2.1899859654053273 563.7328590245539 11.7525645943592 658.771418625847 chalk-brood 0
487.4719863469707 515.6596608661561 393.4067587757029 464.43599667863674 371.83878638503444 504.0426172388537 465.90401395630226 555.266281426373 chalk-brood 0
537.992858494642 448.9023795923599 462.77042163953547 390.41327035431425 428.8266767371059 434.068084743041 504.04911359221245 492.5571939810867 chalk-brood 0
279.350951431727 498.69941343271216 190.1994024434612 457.2953621516365 173.19545297197024 493.90840815553076 262.34700196023607 535.3124594366064 chalk-brood 0
184.42929200000003 466.97367900000006 121.72216243516323 422.69086965757924 85.87974839499378 473.4458902741318 148.5868779598306 517.7286996165526 chalk-brood 0
587.7840641944458 197.28757324483638 209.10861581111624 196.08323778095038 208.5796984362341 362.3890803781351 587.2551468195637 363.59341584202116 chalk-brood 0
194.31399000000005 346.72669300000007 167.71781846800303 321.33306809654584 122.998424 368.170205 149.59459553199704 393.56382990345423 chalk-brood 0
191.98038399763846 324.13436752400025 186.68754884686217 265.9941587056313 102.6135153904674 273.6478979781494 107.90635054124368 331.7881067965183 chalk-brood 0
366.96224208259605 298.02914573662275 308.7736402700989 275.29923772592804 290.86024259363944 321.1575651777581 349.0488444061366 343.8874731884528 chalk-brood 0
404.3387015634088 160.33782768883077 398.8345933845489 93.69789161240521 229.3992671406869 107.69235829222177 234.90337531954685 174.3322943686473 chalk-brood 0
499.3598342156755 87.77824566396308 476.45633190267483 42.709449473993516 392.3211064958997 85.46611245621389 415.22460880890037 130.53490864618345 chalk-brood 0
594.8183411091848 62.34358824074644 509.91048949523145 10.784511672932553 477.74244121023344 63.75908089161686 562.6502928241866 115.31815745943075 chalk-brood 0
113.82139100000003 154.13480999999996 21.86916636537361 119.58900501715647 7.728939822887831 157.22672363638944 99.68116445751426 191.77252861923296 chalk-brood 0
81.278773 6.012241500874743e-15 3.8253679741566365e-17 1.0353520412210275e-15 5.654984046384099e-15 91.728168 81.278773 91.728168 chalk-brood 0
346.82981599999994 183.59268500000002 312.2368441209472 148.97947738903434 266.468733591493 194.72083075615768 301.0617054705457 229.33403836712336 chalk-brood 0
131.159595 1.5364888700311866e-14 119.76808 1.466735958120241e-14 119.76808 6.449570000000014 131.159595 6.449570000000015 chalk-brood 0