612.3629871739794 347.3557442548174 610.4100040000001 11.666567 517.4919268260209 12.207148745182511 519.4449100000002 347.896326 capped-brood-cells 0
424.90821696660555 368.4574435417222 424.131484 234.94845699999996 368.7745380333944 235.27051445827772 369.55127099999993 368.779501 capped-brood-cells 0
460.4109352662371 241.29732883207635 457.1517590000001 129.2867 163.37984773376294 137.83458916792367 166.63902400000006 249.84521800000005 capped-brood-cells 0
296.50662176028356 379.72787928855394 295.77713600000004 254.33989100000002 240.04504723971647 254.66413071144612 240.77453300000002 380.05211900000006 capped-brood-cells 0
56.881377241571876 368.50640869891606 56.054644999999994 226.40324799999996 7.497153758428119 226.68574730108384 8.323886 368.78890799999994 capped-brood-cells 0
92.20598106184386 207.5394966085467 91.729543 125.64671500000003 28.98698093815616 126.01174039145336 29.463419 207.90452200000001 capped-brood-cells 0
444.7540651909576 628.0291580244381 443.56359799999996 423.405302 406.54173480904234 423.62068897556213 407.732202 628.2445450000001 capped-brood-cells 0
283.48073805331984 50.93426353328016 233.7963992242568 -1.0081832503707773 152.86927146450074 76.40077772572553 202.5536102935638 128.34322450937648 chalk-brood 0
133.15253809446887 60.20335428284686 81.80194295787135 49.85778237763897 66.45123826861746 126.05152292498722 117.80183340521498 136.3970948301951 chalk-brood 0
193.4784312074974 133.29256436070224 169.2732711101072 46.56096735827389 116.43021847319613 61.30847107454281 140.63537857058634 148.04006807697115 chalk-brood 0
257.04060111575393 335.3282249778929 199.13961763615336 290.3424552309417 119.94428278972154 392.2744172802396 177.8452662693221 437.2601870271909 chalk-brood 0
406.5876830865635 488.0649246726206 404.22770365986014 406.9576933651288 351.72770465901414 408.48528733605633 354.08768408571757 489.59251864354815 chalk-brood 0
349.38852361485027 396.1957088045484 295.93952330783287 392.8911802548366 290.4392377400418 481.85538818313046 343.8882380470592 485.15991673284236 chalk-brood 0
288.75200143177403 397.22562982701925 231.78288191470108 394.8029452566183 228.08078936843083 481.8571805906169 285.0499088855038 484.2798651610179 chalk-brood 0
561.6703337367194 510.78054280753355 509.34481448085467 505.64535506762303 501.2591315591807 588.035245923345 553.5846508150454 593.1704336632555 chalk-brood 0