580.647385 113.42451600000005 332.406154 113.42451600000003 332.406154 423.68000000000006 580.647385 423.68000000000006 capped-brood-cells 0
147.13107700000006 319.855484 58.02338500000004 319.855484 58.02338500000005 487.535484 147.13107700000006 487.535484 capped-brood-cells 0
248.9600000000001 262.049032 145.98892300000006 262.049032 145.98892300000006 428.077419 248.9600000000001 428.077419 capped-brood-cells 0
81.01415400000002 22.585806000000005 2.765963502406309e-15 22.585806 1.5321516548040925e-14 227.633548 81.01415400000005 227.633548 wax-sealed-honey-cells 0
48.47261500000005 319.876129 0.009846000000039174 319.876129 0.00984600000004715 450.105806 48.472615000000054 450.105806 wax-sealed-honey-cells 0
260.499692 14.307097000000027 165.68123100000003 14.307097000000022 165.68123100000003 137.31096800000003 260.499692 137.31096800000006 wax-sealed-honey-cells 0
533.405538 5.293488683275305e-14 331.086769 4.0546435189588916e-14 331.086769 46.98838700000006 533.405538 46.988387000000074 wax-sealed-honey-cells 0
633.127385 99.65419400000007 571.332923 99.65419400000005 571.332923 262.8748390000001 633.127385 262.8748390000001 wax-sealed-honey-cells 0
74.83076900000006 532.645161 35.44615400000007 532.645161 35.44615400000007 623.483871 74.83076900000007 623.483871 swarm-cells 0
104.36923100000004 524.387097 72.86153800000005 524.387097 72.86153800000007 602.83871 104.36923100000007 602.83871 swarm-cells 0
185.3293652288508 441.9433366350919 161.47692300000006 437.677419 147.10442213931444 518.0397878473358 170.95686436816518 522.3057054824277 swarm-cells 0
206.15378697385722 444.3809682961532 185.10769200000004 441.80645200000004 177.8462130261429 501.1674187038468 198.8923080000001 503.741935 swarm-cells 0
226.46153800000005 433.54838700000005 200.86153800000005 433.54838700000005 200.86153800000005 487.22580600000003 226.46153800000005 487.22580600000003 swarm-cells 0
276.9832984963186 390.6059876264469 257.96923100000004 388.12903200000005 247.98562793613434 464.76702280046686 266.9996954324529 467.2439784269137 swarm-cells 0
310.6927078800992 406.51444887071125 285.538462 400.516129 268.2611391199008 472.96942212928866 293.415385 478.96774199999993 swarm-cells 0
350.52307700000006 421.16129 317.046154 421.16129 317.04615400000006 495.483871 350.52307700000017 495.483871 swarm-cells 0
372.32050832316827 463.1613923138956 353.97000688886527 462.4320777967656 351.864883565697 515.3997174828701 370.2153850000001 516.129032 swarm-cells 0
405.1795798366211 464.414868647478 385.969231 462.451613 378.574266163379 534.810938352522 397.78461500000003 536.7741940000001 swarm-cells 0
498.25956856275593 458.07553313074936 476.553846 454.1935480000001 464.69427743724407 520.5051118692509 486.4 524.3870970000002 swarm-cells 0
449.19400092497983 468.9535389895958 405.99276434152495 463.80262268220395 395.9372254165453 548.1394066926081 439.1384620000001 553.2903230000001 swarm-cells 0
551.7013421167954 446.88838742665484 525.7920046182321 445.7650459639172 523.2904144083078 503.46303645211367 549.1997519068711 504.58637791485125 swarm-cells 0
594.9887954364933 481.9116379253328 592.2282973101287 412.45391613666754 543.8943867504249 414.3748785020314 546.6548848767895 483.83260029069663 swarm-cells 0