226.21090900000002 13.254645000000014 13.730909 13.254645 13.730909000000015 264.498361 226.21090900000007 264.498361 capped-brood-cells 0
190.83636400000006 318.251366 128.00000000000006 318.251366 128.00000000000006 426.666667 190.83636400000006 426.666667 swarm-cells 0
276.945455 321.748634 218.76363600000005 321.748634 218.76363600000005 430.163934 276.945455 430.163934 swarm-cells 0
336.7671546433167 415.54028713894024 326.8919177328414 356.1809212021436 270.2770212965911 365.59957832805173 280.1522582070664 424.95894426484836 swarm-cells 0
381.28877428228225 363.51172226119894 337.5301690185405 346.04010441875124 312.3141217362583 409.1950491575524 356.072727 426.6666670000001 swarm-cells 0
457.2408592278556 333.37108989004867 406.38589208497365 319.834421811992 386.5904268842871 394.2026287115069 437.4453940271691 407.7392967895636 swarm-cells 0
569.1132602686387 391.4488150164474 566.5739639583861 257.8929450440038 514.3289539812969 258.8862788532276 516.8682502915494 392.4421488256712 swarm-cells 0
399.1039999999999 165.63060100000007 346.135273 165.63060100000007 346.135273 341.613115 399.1039999999999 341.613115 empty-cells 0
299.264 249.87978100000004 162.04800000000006 249.87978099999998 162.04800000000006 331.436066 299.264 331.436066 empty-cells 0
70.84218200000002 229.245902 2.8074526010194777e-14 229.245902 3.4644521873919995e-14 336.542077 70.84218200000002 336.542077 empty-cells 0
273.035636 0.314754000000027 168.401455 0.31475400000002063 168.401455 64.31475400000002 273.035636 64.31475400000002 empty-cells 0