267.0505066463863 15.284098195728165 13.334529000000002 13.808022 12.098440353613768 226.2736388042719 265.81441800000005 227.74971500000004 capped-brood-cells 0
427.77242203834203 192.54549666400106 427.4047202920628 129.34290855886064 318.99675818984775 129.97360736678363 319.364459936127 193.17619547192405 swarm-cells 0
431.77207693401056 278.9190853179409 431.4345332500194 220.90003252384733 323.02657243090346 221.53072917790539 323.3641161148946 279.549781971999 swarm-cells 0
426.6748017356066 282.1320852146205 367.15831098520647 272.5315313173191 358.01965348105006 329.1845984877546 417.53614423145024 338.785152385056 swarm-cells 0
428.738238 358.55500100000006 411.3832879348806 314.54833972876867 348.0821342752854 339.5124776363383 365.4370843404048 383.5191389075697 swarm-cells 0
410.07275235841496 439.87271148146874 396.75581666360995 388.8045392855315 322.53803087707456 408.15814914135353 335.8549665718795 459.22632133729076 swarm-cells 0
395.4509260640955 519.0206827663109 261.85978353187244 517.2577304604032 261.17883800119523 568.8577034945788 394.76998053341833 570.6206558004865 swarm-cells 0
344.2431760836758 348.1263055569814 167.64435700000007 347.098884 167.33621491632434 400.06402544301875 343.935034 401.09144700000013 empty-cells 0
333.177133 301.192239 332.37331329333347 163.02730973168863 250.82254899999992 163.50175799999994 251.62636870666657 301.6666872683113 empty-cells 0
337.3663449347748 1.962740451442653 229.24590200000006 1.333714000000028 228.83378206522514 72.17110054855742 336.954225 72.80012700000005 empty-cells 0
65.903229 273.40980799999994 65.29015271134699 168.03097000944163 1.2944849999999892 168.40328599999998 1.9075612886529831 273.7821239905583 empty-cells 0