481.815385 207.59727900000001 185.917949 207.597279 185.91794900000002 380.506122 481.815385 380.5061220000001 capped-drone-cells 0
211.528205 97.62176900000003 125.45641 97.62176900000003 125.45641000000002 188.897959 211.528205 188.897959 capped-drone-cells 0
342.769231 79.28163300000003 259.323077 79.28163300000003 259.323077 159.56462600000006 342.769231 159.56462600000006 capped-drone-cells 0
183.01538500000004 190.410884 2.3794870000000232 190.410884 2.379487000000038 425.42585 183.01538500000007 425.42585 capped-brood-cells 0
324.6461540000001 423.009524 176.19487200000006 423.009524 176.19487200000006 640 324.64615400000014 640 capped-brood-cells 0
185.60000000000005 577.665306 7.074359679713763e-14 577.665306 7.455982951849602e-14 639.989116 185.60000000000005 639.989116 capped-brood-cells 0
481.8051280000002 541.006803 416.9435900000001 541.006803 416.9435900000001 613.387755 481.8051280000002 613.387755 capped-drone-cells 0
640 6.511604036909361e-14 423.425641 5.185468559275663e-14 423.425641 168.70748300000005 640 168.70748300000005 wax-sealed-honey-cells 0
640 173.23537400000006 507.651282 173.23537400000006 507.651282 447.4340140000001 640 447.4340140000001 worker-bee 0
280.605128 1.9642078599334e-14 40.17435900000001 4.919940015714666e-15 40.17435900000001 90.77551000000001 280.605128 90.77551000000003 worker-bee 0
123.43589700000001 104.50068000000002 0.010256000000012798 104.50068 0.010256000000018022 189.812245 123.43589700000003 189.812245 worker-bee 0
170.92307700000006 420.712925 2.3692310000000516 420.712925 2.3692310000000627 600.544218 170.92307700000006 600.544218 worker-bee 0
466.27692300000007 460.80000000000007 366.21538499999997 460.79999999999995 366.2153850000001 559.281633 466.2769230000001 559.281633 worker-bee 0
363.50769200000013 565.072109 270.1333330000001 565.072109 270.1333330000001 640 363.50769200000013 640 worker-bee 0
459.05641 353.92653100000007 350.54359 353.92653100000007 350.54359 461.96462600000007 459.05641 461.96462600000007 worker-bee 0
534.492308 529.545578 479.5794870000001 529.545578 479.5794870000001 637.213605 534.492308 637.213605 worker-bee 0
504.266667 279.7931970000001 452.5743590000001 279.793197 452.5743590000001 386.9387760000001 504.266667 386.93877600000013 worker-bee 0
296.030769 120.13061200000003 183.887179 120.13061200000003 183.887179 201.87210900000002 296.030769 201.87210900000002 worker-bee 0
415.312821 56.38095200000005 326.266667 56.380952000000036 326.266667 130.22040800000005 415.312821 130.22040800000005 worker-bee 0
496.48205099999996 59.79863900000006 430.98461499999996 59.79863900000006 430.98461499999996 154.97142900000006 496.48205099999996 154.97142900000006 worker-bee 0