640 5.594221695252075e-14 273.605735 3.3507038759610893e-14 273.60573500000004 640 640 640 capped-brood-cells 0
180.071685 3.2446510000000113 3.973551461500259e-16 3.244651 1.1712863724734589e-14 188.04093 180.071685 188.04093 capped-brood-cells 0
283.57276 16.78883700000003 165.16129 16.788837000000022 165.16129 172.88930200000004 283.57276 172.88930200000004 bee-larvae 0
206.78422900000004 165.62604700000003 90.09319000000004 165.62604700000003 90.09319000000005 393.763721 206.7842290000001 393.763721 bee-larvae 0
94.89892500000008 482.247442 21.264516000000057 482.247442 21.264516000000064 571.341395 94.89892500000008 571.341395 bee-larvae 0
293.58566300000007 406.4595350000001 104.68243700000005 406.4595350000001 104.68243700000005 639.985116 293.5856630000001 639.985116 capped-brood-cells 0
640 3.9188697572715304e-14 0 0 3.9188697572715304e-14 640 640 640 capped-brood-cells 0
302.245161 3.1359385710049935e-14 209.892473 2.5704414522457224e-14 209.892473 61.32093000000003 302.245161 61.32093000000004 bee-larvae 0
263.271685 57.30232600000002 178.35125400000004 57.30232600000002 178.35125400000004 150.65302300000002 263.271685 150.65302300000005 bee-larvae 0
240.35555600000004 180.09302300000002 146.810036 180.093023 146.81003600000003 275.706047 240.35555600000006 275.706047 bee-larvae 0
189.93548400000006 276.852093 106.66666700000005 276.852093 106.66666700000005 379.936744 189.93548400000006 379.936744 bee-larvae 0
114.31684600000008 485.194419 9.18709700000006 485.194419 9.187097000000065 585.36186 114.31684600000008 585.36186 bee-larvae 0
554.34552 254.52651200000005 462.222222 254.52651200000005 462.222222 382.91348800000003 554.34552 382.9134880000001 bee-larvae 0
636.834409 31.240930000000073 571.182796 31.24093000000007 571.182796 144.68465100000006 636.834409 144.68465100000006 bee-larvae 0
343.4896060000001 596.837209 250.03584200000006 596.837209 250.03584200000006 640 343.4896060000001 640 bee-larvae 0