390.84514043555987 351.5069873342154 365.9354062556085 241.31349287133565 226.31826108001712 272.8745754038369 251.2279952599685 383.06806986671666 bee-larvae 0
369.41774413196345 269.03230374166867 336.47694775416716 265.3989488894948 332.9851296222037 297.0565421478262 365.925926 300.68989700000003 varroa-mites 0
349.1534117060455 242.4810567265885 338.7416039247887 149.46427500132538 222.04872024351454 162.52626071825324 232.4605280247713 255.54304244351638 bee-larvae 0
455.0691619996962 387.9284799785828 324.9432911897767 357.2457217169459 302.1561739432567 453.88610357787434 432.28204475317614 484.5688618395112 bee-larvae 0
565.6214787444882 309.4697421645514 447.73716741154647 257.57320706956773 403.8738115054659 357.2099457126422 521.7581228384075 409.10648080762587 bee-larvae 0
600 373.68062400000014 494.814815 373.68062400000014 494.81481500000007 487.7646980000002 600 487.7646980000002 bee-larvae 0
640 190.03922500000004 499.25925899999993 190.03922500000004 499.25925899999993 304.84374400000013 640 304.84374400000013 bee-larvae 0
630.7251660208275 128.60905496273887 583.2598393716976 73.83438159995023 516.0814158749598 132.04825343679195 563.5467425240898 186.8229267995806 bee-larvae 0
647.2902200248438 308.8721384202926 545.6301626027479 299.7784127749256 538.3399425779041 381.2768233546331 640.0000000000001 390.3705490000001 bee-larvae 0
481.8438141700042 637.1967148615706 481.31280865453994 545.9246355513569 263.27265246337765 547.1931562907243 263.8036579788419 638.4652356009381 bee-larvae 0
357.037037 3.6632337391034936e-14 235.55555599999997 2.919374204791844e-14 235.55555599999997 56.09901400000004 357.037037 56.09901400000004 bee-larvae 0
241.462456 2.5390323969433992e-14 139.259259 1.913218306600017e-14 139.259259 49.530327000000014 241.462456 49.53032700000002 bee-larvae 0