464.69975400000004 391.15392700000007 302.136609 391.153927 302.1366090000001 470.8356020000001 464.6997540000001 470.8356020000001 queen-bee 0
245.849631 5.813613000000019 63.111548 5.813613000000007 63.111548000000006 149.96439800000002 245.849631 149.96439800000005 worker-bee 0
614.79312 5.633736350940085e-14 305.265848 3.738428436422025e-14 305.265848 191.07015700000005 614.79312 191.07015700000005 worker-bee 0
443.73857499999997 199.02827200000002 222.458968 199.02827199999996 222.45896800000003 371.6104710000001 443.73857499999997 371.6104710000001 worker-bee 0
233.26191600000004 145.42408400000002 21.16560200000002 145.424084 21.165602000000042 539.643979 233.2619160000001 539.643979 worker-bee 0
317.9557740000001 417.960209 237.13022100000006 417.960209 237.13022100000006 477.972775 317.95577400000013 477.972775 worker-bee 0
465.6668300000001 477.07644000000005 233.26977900000006 477.07644000000005 233.26977900000006 568.737173 465.6668300000001 568.737173 worker-bee 0
639.984275 398.96125700000016 524.37543 398.96125700000016 524.37543 631.706806 639.984275 631.706806 worker-bee 0
640 190.10680600000006 539.046683 190.10680600000006 539.046683 363.5769630000001 640 363.5769630000001 worker-bee 0
533.480098 312.97172800000004 454.132678 312.971728 454.13267800000006 516.41466 533.480098 516.41466 capped-brood-cells 0
225.092875 139.836649 110.28599500000001 139.836649 110.28599500000001 219.66911 225.092875 219.66911 capped-brood-cells 0
83.027027 5.083939142913545e-15 0 0 7.536643137614515e-15 123.082723 83.02702700000003 123.082723 capped-brood-cells 0
292.174939 3.5853400000000324 240.267322 3.585340000000029 240.267322 126.72670200000002 292.174939 126.72670200000002 capped-brood-cells 0
486.71449600000005 218.02722500000004 441.552826 218.02722500000004 441.552826 273.29842900000006 486.71449600000005 273.2984290000001 capped-brood-cells 0
75.69140000000006 387.677487 0.007862000000047475 387.677487 0.007862000000051175 448.108901 75.69140000000006 448.108901 capped-brood-cells 0