469.59746107439696 25.052923174799204 469.025279 5.3883009999999985 292.66892692560293 10.5197468252008 293.24110899999994 30.184369000000004 nosema 0
391.30958478483205 68.47589139603545 389.2918902421301 -0.8677779634528306 163.689774457298 5.696572640511727 165.70746899999995 75.040242 nosema 0
183.09369168214852 151.9175346662028 182.14194500000002 119.20813000000001 88.80225031785156 121.92403833379723 89.753997 154.63344300000003 nosema 0
296.6117083763069 322.1137165149571 295.103424 270.277341 111.32407662369309 275.6247734850428 112.83236099999999 327.461149 nosema 0
350.79912457626784 402.1376191778708 349.5112260000001 357.8754170000001 161.41082442373215 363.34857982212924 162.698723 407.610782 nosema 0
253.92173574602367 488.15456495549824 252.109761 425.8810199999999 123.9960672539763 429.6087470445017 125.808042 491.882292 nosema 0
306.39881044701224 525.0350398762292 305.414798 491.216728 64.47237055298775 498.2274371237707 65.456383 532.045749 nosema 0
324.720577978891 613.6595711807495 323.438155 569.5855469999999 132.55246002110897 575.1397528192505 133.834883 619.213777 nosema 0
436.2729886475324 244.13087294963424 435.019116 201.03806299999997 308.69112135246763 204.7138320503657 309.944994 247.806642 nosema 0
576.5420763552681 244.852066494589 574.774687 184.11082999999996 464.7474466447318 187.31229550541102 466.514836 248.05353200000002 nosema 0
606.38487650683 129.23572893935471 604.911791 78.60907099999999 540.7115304931699 80.47710806064526 542.1846159999999 131.103766 nosema 0
298.98425336027447 195.96952538707467 296.9032 124.448366 194.0831336397256 127.4401246129253 196.164187 198.96128400000003 nosema 0
65.64028765107757 242.88176036802435 64.38719700000001 199.81583400000002 2.118969348922447 201.62765463197573 3.3720600000000007 244.693581 nosema 0