164.4842186943149 3.021266072138209 92.14613766326349 -0.4011464535909246 89.37397351410806 58.19291061738126 161.71205454515945 61.615323143110395 small-hive-beetle 0
223.07635493844157 0.13636636267070923 172.54289431574588 -0.9748527639047073 171.57565715346252 43.010928153751465 222.1091177761582 44.122147280326885 small-hive-beetle 0
426.99284716040677 98.86160535498209 376.41517737052243 5.538594975715199 329.14557123931615 31.156998414329422 379.7232410292006 124.48000879359631 small-hive-beetle 0
101.15009427528986 209.33462237717424 64.6723915609904 132.56702034180393 -0.7224048056411831 163.64070087470702 35.755297908658264 240.40830291007734 small-hive-beetle 0
78.00972141666159 235.06276359724689 25.44222546308844 225.68307260091356 15.558858228108704 281.0733692893197 68.12635418168186 290.453060285653 small-hive-beetle 0
131.02465609252093 207.6853089788399 123.15757112446497 133.98925883725434 83.8142475277017 138.1891755094072 91.68133249575766 211.88522565099277 small-hive-beetle 0
148.53716254986531 275.2997951836658 123.136977966974 220.57720922016347 56.24354690809106 251.62664641985597 81.64373149098238 306.3492323833583 small-hive-beetle 0
180.21081601476345 171.94799476754196 132.55194987764233 158.8655879533725 118.17059236347785 211.25649754466406 165.829458500599 224.33890435883347 small-hive-beetle 0
227.5 156.127451 172.5 156.127451 172.5 217.60263500000002 227.5 217.60263500000002 small-hive-beetle 0
293.07797440277307 177.05635252859128 243.15976350594974 100.32179909272676 201.59735982731902 127.35943389101703 251.51557072414235 204.09398732688152 small-hive-beetle 0
212.92675083692495 277.03980322023847 208.1563953323159 218.9867146471838 144.51538389389307 224.21624259645262 149.28573939850213 282.26933116950727 small-hive-beetle 0
199.803635058573 365.3839754817569 149.57743807798275 272.7094752308606 106.84155111993422 295.8707663161548 157.06774810052448 388.54526656705116 small-hive-beetle 0
130.1430731361644 415.38367019238535 107.90365558764105 311.21816365229944 58.88791934714233 321.6830618792499 81.12733689566565 425.84856841933583 small-hive-beetle 0
25.524378481290974 299.33079079863774 24.564593528529247 231.8988415281533 -0.6247468147015844 232.25737112863172 0.33503813806014326 299.6893203991161 small-hive-beetle 0
350.8436243443014 122.25032708163934 332.5667341070964 17.62110417367611 285.9218720498019 25.76914350969087 304.19876228700696 130.3983664176541 small-hive-beetle 0
329.5523846794259 127.17322569796829 296.87909447068483 120.7340503243305 280.071011124486 206.02065197077854 312.7443013332271 212.45982734441634 small-hive-beetle 0
324.7881614848309 238.83292303599978 255.14934233792042 205.09058682142356 228.24005399556393 260.627081162794 297.87887314247445 294.3694173773702 small-hive-beetle 0
269.6639810347996 248.05628401006055 229.16857603204804 228.72113021794092 185.1936449642922 320.82190493650785 225.68904996704376 340.1570587286275 small-hive-beetle 0
250.0706100583378 188.66691655510414 222.6484352182477 182.46786930608505 211.24366074089932 232.91815741755755 238.6658355809894 239.11720466657664 small-hive-beetle 0
316.2391587577683 323.8548715410026 275.9530229819982 286.62969280479626 211.71130357837285 356.1538890135887 251.99743935414295 393.37906774979507 small-hive-beetle 0
261.25000000000006 419.592524 217.50000000000006 419.592524 217.50000000000006 539.615503 261.2500000000001 539.615503 small-hive-beetle 0
335.39819309647305 458.8211297974534 287.49479387939994 391.9034429897991 248.16435241533196 420.05835880827993 296.0677516324051 486.97604561593425 small-hive-beetle 0
332.27193517386297 546.6655029241983 263.3178888530765 514.277669335695 234.76778009864682 575.0611581768644 303.7218264194333 607.4489917653676 small-hive-beetle 0
275.000001 639.146753 273.7291582729687 578.6390839938497 214.5750390393738 579.8814981115431 215.84588176640517 640.3891671176934 small-hive-beetle 0
355.50156040617054 381.7789660417418 324.30188062430665 335.56571491177453 270.3932869338418 371.96070594806747 301.5929667157057 418.17395707803473 small-hive-beetle 0
371.25 253.70710700000006 322.5 253.70710700000006 322.5 365.923713 371.25 365.923713 small-hive-beetle 0
330.3235172161334 330.38558830874854 315.4602672089028 273.26590451493007 278.3078197740508 282.9334320278267 293.17106978128146 340.0531158216452 small-hive-beetle 0
371.874562439271 145.88352409842508 331.1610273514027 136.67983604776975 315.1477795192548 207.51621423623538 355.86131460712306 216.71990228689072 small-hive-beetle 0
479.9491908606292 326.7332048491125 445.0799854668394 217.8523913274072 395.1961167271792 233.82775749762152 430.065322120969 342.7085710193268 small-hive-beetle 0
444.7590282625913 232.28722943749045 419.5565128090003 170.94660869565195 347.0661277260771 200.73013596020462 372.2686431796682 262.0707567020431 small-hive-beetle 0
410 304.44853 371.25 304.44853 371.25 364.947917 410 364.947917 small-hive-beetle 0
509.74195444483826 479.9209790279284 492.466163743077 414.75933536155856 421.7455788319646 433.5089241455054 439.0213695337259 498.67056781187523 small-hive-beetle 0
484.22053689463326 540.8712767052805 446.3606710800638 495.8368008801997 381.7266170494521 550.1737631256397 419.5864828640216 595.2082389507204 small-hive-beetle 0
542.7330020548815 498.31249822204234 481.426076467514 483.5872868032542 459.1646914408756 576.2703075413142 520.471617028243 590.9955189601023 small-hive-beetle 0
508.7931268688958 639.058984184745 507.260082236064 572.8049928989542 451.71718621155156 574.0901945447691 453.25023084438334 640.34418583056 small-hive-beetle 0
551.5860361436202 155.64464964586395 505.8760295583817 151.14043939873702 496.3840993443074 247.4672467161156 542.0941059295459 251.97145696324256 small-hive-beetle 0
474.11041081793087 187.62317581298066 429.43392835709074 186.63643813313553 428.24641888878716 240.40325682914022 472.9229013496273 241.38999450898538 small-hive-beetle 0
483.5211011142626 185.0347300295835 477.8496682125383 140.23308561173178 424.2324682888866 147.02047825538577 429.90390119061095 191.8221226732375 small-hive-beetle 0
513.9803494558533 163.99921588959222 476.71338846205833 153.42031007523238 461.93880478651397 205.4676430601502 499.20576578030887 216.04654887451008 small-hive-beetle 0
421.8387793183921 164.94805458107282 401.203916234051 134.6775979818214 345.268034763614 172.80815117846342 365.90289784795516 203.07860777771484 small-hive-beetle 0
470 318.10968200000013 430 318.1096820000001 430 385.439644 470 385.43964400000004 small-hive-beetle 0
523.41018136268 364.14272640426583 459.4257552744117 353.89718266384796 448.05464102681697 424.9109070254216 512.0390671150852 435.15645076583945 small-hive-beetle 0
523.5405444128171 257.61555198050826 480.90083916498406 248.51194118941117 465.6368887193568 320.0055894630807 508.27659396718985 329.10920025417784 small-hive-beetle 0
524.2414101885225 358.3005719563718 514.7537416679437 302.0117148020118 478.2896922527784 308.1578480024137 487.77736077335715 364.44670515677376 small-hive-beetle 0
565.00880891468 373.812605804937 551.6311665146998 248.49557143416104 511.05192658803037 252.82742115696755 524.4295689880105 378.1444555277435 small-hive-beetle 0
622.7534269283947 71.12614308305149 583.2938969525234 69.86244696550938 579.5924042278403 185.44336954457347 619.0519342037117 186.70706566211555 small-hive-beetle 0
640 7.70379377088632e-14 612.5 7.535404836003557e-14 612.5 88.79748700000009 640 88.79748700000009 small-hive-beetle 0
639.9999999999999 590.3569239999999 639.227392429269 507.12550259484084 585.8986543040836 507.6205342321413 586.6712618748145 590.8519556373005 small-hive-beetle 0
613.7024453387377 634.3269601588833 575.4025840462614 555.2411387221507 535.7162827723371 574.4605108724253 574.0161440648135 653.5463323091578 small-hive-beetle 0
568.8555908469938 428.4437580107392 505.51012199129843 421.06686622681127 497.89957004226676 486.41877805943034 561.2450388979621 493.7956698433584 small-hive-beetle 0
561.4305249183262 431.1718328487745 546.6195710313402 361.79993946919154 508.7618886793289 369.8825844752283 523.5728425663149 439.2544778548113 small-hive-beetle 0
562.5 639.146753 561.6670708855671 590.9474917953032 510.5672324529893 591.8305456452897 511.4001615674222 640.0298068499865 small-hive-beetle 0
561.6713920006375 585.1770773102196 548.125 515.220588 519.1812215947635 520.8252684538495 532.7276135954011 590.7817577640691 small-hive-beetle 0
26.344437501857097 586.3921651498558 25.655000256234587 501.3565031481503 -0.6249178384250769 501.56957086491605 0.06451940719743554 586.6052328666216 small-hive-beetle 0