533.3355793372032 186.54715594495946 504.77208133600516 134.85926853876686 424.6808293618926 179.11888970877283 453.24432736309063 230.80677711496543 small-hive-beetle 0
479.16411909263945 149.31175168640107 464.80749854028426 113.49726934706098 422.9998957127383 130.2562967235183 437.3565162650934 166.07077906285838 small-hive-beetle 0
334.46936755314846 372.5288749793116 263.83598823017655 356.35898282731443 251.4020953363921 410.67275715384346 322.035474659364 426.8426493058406 small-hive-beetle 0
386.249999 288.161955 342.5 288.161955 342.5 377.193123 386.249999 377.193123 small-hive-beetle 0
421.71635253171735 259.05299088452944 403.7382335227936 234.25338771086882 369.16884681925495 259.3139721028725 387.1469658281786 284.11357527653314 small-hive-beetle 0
600.932990261877 175.2689175891122 541.1593847244155 142.23713107254568 519.0009773848797 182.3345051273077 578.7745829223411 215.3662916438742 small-hive-beetle 0
411.1576576370386 427.44900256808955 364.3291365570388 390.2900662674805 314.4223889709312 453.18366371773806 361.250910050931 490.34260001834707 small-hive-beetle 0
646.142138569609 432.81378046036195 617.112153031196 408.92734094707225 574.7922473200318 460.36013192869063 603.8222328584447 484.24657144198034 small-hive-beetle 0
233.7670015366798 403.4046971528565 147.33494586838938 400.2718141058575 145.50045888529985 450.88285788453857 231.93251455359024 454.01574093153755 small-hive-beetle 0
102.98384780163977 553.1616935284272 75.97195132416053 461.3715875764632 21.49008644816834 477.4044538496589 48.50198292564758 569.1945598016231 small-hive-beetle 0
361.81943074098916 602.4399022757927 359.361388330948 527.8442795257789 308.25645747061776 529.528266907155 310.71449988065893 604.1238896571688 small-hive-beetle 0
638.615603 240.23856000000006 446.933333 240.23856000000006 446.933333 411.14653000000004 638.615603 411.1465300000001 empty-cells 0
560.521986 424.85141400000003 412.97399499999995 424.851414 412.97399500000006 633.66581 560.521986 633.66581 empty-cells 0
292.3271870000001 481.38200499999994 105.25957400000007 481.38200499999994 105.25957400000007 616.127506 292.3271870000001 616.127506 empty-cells 0
318.638298 207.91773800000004 188.035934 207.917738 188.03593400000005 358.506941 318.638298 358.506941 empty-cells 0