38.73648800000005 293.917257 19.045216000000035 293.917257 19.045216000000046 469.357714 38.73648800000006 469.357714 nosema 0
79.90241900000004 167.102171 10.464774000000022 167.102171 10.464774000000034 389.51497099999995 79.90241900000005 389.51497099999995 nosema 0
157.324921 92.50011400000002 124.571188 92.50011400000002 124.57118800000002 184.316343 157.324921 184.316343 nosema 0
330.912303 118.60845700000002 279.005678 118.60845700000002 279.005678 299.973486 330.912303 299.973486 nosema 0
412.554364 169.89988600000007 368.232177 169.89988600000007 368.232177 355.93874299999993 412.554364 355.93874299999993 nosema 0
495.794742 134.46217100000007 433.43680300000005 134.46217100000007 433.43680300000005 259.67542900000007 495.794742 259.6754290000001 nosema 0
534.221661 74.78125700000005 500.357518 74.78125700000005 500.357518 314.1485710000001 534.221661 314.1485710000001 nosema 0
623.424606 144.71680000000006 579.290852 144.71680000000006 579.290852 333.5497140000001 623.424606 333.5497140000001 nosema 0
256.955626 314.430171 213.80441600000006 314.430171 213.80441600000006 438.751086 256.955626 438.751086 nosema 0
261.7606730000001 471.083886 200.93711900000005 471.083886 200.93711900000005 578.282057 261.7606730000001 578.282057 nosema 0
146.95436400000006 544.749714 96.25909600000006 544.749714 96.25909600000007 606.592 146.95436400000006 606.592 nosema 0
204.77308100000002 199.738514 133.154995 199.738514 133.15499500000004 299.227429 204.77308100000005 299.227429 nosema 0
244.916088 7.647086000000027 201.791798 7.647086000000025 201.791798 67.90948600000003 244.916088 67.90948600000003 nosema 0
569.162566 368.39497100000006 347.928496 368.39497100000006 347.92849600000005 639.996343 569.162566 639.996343 empty-cells 0
344.89674000000014 484.205714 277.26940100000013 484.205714 277.26940100000013 635.816229 344.89674000000014 635.816229 empty-cells 0