528.7663254357605 205.287832454124 501.74832736018186 152.42745266147216 420.72542751317064 193.83987838998826 447.74342558874923 246.7002581826401 small-hive-beetle 0
475.6267599586144 165.87778914271746 462.08342089190285 129.5074229362638 420.0212011553389 145.17025405974402 433.5645402220505 181.54062026619766 small-hive-beetle 0
326.0850488774034 383.99341572847 255.60708283855428 365.6797067001278 241.61750378051983 419.51681180123444 312.09546981936893 437.8305208295767 small-hive-beetle 0
396.40385518740186 313.5778893149771 356.70312343952963 295.8134296170559 320.37770254587303 376.9949468177381 360.07843429374526 394.7594065156593 small-hive-beetle 0
415.642306615719 273.80986056083617 398.34187792440696 248.31426968256153 363.18679326641234 272.1692977211913 380.4872219577244 297.66488859946594 small-hive-beetle 0
596.9677319911091 196.32191320128655 537.9653136537523 161.2041942912975 514.6422345866637 200.39005575225315 573.6446529240204 235.50777466224218 small-hive-beetle 0
401.2331777745327 441.82762768654095 355.2873622408003 403.04844563774566 303.7754884412299 464.08003336989304 349.7213039749623 502.85921541868834 small-hive-beetle 0
636.101802356114 455.3390875055668 607.5803576510724 430.4933354907234 564.0575077981894 480.4549770117058 592.578952503231 505.30072902654916 small-hive-beetle 0
222.34604382753557 409.5124804436522 136.27122036774801 409.39844144017104 136.20332480121888 460.6449336428482 222.27814826100644 460.7589726463293 small-hive-beetle 0
90.07737149189714 556.6405572431299 65.15195354924344 463.7209284655441 10.443156201975142 478.3964029262164 35.36857414462885 571.3160317038022 small-hive-beetle 0
347.66422360869296 615.0286272565423 347.5171490435145 540.2843337848828 296.3394919903808 540.3850362105576 296.48656655555925 615.1293296822171 small-hive-beetle 0
635.0118743501442 262.6089265172102 441.3417180000001 255.84581600000007 435.375904649856 426.68436748279 629.0460610000001 433.44747800000005 empty-cells 0
550.673431559044 442.7079317332898 403.08546850504695 439.27278398847983 398.4134910000001 640 546.0014540539972 643.4351477448099 empty-cells 0
282.6901653630292 491.6450252522169 94.05528300000006 485.05774999999994 89.35177763697084 619.7485207477831 277.98666000000003 626.3357960000001 empty-cells 0
313.8343398963121 217.52472560578406 183.19659500000003 214.48409800000002 179.65621110368798 366.59340839421594 310.29395600000004 369.63403600000004 empty-cells 0