448.5376852121901 16.685600685950455 261.90500599999996 12.34167700000003 247.29609684509214 639.9999999963944 433.9287760572822 644.3439236823449 capped-brood-cells 0
237.73088501697652 203.8357015249289 16.663913000000026 198.69031100000004 6.392316697820021 639.9999999929667 227.45928871479651 645.1453905178955 capped-brood-cells 0
639.6215477185381 34.457305133309625 440.187135 29.81541800000005 433.4429042814618 319.57508986669046 632.877317 324.21697700000004 worker-bee 0
551.5170421522075 317.4285156051898 447.1134840000001 314.39068200000014 444.7987718477927 393.94217039481043 549.2023300000001 396.98000400000006 worker-bee 0
500.54332799230417 387.3790758560984 443.92331500000006 386.06123000000014 442.46428400769594 448.74713014390176 499.08429700000005 450.064976 worker-bee 0
621.7586285799786 607.0187515211405 533.6084208044037 604.9670339954474 532.7930200000002 640 620.943227775575 642.0517175256931 worker-bee 0
464.29273902495436 450.6005084971644 392.83615000000003 448.9373380000001 388.86166397504576 619.6974705028358 460.31825300000014 621.3606410000002 worker-bee 0
390.0577141982561 460.45577091542293 243.80581100000006 457.05172000000005 240.19517580174397 612.1793260845772 386.44707900000003 615.5833770000002 worker-bee 0
417.72957292053553 264.7552969796332 357.395477 263.35100500000004 354.6722440794646 380.3521690203669 415.00634000000014 381.75646100000006 worker-bee 0
354.43824460830507 201.02349331939268 245.18888300000003 198.48068600000005 242.543633391695 312.13138568060737 351.7929950000001 314.674193 worker-bee 0
352.7718206258312 348.1367822922464 247.89434600000004 345.08516 244.88887737416889 448.3764357077538 349.76635200000004 451.4280580000001 worker-bee 0
247.71027482353753 264.2472139499953 172.164242 262.48886100000004 168.87010617646246 404.0184060500048 244.416139 405.776759 worker-bee 0
160.3608293271572 240.10559011853195 71.95379600000003 238.047893 69.67454667284287 335.97370988146804 158.08158000000003 338.03140700000006 worker-bee 0
192.29141711989564 408.773025200524 129.96198900000005 407.32229099999995 128.21236188010445 482.493371799476 190.54179000000002 483.94410600000003 drone-bee 0
109.90134443292555 335.40087930353945 28.74719500000004 333.039535 27.025364567074526 392.21501569646057 108.17951400000004 394.57636 worker-bee 0
92.59144294469536 120.36439678061791 1.4210854715202004e-14 118.209307 -4.281121944695315 302.14375921938216 88.31032100000003 304.2988490000001 worker-bee 0
266.1322192756549 69.36201822685786 190.25033900000005 67.59584800000003 187.19467572434513 198.8796117731422 263.07655600000004 200.64578200000003 worker-bee 0
198.43406586682008 17.557043433446076 71.311114 13.858143000000009 68.78208713317994 100.77515156655397 195.90503900000002 104.47405200000004 worker-bee 0
373.55392435046826 40.76265228113462 306.889881 38.822927000000035 305.12473764953165 99.48697771886546 371.7887809999999 101.42670300000005 worker-bee 0
311.508713095436 9.063978229341604 243.29876499999997 7.079271000000029 242.19934690456392 44.86381177065846 310.40929499999993 46.84851900000004 worker-bee 0
81.32796572073599 455.2462776815898 5.3290705182007514e-14 453.3533479999999 -1.9632657207358708 537.7032363184102 79.36470000000007 539.596166 worker-bee 0
246.58314810265176 610.7591864422301 185.10321800000008 609.328226 184.3893249423499 639.9999999986582 245.86925504500158 641.4309604408882 worker-bee 0
236.681579985466 474.9545673652577 77.80433100000006 470.331712 73.73797601453418 610.0832816347423 232.61522500000007 614.706137 capped-brood-cells 0
72.22390100000005 546.206521 6.689100676160615e-14 546.206521 7.263420095351838e-14 640 72.22390100000007 640 capped-brood-cells 0
177.43802856861686 600.2307113991027 15.697609000000078 596.466165 14.684348726522884 639.9999999936347 176.42476829513964 643.7645463927373 capped-brood-cells 0
462.61191729993084 623.0267147873357 260.41169760653094 618.320455990842 259.9071010000001 640 462.1073206934001 644.7062587964936 capped-brood-cells 0
430.0354857870268 34.12912876947042 369.26676299999997 32.71472100000004 364.26269321297326 247.70995523052966 425.03141600000004 249.12436300000002 capped-brood-cells 0
372.2684178126335 105.26197581576778 261.329529 102.03398400000005 258.5355621873664 198.05640018423225 369.47445099999993 201.28439200000003 capped-brood-cells 0
633.1744522431362 340.1010199503112 517.3673230000002 336.7313760000001 514.034474756864 451.2739190496891 629.8416040000001 454.64356300000014 capped-drone-cells 0
596.6983951039174 481.5982022306934 536.739659 480.20264699999996 533.9615728960825 599.5605397693067 593.920309 600.956095 capped-drone-cells 0
537.8086316748414 458.1765266661414 476.21566200000007 456.3843550000001 474.52195732515884 514.5932323338589 536.1149270000001 516.3854040000001 capped-drone-cells 0