639.4492460000001 8.171241461241152e-14 266.1187014753415 -10.86280945796927 247.40575686180787 632.2593799959789 620.7363013864665 643.1221894539483 capped-brood-cells 0
133.41506600000005 82.58563000000002 58.453524022344006 80.40447171565683 52.983466000000014 268.3981570000001 127.94500797765606 270.5793152843433 capped-brood-cells 0
267.14329700000013 154.102337 175.82618593399326 151.4452804661152 167.9555569999999 421.94125499999996 259.27266806600676 424.59831153388484 capped-brood-cells 0
436.24282400000004 234.62410900000006 374.8960928741026 232.83910096383283 372.0245790000001 331.526606 433.3713101258975 333.3116140361673 bee-larvae 0
333.44247500000006 247.68977600000002 288.9318345786517 246.39464856569367 280.87583699999993 523.261312 325.3864774213483 524.5564394343063 bee-larvae 0
255.22897900000004 410.83553100000006 154.1056456276293 407.89314236286486 149.81867000000005 555.226931 250.9420033723708 558.1693196371351 bee-larvae 0
95.63820100000004 309.908227 26.88785982938689 307.9077963017401 24.38444000000004 393.94475199999994 93.1347811706132 395.9451826982598 bee-larvae 0
114.26232000000006 435.0459890000001 5.348134658433669e-14 435.0459890000001 6.599798170180588e-14 639.458153 114.26232000000007 639.458153 bee-larvae 0
620.313947 1.3958660000000762 506.2876892819877 -1.9219588624823132 501.89335000000005 149.10170400000004 615.9196077180125 152.41952886248245 worker-bee 0
608.748039 259.9287100000001 483.72315078501924 256.29085743966516 477.698599 463.3412810000001 602.7234872149808 466.979133560335 worker-bee 0
565.9692500000001 528.4589090000002 517.7923997301168 527.0571059692321 514.957846 624.4744090000002 563.1346962698833 625.8762120307681 worker-bee 0
407.4840460000001 10.604895000000052 225.52611573652857 5.310459982431474 217.56629299999992 278.87182499999994 399.52422326347147 284.1662600175685 worker-bee 0
220.34139900000008 16.070299000000027 105.95919956184079 12.74211677902651 96.06078199999997 352.92865000000006 210.44298143815925 356.2568322209735 worker-bee 0
106.52589100000003 1.4210854715202004e-14 8.339085594020473 -2.856944361509469 -1.411120032997724 332.2358755989428 96.77568537298185 335.0928199604523 worker-bee 0
262.42543933059875 631.8223516090351 255.9684229889369 409.90912161978736 -6.45701634166182 417.5449230107524 3.552713678800501e-15 639.4581530000002 bee-larvae 0
315.6619100000001 438.51631800000007 250.80914256896585 436.62929520273235 245.11494900000005 632.3260360000002 309.96771643103426 634.2130587972678 drone-bee 0
229.30058043226825 99.74352277008921 227.03697099999997 21.948318999999973 133.54769856773171 24.668579229910762 135.811308 102.463783 drone-bee 0
466.72291300000006 256.2389170000001 411.58738268869405 254.63463679677994 401.156922 613.1062930000002 456.292452311306 614.7105732032203 capped-brood-cells 0
405.2799870000001 321.731233 317.0239842203765 319.16324561995265 311.47049400000003 510.0243270000001 399.72649677962363 512.5923143800475 capped-brood-cells 0
539.717852 440.4828470000001 468.03098341490715 438.3969717708593 463.76812700000005 584.901817 535.4549955850929 586.9876922291407 capped-brood-cells 0
627.1279140000001 423.7628080000001 573.7720965971972 422.21031214846647 569.2931830000001 576.1405760000002 622.649000402803 577.6930718515339 capped-brood-cells 0
626.4078045262258 249.82299113226367 623.442663 147.917703 498.90234047377413 151.54145686773631 501.867482 253.446745 capped-brood-cells 0
119.82319500000003 115.37630400000005 66.44958073143482 113.82329070878001 63.333916000000016 220.90176100000002 116.70753026856522 222.45477429122005 capped-brood-cells 0
146.16909800000008 466.0905040000001 106.32130838952781 464.9310518418457 103.78957100000005 551.94123 143.63736061047229 553.1006821581544 capped-brood-cells 0
191.09500700000007 537.898698 127.63041701589641 536.0520667634349 125.53884800000004 607.9346209999999 189.00343798410373 609.7812522365649 capped-brood-cells 0
110.72177600000006 356.24228500000004 44.40964377235137 354.3127989212217 41.57305000000002 451.800199 107.88518222764871 453.72968507877835 capped-brood-cells 0
277.2014130000001 271.22464900000006 228.9177796998138 269.8197387483917 225.15018300000006 399.3036380000001 273.4338163001864 400.7085482516084 capped-brood-cells 0
318.895552 274.73702900000006 280.6317071080909 273.62366448803596 278.997451 329.78938700000003 317.2612958919091 330.9027515119641 bee-larvae 0
410.55633400000005 248.44219500000005 381.5825950416012 247.59914529428897 380.101114 298.51434600000005 409.0748529583988 299.35739570571116 bee-larvae 0
406.1295890000001 559.1304880000001 373.1692910881043 558.1714415290772 371.11887800000005 628.6395870000001 404.07917591189585 629.598633470923 bee-larvae 0
354.587312 508.106167 323.6202931113127 507.2051187040865 321.664611 574.4175479999999 352.63162988868726 575.3185962959134 bee-larvae 0
92.08208036273373 377.7781772283514 90.36566599369937 318.78883878346204 -1.7164143690343305 321.4681535551107 0 380.45749199999995 bee-larvae 0
104.48664600000004 235.36905300000004 76.56293856824605 234.55655600318414 74.66511800000004 299.7804110000001 102.58882543175402 300.59290799681594 bee-larvae 0
72.43411500000005 130.670438 32.21258477788933 129.5001112989491 30.470775000000003 189.36224599999997 70.69230522211072 190.53257270105087 bee-larvae 0
140.02592600000003 47.60514100000002 111.40812985287735 46.77244796371576 108.11540300000001 159.936101 136.73319914712266 160.76879403628425 bee-larvae 0