640 249.83744200000007 381.075333 249.83744200000007 381.07533300000006 640 640 640 capped-brood-cells 0
381.720685 636.2774879999998 378.3473188215638 346.3711289441804 196.8913909999999 348.4825599999999 200.26475717843613 638.3889190558193 capped-brood-cells 0
503.2334491397399 46.58276422732969 187.716254 44.74713900000003 186.81885086026023 198.99764577267038 502.33604600000007 200.83327100000005 capped-brood-cells 0
140.97301400000003 396.986645 139.0747687160248 233.85189563348194 30.362827999999983 235.116874 32.2610732839752 398.251623366518 capped-brood-cells 0
640 58.60606200000008 588.650384 58.60606200000007 588.650384 180.63931500000007 640 180.63931500000007 capped-brood-cells 0
551.407206 237.88652900000002 550.6319761036268 171.26343282383652 508.034442 171.7591 508.8096718963732 238.3821961761635 bee-larvae 0
589.7662930000001 157.34193 589.1892711581817 107.7527955338316 568.34402 107.99535200000003 568.9210418418185 157.58448646616839 bee-larvae 0
553.479158 165.76666399999996 553.1250551458444 135.33514184198705 536.6665419999998 135.52665400000004 537.0206448541554 165.95817615801295 bee-larvae 0
602.799522 307.86704800000007 602.1779545171279 254.44966480049112 561.015181 254.928637 561.6367484828721 308.3460201995089 bee-larvae 0
522.731192 315.704008 522.0207247073923 254.64658508332116 484.782927 255.079886 485.4933942926077 316.1373089166788 bee-larvae 0
575.253306 577.749474 574.6740031178283 527.9643074106066 542.5980439999998 528.3375450000001 543.1773468821715 578.1227115893935 bee-larvae 0
160.36868000000004 526.550544 45.29132900000007 526.550544 45.291329000000076 640 160.36868000000004 640 wax-sealed-honey-cells 0
153.88509796768994 33.261859188565865 38.63643900000001 32.591362 38.020962032310074 138.3828498114342 153.26962100000003 139.05334700000006 capped-brood-cells 0