617.9762120000001 159.80348000000006 598.2969353858737 159.45997690049916 595.2226149999999 335.58764900000006 614.9018916141264 335.931152099501 nosema 0
625.1629940000001 239.4964510000001 555.7676485288957 238.2851506969227 551.8431190000001 463.12128900000005 621.2384644711044 464.33258930307744 nosema 0
507.4748240000001 446.68681400000014 474.74104367535654 446.11544382417276 473.1184330000001 539.0747610000001 505.85221332464357 539.6461311758275 nosema 0
355.05913700000013 333.72533500000003 303.18413209924285 332.81985352338904 299.98677399999997 515.9963970000001 351.86177890075726 516.9018784766112 nosema 0
266.809515 279.317532 222.51432788075982 278.5443567109471 219.240008 466.130036 263.5351951192402 466.90321128905293 nosema 0
199.9246070000001 376.71899700000006 137.60465478555406 375.63119796293955 135.38106200000001 503.02071700000005 197.70101421444605 504.10851603706055 nosema 0
133.9547240000001 323.41396 100.11121012411277 322.8232192689666 95.91240900000003 563.372375 129.75592287588736 563.9631157310333 nosema 0
55.360038000000074 305.390604 11.253169071560407 304.62071591996784 7.9301940000000215 494.993875 52.03706292843969 495.76376308003216 nosema 0
422.68277100000006 193.80964200000008 379.55784757214826 193.0568935377953 377.3615310000001 318.88376500000004 420.48645442785187 319.63651346220485 nosema 0
437.98559000000006 54.05407200000005 377.19908806319063 52.993039681775485 375.290885 162.31392200000005 436.07738693680943 163.3749543182246 nosema 0
543.1577650000002 23.91696700000007 492.49337917909384 23.032616952160254 491.383036 86.64414200000007 542.0474218209063 87.52849204783988 nosema 0
500.89679800000005 331.9255590000001 429.32233981691024 330.67622180461166 427.54212600000005 432.66457200000013 499.1165841830898 433.91390919538856 nosema 0
428.22232500000007 564.4415610000001 385.124305160897 563.689282340331 384.046151 625.456699 427.144170839103 626.208977659669 nosema 0