112.22220976522293 184.24920830330922 70.147902298296 182.9457878656272 67.55905041537808 266.5137195622727 109.633357882305 267.8171399999547 small-hive-beetle 0
152.16940881920573 159.00998507225532 104.71113440294761 154.7627105809882 100.17443296422721 205.45498918603596 147.63270738048533 209.70226367730308 small-hive-beetle 0
216.0935687027618 150.69851103186386 188.18950017561679 119.47381899022471 134.498401472855 167.45507995836093 162.40247000000005 198.67977200000007 small-hive-beetle 0
307.63544569995724 306.1898767259554 234.97177231581185 263.7359975989201 209.69009364995256 307.00788885959514 282.3537670340979 349.46176798663043 small-hive-beetle 0
292.7597901131477 241.11618765363562 241.5597901192587 225.22453963394662 226.631034964896 273.32227391960066 277.8310349587849 289.2139219392896 small-hive-beetle 0
380.2223574110638 226.81875051543045 305.8103842005778 198.39257634899184 279.6924589650474 266.76218323173396 354.1044321755334 295.1883573981725 small-hive-beetle 0
422.05018215479004 306.8639259936374 383.75724578857887 279.6493217747885 343.18828819762183 336.7328089709049 381.48122456383294 363.94741318975383 small-hive-beetle 0
478.08238880669217 151.8480483519751 418.8642365382472 136.63672328973357 404.3148976397812 193.27774323830118 463.5330499082262 208.48906830054273 small-hive-beetle 0
68.93762133756265 428.0201491239654 24.43636400000004 416.072235 13.58239815065565 456.49896743072185 58.083655488218255 468.44688155468725 small-hive-beetle 0
500.586386894674 634.7815336822905 492.2118921512901 559.40162075601 452.1397158422736 563.8535260027566 460.51421058565745 639.2334389290371 small-hive-beetle 0
540.596364 297.05823900000007 412.631273 297.058239 412.631273 438.638375 540.596364 438.6383750000001 nectar 0
299.44436400000006 416.036117 209.11127300000007 416.036117 209.11127300000007 640 299.4443640000001 640 nectar 0
218.49600000000007 262.298871 70.20218200000002 262.298871 70.20218200000004 397.98465 218.49600000000007 397.98465 nectar 0
199.55199999999996 61.75349900000002 154.193455 61.75349900000001 154.193455 132.673589 199.55199999999996 132.673589 pollen 0