484.4192160176316 290.89945664651805 270.94590000000005 284.6880170000001 268.9834889823685 352.13170335348207 482.45680500000003 358.34314300000005 queen-bee 0
210.4878692670474 120.74705161608655 117.56181100000003 120.20642300000003 116.81583373295267 248.42887538391346 209.74189200000006 248.96950400000003 worker-bee 0
261.8811530295718 305.71296897480966 94.94689000000002 300.855678 91.78228597042829 409.6160640251904 258.71654900000004 414.473355 worker-bee 0
448.80488022565623 340.0929629574427 247.97003300000006 334.24926600000003 244.75593577434393 444.71062804255735 445.5907830000001 450.55432500000006 worker-bee 0
349.3215890532713 453.06453803563204 280.205847 452.662435 279.7891909467288 524.2796319643681 348.9049330000001 524.681735 worker-bee 0
500.38118166434435 402.5905494437572 414.4234430000001 402.090462 413.7708023356558 514.2698745562427 499.72854100000006 514.769962 worker-bee 0
400.44299515150374 525.8493682016459 245.67849600000005 521.346182 244.16597984849636 573.3279997983542 398.9304790000001 577.8311860000001 worker-bee 0
442.545294726478 554.6067572527614 345.46548200000007 554.0419630000001 344.96539239423373 639.9999999964758 442.04520512071167 640.5647942492371 worker-bee 0
636.8063093969322 475.88315087717206 466.4116037649761 474.89182399863284 465.45103300000017 640.0000000000001 635.8457386319562 640.9913268785394 worker-bee 0
637.8659287600735 385.43785240550574 532.138137 384.82274600000005 531.4282552399267 506.84103459449443 637.1560470000002 507.4561410000001 worker-bee 0
266.04611971785647 9.078931185717272 163.72304399999996 8.48363300000002 163.10502528214352 114.71203681428277 265.428101 115.30733500000002 worker-bee 0
431.3063348038815 122.2363822018722 215.44140300000004 115.95535400000001 210.91474219611857 271.52659079812787 426.779674 277.8076190000001 worker-bee 0
639.7891479070161 54.86450412460104 386.5690430000001 53.391313000000046 384.99775809298404 323.4723108753991 638.217863 324.94550200000003 worker-bee 0
393.5286228644884 10.065593949292836 334.0368790000001 9.719481000000043 333.5469581355118 93.92969805070726 393.03870200000006 94.27581100000006 wax-sealed-honey-cells 0
599.3216745150528 299.87063510135147 517.109124 299.39233700000005 516.4767964849473 408.08032389864866 598.6893470000001 408.558622 wax-sealed-honey-cells 0
520.4614756554508 356.5293229421344 465.55464000000006 354.93169700000004 464.3252253445495 397.1839330578657 519.2320610000002 398.78155900000013 wax-sealed-honey-cells 0
467.5735388610884 509.8677178342127 391.689204 507.6597090000001 390.22370613891167 558.0255991657875 466.10804100000007 560.2336080000001 wax-sealed-honey-cells 0
482.3792348274118 59.68608172294668 437.782686 58.38845500000006 436.64681417258817 97.42584727705342 481.24336299999993 98.72347400000007 wax-sealed-honey-cells 0