640 3.9687675379834735e-14 8.148926 9.979556142388644e-16 8.148926000000008 139.84561400000004 640 139.84561400000007 wax-sealed-honey-cells 0
637.678282 128.19649100000007 232.171838 128.19649100000007 232.17183800000004 240.92631600000007 637.678282 240.92631600000007 wax-sealed-honey-cells 0
623.427208 254.49824600000005 382.365632 254.49824600000005 382.365632 375.6771930000001 623.427208 375.6771930000001 wax-sealed-honey-cells 0
640 394.8631580000001 542.762768 394.8631580000001 542.762768 607.803509 640 607.803509 wax-sealed-honey-cells 0
470.49928400000005 389.75438600000007 375.950358 389.75438600000007 375.95035800000005 501.24912300000005 470.4992840000001 501.2491230000001 worker-bee 0
248.10310300000003 168.23859600000003 186.18043 168.23859599999997 186.18043000000003 295.705263 248.10310300000003 295.705263 worker-bee 0
233.76038200000005 330.84912299999996 159.25155100000006 330.84912299999996 159.25155100000006 431.480702 233.76038200000005 431.480702 worker-bee 0
232.73699300000007 458.077193 142.58711200000005 458.077193 142.58711200000005 582.315789 232.73699300000007 582.315789 worker-bee 0
315.74606200000005 192.72982500000006 245.162768 192.72982500000006 245.16276800000003 480.505263 315.7460620000001 480.505263 worker-bee 0
538.012411 0.9403510000000613 461.85393799999997 0.9403510000000568 461.85393799999997 73.22105300000005 538.012411 73.22105300000005 worker-bee 0
492.929833 170.61052600000005 427.234368 170.61052600000005 427.234368 239.15789500000005 492.929833 239.15789500000005 worker-bee 0
599.515036 380.3228070000001 484.941289 380.3228070000001 484.9412890000001 465.4315790000001 599.515036 465.4315790000001 worker-bee 0
553.386158 531.14386 477.2429590000001 531.14386 477.2429590000001 640 553.386158 640 worker-bee 0