245.71903100000003 220.33534200000003 229.519723 220.33534199999997 229.519723 252.21260300000006 245.7190310000001 252.21260300000006 american-foulbrood 0
278.516263 315.353425 262.937024 315.353425 262.937024 351.333699 278.516263 351.333699 american-foulbrood 0
331.349481 282.88 295.584775 282.88 295.584775 342.671781 331.349481 342.671781 american-foulbrood 0
285.807612 225.13095900000002 268.246367 225.13095900000002 268.246367 257.972603 285.807612 257.972603 american-foulbrood 0
180.728028 80.82411000000005 163.432526 80.82411000000005 163.432526 103.04000000000003 180.728028 103.04000000000003 american-foulbrood 0
214.73771599999998 39.92547900000003 199.889273 39.92547900000003 199.889273 62.61479500000003 214.73771599999998 62.61479500000003 american-foulbrood 0
167.97231800000006 506.564384 145.20692000000005 506.564384 145.20692000000005 531.953973 167.97231800000006 531.953973 american-foulbrood 0
504.957785 94.05369900000005 490.009689 94.05369900000005 490.009689 124.17753400000007 504.957785 124.17753400000007 american-foulbrood 0
533.508651 275.64712300000014 520.387543 275.64712300000014 520.387543 300.2827400000001 533.508651 300.2827400000001 american-foulbrood 0
440.581315 394.72219199999995 425.456055 394.72219199999995 425.456055 418.656438 440.581315 418.656438 american-foulbrood 0
473.38408300000015 528.210411 457.3619380000001 528.210411 457.3619380000001 550.496438 473.38408300000015 550.496438 american-foulbrood 0
385.926644 166.20712300000005 355.587543 166.20712300000005 355.587543 196.85698600000006 385.926644 196.85698600000006 american-foulbrood 0
628.755709 211.90137000000004 610.009689 211.90137000000004 610.009689 236.30904100000006 628.755709 236.30904100000006 american-foulbrood 0