639.990504 77.50724600000004 35.44688400000001 77.507246 35.44688400000005 639.988406 639.990504 639.988406 capped-brood-cells 0
47.211869000000064 482.04058 5.903294533561336e-14 482.04058 6.854330389695616e-14 637.356522 47.21186900000007 637.356522 capped-brood-cells 0
48.99703300000005 310.608696 3.803859453437333e-14 310.608696 4.7767614638956654e-14 469.495652 48.99703300000006 469.495652 worker-bee 0
56.25163200000002 172.776812 2.11590569782684e-14 172.776812 2.465764209874309e-14 229.913043 56.25163200000003 229.913043 worker-bee 0
236.686053 4.637681000000021 110.509199 4.637681000000014 110.509199 84.40579700000002 236.686053 84.40579700000004 worker-bee 0
461.64510399999995 48.80000000000004 403.51335300000005 48.80000000000004 403.51335300000005 96.77681200000006 461.64510399999995 96.77681200000006 worker-bee 0
533.982196 70.88695700000005 491.233234 70.88695700000005 491.233234 139.20000000000005 533.982196 139.20000000000005 worker-bee 0
614.99822 100.70724600000007 553.637982 100.70724600000005 553.637982 158.63188400000007 614.99822 158.63188400000007 worker-bee 0
519.510979 310.50434800000005 416.180415 310.504348 416.180415 398.086957 519.510979 398.0869570000001 worker-bee 0
512.284866 210.01739100000006 466.82017799999994 210.01739100000006 466.82017799999994 290.29565200000013 512.284866 290.29565200000013 worker-bee 0
177.44332300000002 423.710145 70.31454000000005 423.710145 70.31454000000005 521.402899 177.44332300000002 521.402899 worker-bee 0
251.13827900000007 554.527536 145.77566800000005 554.527536 145.77566800000005 609.252174 251.13827900000007 609.252174 worker-bee 0
353.1394660000001 416.498551 305.851632 416.498551 305.85163200000005 510.295652 353.13946600000014 510.295652 worker-bee 0
526.01543 478.3536230000001 431.55370900000014 478.35362299999997 431.55370900000014 593.368116 526.01543 593.368116 worker-bee 0
626.563798 429.7507250000001 564.481899 429.7507250000001 564.481899 511.1884060000001 626.563798 511.1884060000001 worker-bee 0
640 547.907246 551.843323 547.907246 551.843323 639.988406 640 639.988406 worker-bee 0
640 6.949074748438804e-14 494.87003000000004 6.060409982334546e-14 494.87003000000004 63.21159400000007 640 63.211594000000076 worker-bee 0
65.291395 3.997944894930775e-15 0 0 4.273839816470726e-15 69.797101 65.291395 69.797101 wax-sealed-honey-cells 0