529.5206309999999 466.36790199999996 523.9437343326473 274.7023890968435 432.5498309999999 277.36168 438.12672766735255 469.02719290315645 capped-drone-cells 0
439.5651049999999 488.655766 437.34184313600076 361.2851860015931 302.658937 363.636085 304.8821988639992 491.0066649984069 capped-drone-cells 0
364.440062 359.989835 360.13153985410884 211.91553458063277 296.25744299999997 213.774081 300.5659651458912 361.8483814193673 capped-drone-cells 0
520.0263349999999 234.19179 518.599710188752 152.46051472266075 435.087378 153.918228 436.51400281124785 235.64950327733925 capped-drone-cells 0
485.80264500000004 119.78198 482.2616400818092 -1.9144536759055857 415.7815005758127 0.019921012342592803 419.3225054940035 121.71635468824817 capped-drone-cells 0
641.877380416407 467.8705811719049 639.9999999982613 360.31563090038856 600.092475 361.01222000000007 601.9698554181458 468.5671702715165 capped-drone-cells 0
370.34837100000004 633.8605949999999 366.17262846581104 490.3496432262444 305.8948700000001 492.10354699999993 310.0706125341891 635.6144987737556 capped-drone-cells 0
232.14029500000004 460.063439 229.53060441189305 370.37417787562765 184.31577 371.68979500000006 186.92546058810694 461.3790561243724 capped-drone-cells 0
185.804703 542.530065 182.8556403471556 441.1773710514339 113.300371 443.201223 116.2494336528444 544.5539169485662 capped-drone-cells 0
136.20396 442.1895249999999 133.7150222667631 356.650271960503 90.363509 357.91167200000007 92.85244673323686 443.45092503949684 capped-drone-cells 0
202.64925900000003 296.082418 201.39080923857443 223.98586359598693 89.588141 225.93738599999998 90.84659076142557 298.0339404040131 capped-drone-cells 0
226.53016599999998 149.603715 224.0021157518267 62.720261765332125 170.25249399999996 64.28421599999999 172.78054424817324 151.16766923466787 capped-drone-cells 0
287.642892 79.510823 286.2281538205273 -1.5394819715132737 198.03128100000004 0 199.44601917947267 81.05030497151327 capped-drone-cells 0
167.41674100000006 123.02289299999998 163.99389812793345 5.387418216852628 101.11009799999998 7.217150000000001 104.53294087206655 124.85262478314736 capped-drone-cells 0
46.75877900000002 198.755439 43.27091143637962 78.88519190256766 2.3299869999999925 80.07645100000002 5.81785456362038 199.94669809743237 capped-drone-cells 0
642.757912279943 625.4341804629294 639.9999999999999 467.43348899999995 410.5950769957382 471.4377667558431 413.35298927568124 629.4384582187724 bee-larvae 0
601.072681 472.01392400000003 596.3770628309992 310.6360115169234 534.2750749999999 312.44299500000005 538.9706931690007 473.82090748307667 bee-larvae 0
641.783566901825 302.24001572433707 640.0000000000002 200.05953500000004 474.8485669990897 202.9422639478509 476.63213390091465 305.122744672188 bee-larvae 0
640.4404608800677 197.5881338975774 637.0884976457891 82.3886272582147 535.3225449946899 85.3497140001545 538.6745082289685 200.54922063951722 bee-larvae 0
436.8040160000001 370.2328990000001 431.1589701629833 176.2252659626482 352.48255299999994 178.51451600000001 358.1275988370168 372.5221490373519 bee-larvae 0
390.305918 211.13809700000004 388.70806771772146 119.59732032264557 246.04778199999998 122.08746500000001 247.64563228227857 213.62824167735448 bee-larvae 0
252.34592700000002 635.9203350000001 250.4361334421008 526.5083515443664 130.600077 528.600098 132.50987055789923 638.0120814556337 bee-larvae 0
206.863651 535.267512 203.20245061778144 409.4401993192919 160.90638399999995 410.67088899999993 164.5675843822185 536.4982016807079 bee-larvae 0
79.126738 627.219165 71.75327518158207 373.8096943953626 10.928248000000004 375.579522 18.301710818417934 628.9889926046375 bee-larvae 0
111.36757899999999 366.69098500000007 108.300592237079 261.28551103937855 7.694328999999991 264.212855 10.76131576292098 369.6183289606215 bee-larvae 0
109.03241899999999 216.069598 102.67815269111439 -2.3123774158483 23.206892626718037 1.0861395560723963e-8 29.561158935603636 218.38197542670972 bee-larvae 0
234.11609600000006 244.92999900000004 232.2753270047282 139.47240271746256 120.866547 141.41705 122.70731599527184 246.87464628253747 bee-larvae 0
308.738675 450.67317500000007 305.58713447324266 342.361744621912 249.96116200000003 343.98029500000007 253.11270252675735 452.29172537808813 bee-larvae 0
426.974776 126.54552499999997 423.1950891523906 -3.353876527857995 307.92983799999996 1.7763568394002505e-15 311.7095248476094 129.89940152785798 bee-larvae 0