80.67226900000001 107.68254 1.3311716355284706e-14 107.68254 2.4632895660872718e-14 292.571429 80.67226900000003 292.571429 bee-larvae 0
33.34728113148083 212.8137390032286 11.944001681999502 207.7776734569668 4.980030705262045 237.3745513220353 26.38331015474337 242.4106168682971 varroa-mites 0
217.64486620053356 72.78820214998413 80.78497326649216 45.57629398542892 47.098641816700955 214.99872800511295 183.95853475074236 242.21063616966816 bee-larvae 0
171.82308815435636 430.9874259683034 163.88001255350878 205.93377727670605 94.05102987706321 208.39833135860567 101.99410547791078 433.451980050203 bee-larvae 0
148.436975 148.31746 130.151261 148.31746 130.151261 190.984127 148.436975 190.984127 varroa-mites 0
187.15966400000008 290.539683 166.72268900000006 290.539683 166.72268900000006 329.142857 187.15966400000008 329.142857 varroa-mites 0
186.35184491310048 202.46639202713467 177.478992 199.111111 171.8330290868995 214.04154397286536 180.70588200000003 217.39682500000004 varroa-mites 0
198.4326760290565 128.3189196306886 193.613445 128.00000000000003 192.0211049709436 152.06203236931148 196.84033600000004 152.38095200000006 varroa-mites 0
93.11068360436428 428.8864404787505 72.067227 416.507937 54.250661395635774 446.7960995212495 75.29411800000005 459.17460300000005 varroa-mites 0
163.49579799999998 495.746032 162.04351565598316 462.82762365121533 144.86686370340078 463.5854169228629 146.3191460474176 496.50382527164754 varroa-mites 0
202.21848700000007 420.571429 182.85714300000006 420.571429 182.85714300000006 461.206349 202.21848700000007 461.206349 varroa-mites 0
509.12639524187307 129.31833017136128 409.00667383210373 119.36490734587775 394.72177197993966 263.0542109031283 494.84149338970894 273.00763372861184 bee-larvae 0
493.1587092235983 173.1009906865067 481.08137663228484 172.56816730638621 479.47733439614797 208.92646594553162 491.55466698746136 209.45928932565212 varroa-mites 0
640 105.65079400000009 574.386555 105.65079400000008 574.386555 298.66666700000013 640 298.66666700000013 bee-larvae 0
604.504202 180.82539700000007 597.0772474427695 170.9956036123421 586.3209444427696 179.12258761234204 593.747899 188.95238100000003 varroa-mites 0
615.2605039999999 125.96825400000003 610.8145656999999 112.63043910000007 592.5288517 118.72567710000001 596.97479 132.06349199999997 varroa-mites 0
538.0810762818979 390.32406989063486 535.2665722768659 366.4007806146426 517.3483753385984 368.5088033227204 520.1628793436305 392.4320925987127 varroa-mites 0
361.26804794523395 639.7200296247194 355.4045292424461 462.51150526919724 280.7299830700164 464.98235479348875 286.5935017728043 642.1908791490108 bee-larvae 0