164.91776542865537 306.56117066441084 159.3416131035203 218.65818552519033 63.90244919397298 224.71239761935638 69.47860151910803 312.6153827585769 bee-larvae 0
262.5055672978358 220.30070288774863 208.0889778547696 149.89235072845833 135.54643848339512 205.9583920583104 189.9630279264613 276.36674421760074 bee-larvae 0
336.5841630131338 204.46035842762808 327.50107509119164 111.60026730879056 220.60456174127785 122.05632456231797 229.6876496632201 214.91641568115546 bee-larvae 0
407.221242 4.408022339462849e-14 308.41529 3.803010375195314e-14 308.41529 61.36877200000004 407.221242 61.36877200000005 bee-larvae 0
526.8628053722939 281.0581814258546 512.3369413682475 194.81117612175615 411.06435869518225 211.86767284370774 425.59022269922866 298.11467814780616 bee-larvae 0
446.4302209077558 375.94675436237543 373.3674837104601 329.29145994351995 323.83108289477707 406.86604348389204 396.8938200920728 453.5213379027475 bee-larvae 0
529.545588458571 459.7047758672493 503.7722237825726 374.25236019008696 418.98744233272333 399.8243592256367 444.7608070087217 485.276774902799 bee-larvae 0
262.4848229022838 559.1907500328019 235.59193926325582 558.1335678791731 233.14858627112926 620.288237706682 260.0414699101572 621.3454198603108 varroa-mites 0
284.47508006765827 570.347986687742 213.41458273238396 517.3741238571853 157.62837749508475 592.2071693779569 228.68887483035905 645.1810322085137 bee-larvae 0
84.0838376917881 448.7154059872801 71.43483211648267 363.2208105356239 4.507303870743073 373.122801105314 17.156309446048503 458.6173965569702 bee-larvae 0
244.670562035473 223.74120734864147 210.75040456367327 193.7984741234916 189.9594372147718 217.35119662089662 223.87959468657158 247.29392984604652 varroa-mites 0
314.69959040397185 151.70877111265014 298.4388405943952 139.8613655037022 271.4339911904234 176.92594439105216 287.6947410000001 188.77335000000005 varroa-mites 0