216.46216200000012 415.59513400000003 50.56077030030875 410.7678959183444 44.28544000000001 626.436983 210.18683169969137 631.2642210816557 capped-drone-cells 0
372.541421 377.483212 200.06926200000007 377.483212 200.06926200000007 509.640876 372.5414210000001 509.640876 capped-drone-cells 0
498.50407400000006 348.49635 377.25587620340957 344.96838799461364 371.97890800000005 526.326034 493.22710579659054 529.8539960053865 capped-drone-cells 0
467.02897800000005 206.03017000000006 329.4526860000001 206.03017000000006 329.4526860000001 306.094404 467.02897800000005 306.09440400000005 capped-drone-cells 0
607.397855 166.25985400000005 482.6588750000001 166.25985400000005 482.6588750000001 239.35377100000005 607.397855 239.35377100000005 capped-drone-cells 0
633.2261850000001 232.5333330000001 591.8869753058478 231.33048486179223 586.1837900000002 427.33625300000017 627.5229996941524 428.539101138208 capped-drone-cells 0
413.74615399999993 71.84038900000006 355.980513 71.84038900000006 355.980513 120.34647200000006 413.74615399999993 120.34647200000006 capped-drone-cells 0
436.505501 1.4248180000000494 369.805754 1.4248180000000452 369.805754 65.84525500000005 436.505501 65.84525500000005 bee-larvae 0
238.29418 120.70462300000001 53.30081500000002 120.704623 53.30081500000003 201.53771300000002 238.29418 201.53771300000005 bee-larvae 0
54.26691800000004 293.83163 3.598399651677494e-14 293.83163 4.2524027600153934e-14 400.638443 54.26691800000004 400.638443 capped-drone-cells 0
230.29581900000005 253.23601000000002 191.97497785105185 252.12098728165867 187.71835299999998 398.41167900000005 226.0391941489482 399.52670171834137 capped-drone-cells 0