102.196231 454.42723599999994 99.3075500633308 330.31772329736975 7.737836999999999 332.449032 10.626517936669206 456.5585447026302 american-foulbrood 0
107.24218599999999 520.020026 105.43817904090083 442.51255134157924 63.30436499999999 443.49322699999993 65.10837195909914 521.0007016584208 american-foulbrood 0
230.90594 583.535931 229.65812984011313 529.9248980915555 199.437319 530.628295 200.68512915988686 584.2393279084445 american-foulbrood 0
329.342034 582.957934 327.1494573617359 488.7559059540614 271.038244 490.061909 273.23082063826416 584.2639370459387 american-foulbrood 0
370.2301980000001 640 368.3520363338779 559.3064962906576 303.46605000000005 560.8167340000001 305.3442116661222 641.5102377093424 american-foulbrood 0
170.688915 640 169.1240690078145 572.7678059078634 121.30111547933097 573.8808970121187 122.86596147151644 641.1130911042553 american-foulbrood 0
154.85004549280896 158.58689599798646 73.13779500000001 157.636088 72.33703950719112 226.45285600201356 154.04929000000007 227.40366400000002 american-foulbrood 0
161.278576 160.23374600000005 158.0442929132044 21.275781975029375 97.47994799999998 22.685433000000003 100.71423108679556 161.64339702497062 american-foulbrood 0
314.196755 196.505271 310.4696914709392 36.37541011103274 196.78772500000002 39.021387000000004 200.5147885290608 199.15124788896725 american-foulbrood 0
479.27107216275544 138.9084452209289 348.568185 137.38758000000004 347.17350683724464 257.2459737790712 477.876394 258.76683900000006 american-foulbrood 0
503.766637 114.20927800000001 501.18906434600444 3.466228953497936 433.427827 5.0433889999999995 436.00539965399554 115.78643804650207 american-foulbrood 0
557.617047 275.215662 554.7572163018713 152.3456592704404 479.76402299999995 154.09114499999998 482.6238536981287 276.96114772955957 american-foulbrood 0
578.4145169999999 413.40910800000006 577.0440788092324 354.529514899763 554.787186 355.04755 556.1576241907676 413.927143100237 american-foulbrood 0
608.303605 640 606.7059564775176 571.3585008273776 540.0755346810114 572.9093410074246 541.6731832034937 641.550840180047 american-foulbrood 0
640 495.2447610000001 625.102744 495.2447610000001 625.102744 595.196667 640 595.196667 american-foulbrood 0