40.749938 346.533483 39.727256542718564 170.74934824413668 20.037984 170.863897 21.060665457281438 346.64803175586326 nosema 0
82.65365800000001 473.827578 81.35264728124594 250.2028625620389 11.922052999999986 250.60679800000003 13.223063718754066 474.23151343796115 nosema 0
160.510182 549.330527 159.97268517930496 456.94263777406354 127.222278 457.133174 127.75977482069501 549.5210632259364 nosema 0
333.94567 525.242056 332.8852483871576 342.9710857166965 280.9838939999999 343.2730389999999 282.04431561284235 525.5440092833035 nosema 0
415.2893260000001 474.90061899999995 414.2024835108838 288.08819333951675 369.88479699999993 288.34602599999994 370.9716394891162 475.15845166048314 nosema 0
498.73587499999996 511.3069230000001 498.0010741638077 385.0053141727751 435.64946699999996 385.368065 436.3842678361923 511.6696738272248 nosema 0
537.5100070000001 571.4349749999999 536.1139704260951 331.4766202261227 502.25326600000005 331.673616 503.64930257390495 571.6319707738772 nosema 0
626.3060789999998 502.53740199999993 625.2030006485058 312.9342085788069 581.073728 313.190945 582.176806351494 502.79413842119305 nosema 0
258.84973600000006 328.55977799999994 258.122076417787 203.4857330694964 214.97524800000002 203.736754 215.70290758221302 328.81079893050355 nosema 0
262.74339800000007 171.961975 262.11356095592697 63.702232683769815 201.29618299999998 64.056058 201.92602004407308 172.3158003162302 nosema 0
147.50851400000002 96.96025500000002 147.14357838512836 34.23316942049349 96.453458 34.528076000000006 96.81839361487165 97.25516157950652 nosema 0
207.33444699999995 442.644237 206.7483658880238 341.9053508864464 135.13755199999997 342.32196999999996 135.7236331119761 443.06085611355354 nosema 0
248.59501 635.202771 248.24003413442074 574.1877092570759 205.12012299999998 574.4385740000001 205.47509886557924 635.4536357429242 nosema 0
570.7427180000002 278.227835 569.1401228237013 2.7652001656979195 347.928517 4.052172 349.53111217629885 279.5148068343021 empty-cells 0
345.803125 159.807523 344.9142130940419 7.016688233132804 277.293741 7.410093 278.18265290595815 160.2009277668672 empty-cells 0