242.18397600000003 91.40000000000002 4.35845700000001 91.4 4.3584570000000245 324.907692 242.18397600000006 324.907692 capped-brood-cells 0
376.64095 175.72307700000005 248.432047 175.72307700000005 248.43204700000004 381.446154 376.64095 381.446154 capped-brood-cells 0
335.5821960000002 477.723077 211.85519300000007 477.723077 211.85519300000007 640 335.5821960000002 640 capped-brood-cells 0
544.294362 164.3076920000001 405.982196 164.3076920000001 405.982196 357.72307700000005 544.294362 357.7230770000001 capped-brood-cells 0
609.566766 404.7692310000001 544.560237 404.7692310000001 544.560237 546.492308 609.566766 546.492308 capped-brood-cells 0
414.908012 16.169231000000046 342.68486600000006 16.169231000000043 342.68486600000006 115.15384600000004 414.908012 115.15384600000006 capped-brood-cells 0
634.321662 1.369231000000065 422.874777 1.369231000000052 422.874777 183.55384600000005 634.321662 183.55384600000005 worker-bee 0
302.95549 2.975782703870008e-14 183.026706 2.2414306966138367e-14 183.026706 91.44615400000004 302.95549 91.44615400000004 worker-bee 0
386.7727 98.21538500000004 233.666469 98.21538500000003 233.666469 201.78461500000003 386.7727 201.78461500000003 worker-bee 0
116.909199 7.158623817311547e-15 0 0 5.946131209019353e-15 97.10769200000001 116.909199 97.10769200000003 worker-bee 0
229.24154300000004 328.430769 4.348961000000041 328.430769 4.34896100000006 640 229.24154300000004 640 worker-bee 0
310.8178040000001 379.707692 256.864095 379.707692 256.8640950000001 515.492308 310.81780400000014 515.492308 worker-bee 0
542.61365 352.36923100000007 401.054006 352.369231 401.0540060000001 640 542.61365 640 worker-bee 0
398.58516300000014 465.184615 339.8646880000001 465.184615 339.8646880000001 639.984615 398.58516300000014 639.984615 worker-bee 0
428.980415 248.66153800000006 360.973294 248.66153800000006 360.973294 346.784615 428.980415 346.784615 worker-bee 0
640 264.6307690000001 543.857567 264.6307690000001 543.857567 406.0769230000001 640 406.0769230000001 worker-bee 0
640 436.69230800000014 593.091988 436.69230800000014 593.091988 634.938462 640 634.938462 worker-bee 0