109.1473406205357 189.79487656744155 106.85278536037873 126.52656631276795 57.33976041023875 128.32225789024662 59.63431567039571 191.59056814492027 small-hive-beetle 0
126.40454736436595 138.4081616240563 115.75089112558915 90.14831558491784 96.66642422723856 94.36132840038456 107.32008046601538 142.62117443952303 small-hive-beetle 0
213.9214723176411 233.3488302531277 167.03759782599514 231.72945878320826 165.2615099846147 283.1505693734544 212.14538447626066 284.7699408433739 small-hive-beetle 0
83.9381155969219 439.82315372805647 69.41411352107187 396.91527515370404 41.29908817523214 406.4320049490949 55.82309025108219 449.33988352344727 small-hive-beetle 0
223.45311192673822 514.8685723099994 185.54990483821715 498.01816737753074 153.87124436819064 569.2759699582098 191.77445145671172 586.1263748906786 small-hive-beetle 0
190.08199336819575 397.941876482517 182.8952275556045 333.53913812154485 146.96123380258922 337.54904832701743 154.14799961518048 401.9517866879895 small-hive-beetle 0
99.83711526156965 483.07054132841085 69.65846276517446 479.70287549120303 65.59038156453542 516.1581578190344 95.76903406093061 519.5258236562422 small-hive-beetle 0
124.29966510196545 437.0263042760213 80.16912553497997 423.7173228242481 69.192512800925 460.114085741605 113.32305236791046 473.4230671933782 small-hive-beetle 0
177.2997165550873 469.2393520399159 171.2504807955585 431.9433760184308 141.59265418836293 436.75373907633286 147.64188994789168 474.04971509781797 small-hive-beetle 0
226.1421284979594 485.0592313481178 220.42528044901866 445.6512551494038 198.9292536453994 448.76964717929593 204.6461016943402 488.17762337801 small-hive-beetle 0
178.69499200000007 595.8159 152.47344500000005 595.8159 152.47344500000005 634.644351 178.69499200000007 634.644351 small-hive-beetle 0
263.8496371367643 618.1203871977467 237.2592603511092 579.5461800234934 205.6869511389616 601.3099351190112 232.2773279246167 639.8841422932645 small-hive-beetle 0
340.4677661175167 564.9960852450942 317.98046136540614 561.5008769906425 311.79585053354816 601.2911322270974 334.28315528565867 604.786340481549 small-hive-beetle 0
486.9188886312519 376.81013827707704 482.2193790340565 308.7803165889095 445.12204006090553 311.34300595378636 449.82154965810093 379.3728276419539 small-hive-beetle 0
567.6865556289889 187.63816054698438 542.2774930308128 185.5903553006292 537.9006341274928 239.89819636890707 563.3096967256689 241.94600161526225 small-hive-beetle 0
599.210926 160.66945600000003 579.787557 160.66945600000003 579.787557 204.85355600000005 599.210926 204.85355600000005 small-hive-beetle 0
598.4617778435173 419.15652460188824 592.2999351171934 342.7006531581709 544.376514049154 346.56296716954205 550.538356775478 423.01883861325933 small-hive-beetle 0
616.0857833277606 291.1911558105734 587.9103989949898 290.1693176096247 585.9259468810478 344.88708109545587 614.1013312138186 345.9089192964045 small-hive-beetle 0
575.8643659382324 604.3917953875801 569.398219746146 470.67237311730736 527.7353973333464 472.68702361401375 534.2015435254328 606.4064458842865 small-hive-beetle 0