641.0492167369915 457.1388881637315 7.915094000000055 453.455422 6.86587726300856 633.8004798362686 640.0000000000001 637.4839460000001 worker-bee 0
196.381227 280.246696 191.43117805654282 -3.3414433441226747 -1.2432604041885304e-14 2.1701189141509563e-16 4.950048943457163 283.5881393441227 worker-bee 0
286.82033699999994 347.593378 284.38412203303443 208.02267836056512 180.38954299999997 209.83790999999997 182.8257579669655 349.40860963943476 bee-larvae 0
411.0448630000001 463.96700100000004 407.0869244787708 237.21690186673266 290.035758 239.260038 293.9936965212292 466.01013713326734 bee-larvae 0
222.42820114863127 331.368157549384 138.84440300000003 330.88188099999996 138.50298685136875 389.5663034506159 222.08678499999996 390.05258 bee-larvae 0
184.17536195953437 285.3157252099406 28.213156000000033 284.408363 27.81499904046571 352.8456827900594 183.77720500000004 353.753045 wax-moth-larva 0
521.687989 364.379919 518.0382346553318 155.28564280109575 356.72883399999995 158.10130900000001 360.37858834466806 367.19558519890427 worker-bee 0
582.893615 307.334604 581.0276897442182 200.4358230934327 489.337064 202.03628899999998 491.2029892557817 308.9350699065673 bee-larvae 0
641.7373032018174 490.9688992566081 638.2685805980855 292.2459353784584 502.28699698958485 294.6195030001818 505.7557195933168 493.3424668783315 capped-brood-cells 0
519.7846209608047 372.15600752042155 414.57891500000005 371.543938 413.99625703919554 471.69423147957855 519.2019630000001 472.3063010000001 capped-brood-cells 0
634.6196559057056 3.692109402087419 232.61790300000004 1.3533310000000287 231.45270009429447 201.6346445979127 633.4544530000001 203.97342300000014 capped-brood-cells 0
310.7414186794831 349.6986122955437 215.99634700000007 349.1474020000001 215.4794763205171 437.98999070445643 310.22454800000014 438.541201 capped-brood-cells 0