530.6659090050814 32.48992978168107 472.329 31.132123000000057 470.3757609949185 115.05122521831905 528.71267 116.40903200000005 pollen 0
461.75687700000003 189.18839600000007 334.4836904329443 186.22607998680166 332.627528 265.9743940000001 459.9007145670558 268.9367100131985 pollen 0
336.118839 12.478357000000042 270.81663102222115 10.958431045287554 268.503206 110.35259000000005 333.8054139777788 111.87251595471253 pollen 0
593.46322 472.2940610000001 529.8367210065445 470.8131377188239 527.180517 584.9344860000001 590.8070159934555 586.4154092811764 pollen 0
573.7103593027864 85.52536800704746 232.60247300000003 77.58599400000003 230.08753169721365 185.63812899295266 571.195418 193.57750300000015 nectar 0
325.8116550000001 188.22587700000003 231.3258510101877 186.02669556229614 223.40142600000001 526.492314 317.88722998981234 528.6914954377038 nectar 0
479.59607200000005 490.674486 275.3008032449558 485.91946098242613 271.7145390000001 640 476.00980775504445 644.7550250175739 nectar 0
159.13786400840314 306.1203006389716 50.22682300000005 303.585368 42.86845199159696 619.7309863610284 151.77949300000006 622.265919 nectar 0
99.41544900000005 201.77832300000003 9.149202006161488 199.6773527352785 5.927948000000008 338.07555599999995 96.19419499383858 340.1765262647215 nectar 0
56.04347400000006 463.10232900000005 5.684341886080802e-14 461.797903 -2.414182404705988 565.5210492953081 53.62929159529401 566.825475295308 nectar 0
625.1558820208661 112.18555010351582 572.3912140000001 110.95743900000008 570.3860899791341 197.10575489648426 623.1507580000001 198.33386600000006 nectar 0