254.7435 339.3111349999999 251.87359079362187 174.89413214427 172.22427499999998 176.284416 175.0941842063781 340.7014188557299 queen-bee 0
640 397.0013130000001 496.915522 397.0013130000001 496.915522 580.553279 640 580.553279 worker-bee 0
640 27.81867700000007 449.369831 27.818677000000058 449.369831 338.42357100000004 640 338.4235710000001 worker-bee 0
448.25993399999993 420.10652999999996 444.3273973185736 194.81165980644215 271.81528499999996 197.82287 275.7478216814263 423.1177401935578 worker-bee 0
506.61148459082665 409.6441594018009 107.45566100000006 407.321938 106.2218874091734 619.3895355981992 505.377711 621.711757 worker-bee 0
229.07190900000003 404.161569 227.63672253397544 321.9397753739379 167.648528 322.98687299999995 169.0837144660246 405.20866662606204 worker-bee 0
170.02306200000004 407.678083 165.92933301393123 173.14847094341337 74.30582399999999 174.74776499999996 78.39955298606877 409.27737705658666 worker-bee 0
243.72947852372084 1.4336996473349206 8.293467999999999 0.063973000000001 7.620966476279179 115.6571653526651 243.05697700000002 117.02689200000002 worker-bee 0
452.2425907836473 2.6310703926676915 276.423037 1.6081820000000282 275.83578721635286 102.5478306073324 451.65534100000013 103.57071900000007 worker-bee 0
330.73416553563357 108.4332401029643 125.44465200000002 107.2389 124.9830844643665 186.57557689703572 330.272598 187.76991700000002 capped-brood-cells 0
509.409543 532.6238700000001 507.3731615732219 415.95962448906516 427.573121 417.352539 429.60950242677814 534.0167845109349 capped-brood-cells 0
640 559.98031 526.639276 559.98031 526.639276 640 640 640 capped-brood-cells 0
640.301948562478 351.51490668399117 519.3446070000001 350.8111980000001 519.0426584375223 402.711787316009 640.0000000000001 403.41549600000013 capped-brood-cells 0
425.69939077891104 155.74658459468807 369.37717900000007 155.41891100000007 369.11447122108905 200.57446640531208 425.436683 200.9021400000001 capped-brood-cells 0
263.468131 640 262.1480144362353 564.3705839626858 201.74114199999997 565.42499 203.06125856376468 641.054406037314 capped-brood-cells 0