629.644944 4.9382162159187614e-14 176.826966 2.1655057791483785e-14 176.826966 172.97943900000004 629.644944 172.97943900000007 wax-sealed-honey-cells 0
110.68764000000003 259.044486 8.503371000000032 259.044486 8.503371000000035 319.180561 110.68764000000003 319.180561 wax-sealed-honey-cells 0
208.72809000000007 237.290467 131.08314600000006 237.290467 131.08314600000006 284.375327 208.72809000000007 284.375327 wax-sealed-honey-cells 0
474.085393 264.48149500000005 364.782022 264.481495 364.782022 327.88336400000003 474.085393 327.88336400000003 wax-sealed-honey-cells 0
615.27191 277.5267290000001 505.339326 277.5267290000001 505.339326 332.23177600000014 615.27191 332.23177600000014 wax-sealed-honey-cells 0
628.350562 319.94616800000006 219.32584300000005 319.946168 219.32584300000005 476.69233600000007 628.350562 476.6923360000001 capped-brood-cells 0
402.1932580000001 480.897196 212.78202200000007 480.897196 212.78202200000007 524.560748 402.1932580000001 524.560748 capped-brood-cells 0
640 528.747664 369.6898880000001 528.747664 369.6898880000001 640 640 640 capped-brood-cells 0
632.260674 472.1943930000001 526.570787 472.1943930000001 526.570787 540.225794 632.260674 540.225794 capped-brood-cells 0
51.847191000000066 477.637383 5.849370922440684e-14 477.637383 6.179361732289757e-14 531.528972 51.84719100000008 531.528972 capped-brood-cells 0
204.61123600000005 356.6056070000001 155.11910100000006 356.6056070000001 155.11910100000006 421.084112 204.61123600000005 421.084112 capped-brood-cells 0
204.80000000000007 555.938692 132.71011200000007 555.938692 132.71011200000007 595.917757 204.80000000000007 595.917757 capped-brood-cells 0
394.337079 4.057791491925802e-14 268.350562 3.286346568026934e-14 268.350562 56.36785000000003 394.337079 56.36785000000004 worker-bee 0
492.386517 85.04822400000006 310.849438 85.04822400000003 310.849438 160.80747700000006 492.386517 160.80747700000006 worker-bee 0
628.341573 7.823551000000069 500.431461 7.823551000000062 500.431461 146.87700900000004 628.341573 146.87700900000004 worker-bee 0
217.86067400000002 48.07177600000002 171.92809 48.071776000000014 171.92809 143.401869 217.86067400000002 143.401869 worker-bee 0
83.22696600000003 209.016822 0.008989000000025598 209.016822 0.008989000000028507 256.520374 83.22696600000003 256.520374 worker-bee 0
415.27191000000005 180.74915900000005 317.38427 180.74915900000005 317.38427 252.17794400000005 415.27191000000005 252.17794400000005 worker-bee 0
528.988764 209.01682200000005 487.352809 209.01682200000005 487.352809 255.65906500000006 528.988764 255.65906500000006 worker-bee 0
637.492135 181.83775700000007 567.433708 181.83775700000007 567.433708 269.5835510000001 637.492135 269.5835510000001 worker-bee 0
198.25618000000006 396.076262 36.278652000000044 396.076262 36.27865200000006 527.174579 198.25618000000006 527.174579 worker-bee 0
130.29213500000006 526.570467 0.008989000000064487 526.570467 0.008989000000067348 573.296449 130.29213500000006 573.296449 worker-bee 0
325.0696630000001 559.198505 216.05393300000006 559.198505 216.05393300000006 639.431776 325.0696630000001 639.431776 worker-bee 0
206.11236000000005 302.540561 91.84719100000002 302.540561 91.84719100000004 356.599626 206.11236000000005 356.599626 worker-bee 0
302.669663 226.06355100000005 238.777528 226.06355100000005 238.77752800000002 326.465794 302.669663 326.465794 worker-bee 0
196.96179800000004 177.483364 49.36629200000003 177.483364 49.36629200000003 234.772336 196.96179800000004 234.772336 worker-bee 0
625.725843 325.38317800000004 439.9460670000001 325.38317800000004 439.9460670000001 389.67028000000005 625.725843 389.67028000000016 worker-bee 0
590.435955 390.63925200000017 497.168539 390.63925200000017 497.168539 455.81158900000014 590.435955 455.81158900000014 worker-bee 0
240.09887600000008 354.739439 216.06292100000005 354.739439 216.06292100000005 399.240374 240.09887600000008 399.240374 worker-bee 0
333.734831 359.219439 274.085393 359.219439 274.085393 398.253458 333.734831 398.253458 worker-bee 0
309.36629200000004 417.818318 240.56629200000006 417.818318 240.56629200000006 470.597383 309.3662920000001 470.597383 worker-bee 0
466.24719100000004 547.241869 404.0089890000001 547.241869 404.0089890000001 587.220935 466.24719100000004 587.220935 worker-bee 0
602.202247 593.997757 500.4314610000001 593.997757 500.4314610000001 639.994019 602.202247 639.994019 worker-bee 0
191.73033700000005 604.877757 140.88988800000007 604.877757 140.88988800000007 640 191.73033700000005 640 worker-bee 0
144.14382 65.94990700000001 96.28764000000001 65.949907 96.28764000000001 111.14467300000001 144.14382 111.14467300000003 worker-bee 0
101.653933 0.005981000000008839 42.705618 0.00598100000000523 42.705618 32.84336400000001 101.653933 32.843364000000015 worker-bee 0