113.55857980373688 188.41932208164758 109.78498724133823 125.06939361195731 60.347889865905486 128.014234552887 64.12148242830412 191.36416302257726 small-hive-beetle 0
129.6009609471065 136.83483386103777 117.83878082981255 88.75918639949595 98.90087991999509 93.39253016720969 110.66306003728903 141.4681776287515 small-hive-beetle 0
219.3541610109881 230.73227646134941 172.4264534391329 230.2038578190299 171.84926238379958 281.4629370575606 218.7769699556548 281.9913556998801 small-hive-beetle 0
94.10376138446247 438.6499901075268 78.60637340738322 395.9807898805204 50.80494370915682 406.07822644035105 66.30233168623607 448.74742666735744 small-hive-beetle 0
235.48300038590637 512.1582549420675 197.05962632945457 496.0542219235505 167.0112481135986 567.7480687164636 205.4346221700504 583.8521017349807 small-hive-beetle 0
199.32983330312544 395.62373947052595 190.62399778839588 331.1559271841302 154.837968351395 335.98852929911686 163.54380386612456 400.4563415855126 small-hive-beetle 0
111.09030711954884 481.7999810535952 80.80283250952468 479.12858944446043 77.58601142141612 515.5999876093417 107.87348603144028 518.2713792184766 small-hive-beetle 0
134.59766883510662 435.6162557736435 90.14343123993714 422.8167688841495 79.65673263798494 459.23840009991045 124.11097023315442 472.03788698940434 small-hive-beetle 0
188.0529283212289 467.20567693944747 181.544964852074 429.90866245982056 152.03447622251255 435.05795348586247 158.54243969166745 472.3549679654894 small-hive-beetle 0
237.41961280587697 482.35432070678155 230.77809433612455 442.9687604288568 209.3946696151196 446.57461011663474 216.03618808487204 485.96017039455955 small-hive-beetle 0
193.46466267653764 632.4859633567477 192.5577644194828 593.5219422903318 166.3433174161133 594.1320907207644 167.25021567316819 633.0961117871802 small-hive-beetle 0
278.13312441786746 615.1238987378962 250.79649338050018 576.7511197901725 219.75570524442932 598.8644666900899 247.0923362817966 637.2372456378135 small-hive-beetle 0
357.9169142299885 594.117850684478 343.4556045428636 555.940631947415 322.70958554379274 563.7991039745898 337.17089523091767 601.9763227116528 small-hive-beetle 0
495.6775336824819 371.0176566390195 489.3779776537253 302.8625451463508 452.37960469089353 306.28229339923513 458.6791607196501 374.43740489190384 small-hive-beetle 0
572.0664311582453 180.81339752343396 546.5929031944944 179.35466722570638 543.4752514142838 233.79762349263933 568.9487793780347 235.25635379036692 small-hive-beetle 0
603.9771050958916 197.80202343157953 602.947919748519 153.5840301903624 583.5298093876312 154.03599178319342 584.5589947350038 198.25398502441055 small-hive-beetle 0
608.1794470475093 411.82431659971735 600.2557630760739 335.6103043317922 552.4791287621617 340.5774611610567 560.402812733597 416.79147342898193 small-hive-beetle 0
622.8660279321399 283.81476744641066 594.6626045758811 283.4485093878423 593.9509836763754 338.2463357520568 622.1544070326341 338.61259381062507 small-hive-beetle 0
589.91811858733 597.5009342715296 580.3425558499639 463.8977487615205 538.7610826887509 466.87796217070957 548.3366454261169 600.4811476807185 small-hive-beetle 0