463.5847216027993 467.5794739627966 459.61275800000004 331.071938 44.338008397200745 343.15519903720326 48.309972 479.66273499999994 queen-bee 0
645.2371767079026 322.37332691654535 639.2193799999999 115.55506100000002 413.5801062920974 122.1204930834547 419.59790300000003 328.938759 worker-bee 0
570.456607 3.493039289075048e-14 0 0 8.229324798531244e-15 134.395073 570.456607 134.39507300000002 worker-bee 0
286.87525855427407 365.7755112982944 281.270981 173.168989 -5.604277554274024 181.51620670170558 1.7763568394002505e-15 374.122729 worker-bee 0
331.07586000000003 4.063416270128073e-14 146.4438663848822 -1.0741569404360367 145.30182700000003 195.22584400000002 329.9338206151179 196.3000009404361 worker-bee 0
579.8799498825576 623.0188763800833 576.532411 507.97143000000005 53.9786951174423 523.1761906199168 57.32623400000001 638.223637 worker-bee 0
321.9797980000001 196.43048400000004 241.51954855152383 195.9623800338959 240.59112199999993 355.545373 321.05137144847623 356.0134769661041 capped-brood-cells 0
399.3712468462403 258.23908523614966 396.969932 175.71124199999997 305.91778415375967 178.36058876385033 308.319099 260.888432 capped-brood-cells 0
634.0032950000001 7.771561172376096e-14 526.8364152908559 -0.6234785022991329 526.1192749441299 122.64250899967502 633.286154653274 123.26598750197422 capped-brood-cells 0
223.93791650598817 526.2428961050874 221.78481699999998 452.245661 64.9199254940118 456.8099628949124 67.07302499999999 530.8071979999999 capped-brood-cells 0
636.9725250000001 501.756732 581.1540782564134 501.4319895940116 580.4468019999999 623.002383 636.2652487435867 623.3271254059885 capped-brood-cells 0