344.24680900000004 272.556028 276.757447 272.556028 276.75744700000007 484.459574 344.2468090000001 484.459574 queen-bee 0
242.825532 118.24113500000003 116.76595700000004 118.24113500000003 116.76595700000004 211.15461000000005 242.825532 211.15461000000005 worker-bee 0
406.87659600000006 96.68085100000005 298.042553 96.68085100000002 298.042553 261.083688 406.87659600000006 261.083688 worker-bee 0
437.514894 249.87234000000007 326.978723 249.87234000000007 326.978723 448.13617 437.514894 448.13617 worker-bee 0
514.442553 282.79148900000007 444.434043 282.791489 444.434043 351.89787200000006 514.442553 351.8978720000001 worker-bee 0
500.144681 416.6921990000001 389.965957 416.692199 389.96595700000006 502.6382980000001 500.1446810000001 502.6382980000001 worker-bee 0
566.12766 248.66950400000005 514.110638 248.66950400000005 514.110638 402.2241130000001 566.12766 402.2241130000001 worker-bee 0
640 348.62978700000014 543.897872 348.62978700000014 543.897872 445.69645400000013 640 445.69645400000013 worker-bee 0
640 469.09503500000005 461.2425530000001 469.095035 461.2425530000001 639.466667 640 639.466667 worker-bee 0
488.83404300000007 534.286525 369.27659600000015 534.286525 369.27659600000015 640 488.83404300000007 640 worker-bee 0
107.56595700000003 163.744681 3.7191490000000202 163.744681 3.7191490000000265 266.053901 107.56595700000003 266.053901 worker-bee 0
265.344681 216.07943300000002 109.66808500000002 216.079433 109.66808500000005 428.323404 265.344681 428.323404 worker-bee 0
306.32340400000004 386.81418399999995 42.13617000000005 386.81418399999995 42.136170000000064 640 306.3234040000001 640 worker-bee 0
82.82553200000004 334.036879 4.090771946645217e-14 334.036879 4.455004487198617e-14 393.520567 82.82553200000007 393.520567 wax-sealed-honey-cells 0
391.0723400000001 518.763121 284.2978720000001 518.763121 284.2978720000001 600.964539 391.0723400000001 600.964539 wax-sealed-honey-cells 0
383.60851100000014 467.540426 341.3276600000001 467.540426 341.3276600000001 521.46383 383.60851100000014 521.46383 wax-sealed-honey-cells 0
546.578723 394.5758870000002 496.178723 394.5758870000002 496.178723 469.28794300000004 546.578723 469.28794300000004 wax-sealed-honey-cells 0
84.70638300000006 438.048227 45.642553000000056 438.048227 45.642553000000056 481.73617 84.70638300000006 481.73617 wax-sealed-honey-cells 0