571.5257003461475 501.81480443600753 568.8327648509861 438.7691547550418 519.2683222547648 440.8862531978476 521.9612577499263 503.93190287881333 small-hive-beetle 0
525.106785203145 491.3255271278311 505.97876178557055 489.8145318370905 502.1193126425242 538.6721517380402 521.2473360600987 540.1831470287808 small-hive-beetle 0
465.54683925601034 398.73777481629327 464.65938108533305 347.8952751672275 416.30887980256404 348.73923539176224 417.19633797324127 399.581735040828 small-hive-beetle 0
585.377587711531 227.83331060032052 583.2876622163415 182.26162985834742 554.5137839069738 183.58120510541175 556.6037094021633 229.15288584738488 small-hive-beetle 0
484.0793901205476 63.10391138104703 447.03575846809554 45.908118786652864 413.8037438766685 117.49740441196644 450.84737552912054 134.6931970063606 small-hive-beetle 0
485.2163704884309 294.7798973454969 481.26948873136496 231.2757996590621 444.6381209196037 233.55249805522718 448.58500267666966 297.05659574166197 small-hive-beetle 0
571.7255656387233 115.16390601060633 541.9657184693469 110.16668204327756 535.8329521682177 146.6889970406313 565.5927993375941 151.68622100796006 small-hive-beetle 0
560.4966549870055 167.25910287496933 516.3634394857869 164.10044774908727 513.5755387336449 203.0534260853775 557.7087542348635 206.21208121125954 small-hive-beetle 0
491.95687800558994 195.77146881305617 489.4254677275277 158.2686897440487 459.66245791285183 160.27767123345524 462.19386819091415 197.78045030246273 small-hive-beetle 0
436.17913415610815 184.27253187869127 432.3498215219436 145.1265812643992 410.50808761493374 147.26317077850427 414.3374002490982 186.40912139279638 small-hive-beetle 0
486.9656120000001 5.836129220734947e-14 460.588247 5.67461444264899e-14 460.588247 35.80990700000006 486.9656120000001 35.80990700000006 small-hive-beetle 0
427.76347399900516 2.747358592192292 386.73565756234336 -1.5081657347475925 382.24977707088055 41.74053106987968 423.27759350754235 45.996055396819564 small-hive-beetle 0
327.7900706317018 68.37257880345237 316.4368783619518 29.109141997264274 295.3334153883556 35.2112994288579 306.6866076581056 74.474736235046 small-hive-beetle 0
187.08615977717383 325.7145597859362 184.2127226685871 258.44309951643817 146.9952939894369 260.03280695291164 149.86873109802363 327.30426722240963 small-hive-beetle 0
93.43746920609445 399.3844832614838 67.88947337108857 395.9456185668532 60.66765837658792 449.59788923884776 86.2156542115938 453.0367539334783 small-hive-beetle 0
50.82389358732692 435.31839824813716 31.32783919578886 433.8558524476075 28.046149102558537 477.6014968784477 47.542203494096604 479.06404267897744 small-hive-beetle 0
90.59871615186445 288.3085921453642 76.09796087327946 215.4870097816675 26.80763104157026 225.30205344441922 41.30838632015524 298.12363580811586 small-hive-beetle 0
45.574237516072685 294.19875596543415 17.437038161856375 293.5438552978827 16.16209397648381 348.32064891980593 44.299293330700124 348.97554958735736 small-hive-beetle 0
108.34024637729743 166.57599603498824 105.22688371349696 32.81282340698869 63.435656406330125 33.78552197727737 66.54901907013061 167.54869460527692 small-hive-beetle 0