306.756923 55.04980800000002 0.009846000000006742 55.049808 0.009846000000029883 432.968582 306.756923 432.968582 capped-brood-cells 0
578.284308 22.326437000000055 330.8307689999999 22.32643700000004 330.8307689999999 282.51954000000006 578.284308 282.5195400000001 capped-brood-cells 0
140.327385 79.57088100000001 59.510154000000014 79.570881 59.510154000000014 164.80613 140.327385 164.80613 bee-larvae 0
343.532308 95.90191600000003 278.311385 95.90191600000003 278.311385 184.42298900000003 343.532308 184.42298900000003 bee-larvae 0
336.54153800000006 248.47203100000004 263.010462 248.47203100000004 263.010462 343.564751 336.54153800000006 343.564751 bee-larvae 0
546.756923 450.10881200000006 24.516923000000055 450.108812 24.516923000000066 640 546.756923 640 bee-larvae 0
640 286.62682000000007 365.843692 286.62682 365.843692 443.85593900000003 640 443.8559390000001 bee-larvae 0
535.995077 53.94636000000004 6.606523709965081e-15 53.94636 2.1170905558514834e-14 291.80076600000007 535.995077 291.8007660000001 capped-brood-cells 0
284.16984600000006 278.130268 3.377231000000034 278.130268 3.377231000000051 560.882759 284.1698460000001 560.882759 capped-brood-cells 0
144.758154 67.94789300000001 59.648000000000025 67.947893 59.648000000000025 165.63984699999997 144.758154 165.63984699999997 bee-larvae 0
356.1156920000001 74.96092000000004 253.755077 74.96092000000003 253.755077 193.69195400000007 356.1156920000001 193.69195400000007 bee-larvae 0
331.382154 267.64751 262.183385 267.64751 262.183385 336.649808 331.382154 336.649808 bee-larvae 0
639.990154 299.15708800000004 408.46769199999994 299.157088 408.46769200000006 640 639.990154 640 bee-larvae 0
365.1052310000001 505.84521100000006 248.11323100000007 505.84521100000006 248.11323100000007 639.386973 365.1052310000001 639.386973 bee-larvae 0
241.45723100000004 505.83295 45.57784600000006 505.83295 45.577846000000065 628.168582 241.45723100000004 628.168582 bee-larvae 0
425.82646200000005 337.691954 273.447385 337.691954 273.44738500000005 563.702682 425.8264620000001 563.702682 worker-bee 0
639.990154 7.298503035942497e-14 551.945846 6.759387136065779e-14 551.945846 196.47509600000006 639.990154 196.47509600000006 worker-bee 0
358.370462 8.410728000000033 174.976 8.410728000000022 174.976 106.78927200000004 358.370462 106.78927200000005 worker-bee 0