362.82658000000015 272.239512 183.11215377179985 268.0566124859363 174.863114 622.469011 354.5775402282003 626.6519105140636 bee-larvae 0
199.27466300000003 255.853453 116.44840989904368 253.9256508888593 113.018997 401.267237 195.84525010095638 403.19503911114066 bee-larvae 0
126.55797200000008 11.219221000000015 38.21511916400457 9.163018263608498 31.214567999999964 309.9352380000001 119.55742083599547 311.9914407363916 bee-larvae 0
398.724638 2.319712000000004 126.81410482697953 0.7377825075533134 125.36000000000001 250.67712600000004 397.2705331730205 252.25905549244675 bee-larvae 0
440.72053200000005 294.105397 354.18002324079106 293.6019184753733 353.726142 371.6173880000001 440.266650759209 372.1208665246268 bee-larvae 0
483.00470599999994 197.52923300000006 431.4391815684093 196.32903211152558 429.35694 285.7906210000001 480.9224644315907 286.99082188847456 bee-larvae 0
484.23574900000006 2.8172010000000594 393.28139612098363 0.7002150971324692 390.10444500000006 137.19499900000005 481.0587978790165 139.31198490286764 bee-larvae 0
629.989307 384.33557900000005 399.20384150701807 378.96398692043556 393.7204779999999 614.5516079999999 624.5059434929819 619.9232000795644 capped-drone-cells 0
632.5405120000001 14.99626200000008 455.6230164810919 10.878461426207382 447.05357999999995 379.056379 623.9710755189083 383.1741795737928 capped-drone-cells 0
177.00158000000002 411.687629 5.0182080713057076e-14 410.657864 -1.2530198648365185 626.033698144163 175.74856013516347 627.063463144163 capped-drone-cells 0
100.45346000000006 308.417798 3.774758283725532e-14 307.833377 -0.5799273480934408 407.51444367045156 99.87353265190656 408.0988646704516 capped-drone-cells 0