219.821927 96.71026300000003 204.61926900000003 96.71026300000003 204.61926900000003 122.63102600000003 219.821927 122.63102600000003 american-foulbrood 0
89.35548200000002 279.156086 74.53554800000003 279.156086 74.53554800000003 311.354654 89.35548200000002 311.354654 american-foulbrood 0
150.47441900000004 231.690692 132.358804 231.690692 132.35880400000002 254.37327 150.47441900000007 254.37327 american-foulbrood 0
196.70963500000005 393.363246 177.78604700000005 393.363246 177.78604700000005 419.36038199999996 196.70963500000005 419.36038199999996 american-foulbrood 0
69.54418600000005 486.812411 5.3634550000000605 486.812411 5.363455000000062 523.80716 69.54418600000005 523.80716 american-foulbrood 0
113.30232600000002 305.855847 98.28039900000005 305.855847 98.28039900000005 324.399045 113.30232600000002 324.399045 american-foulbrood 0
138.067774 43.31837700000001 120.99402 43.31837700000001 120.99402 75.15035800000003 138.067774 75.15035800000003 american-foulbrood 0
339.80598 12.166110000000039 292.369435 12.166110000000035 292.369435 75.14272100000002 339.80598 75.14272100000002 american-foulbrood 0
390.166113 308.819093 365.67176099999995 308.819093 365.67176099999995 375.446301 390.166113 375.446301 american-foulbrood 0
444.661794 374.0868740000001 419.359468 374.0868740000001 419.359468 405.124582 444.661794 405.124582 american-foulbrood 0
381.65581400000013 469.017661 349.15614600000015 469.017661 349.15614600000015 543.984726 381.65581400000013 543.984726 american-foulbrood 0