417.12142496073716 311.49823470941215 375.3190363252676 298.7425754492201 339.8793332815252 414.8842980792316 381.6817219169948 427.6399573394236 small-hive-beetle 0
433.51441810196957 462.07161247300223 392.0822247429386 408.09702157656307 328.1134539285649 457.2009876706445 369.5456472875959 511.1755785670837 small-hive-beetle 0
350.403277158847 386.86096148869706 272.867192505575 381.4501825478925 268.64033258186566 442.02079030100026 346.17641723513765 447.4315692418048 small-hive-beetle 0
254.3918118455474 428.6791982153046 170.36575429646746 424.07202473518805 167.5181945513952 476.00608366449046 251.54425210047515 480.6132571446069 small-hive-beetle 0
144.5013067593323 565.0831586788946 89.24825350177218 493.9780556245821 42.62382503769041 530.208113923794 97.87687829525052 601.3132169781065 small-hive-beetle 0
378.7755100000001 554.778068 322.1768710000001 554.778068 322.1768710000001 628.302872 378.7755100000001 628.302872 small-hive-beetle 0
640.4016508656998 500.60305439387713 638.548753 434.464752 584.9882747803152 435.9652757840562 586.841172646015 502.1035781779334 small-hive-beetle 0
533.4788761553576 169.4335538175128 453.44257924349273 165.0891804173251 449.2782377433894 241.80875353925572 529.3145346552543 246.15312693944338 small-hive-beetle 0
611.0096357862573 191.97315503571627 551.1284122435244 166.11713088918242 530.7556071988255 213.29950069825728 590.6368307415584 239.1555248447911 small-hive-beetle 0
491.12073073024237 170.95056724097725 483.6603789307061 129.91580628020068 440.0455742343054 137.84522463392847 447.50592603384166 178.87998559470503 small-hive-beetle 0
571.305215 262.5921670000001 458.093424 262.592167 458.093424 637.117493 571.305215 637.117493 empty-cells 0
355.93288 240.008355 223.69523800000002 240.008355 223.69523800000002 377.967624 355.93288 377.967624 empty-cells 0
315.82766400000014 464.701828 244.41179100000005 464.701828 244.41179100000005 553.750392 315.82766400000014 553.750392 empty-cells 0
233.87573700000004 523.697128 151.74966000000006 523.697128 151.74966000000006 639.13107 233.87573700000004 639.13107 empty-cells 0
639.992744 248.78120100000007 582.363719 248.78120100000007 582.363719 424.17127900000014 639.992744 424.17127900000014 empty-cells 0