206.802721 134.044444 153.309751 134.044444 153.309751 207.372549 206.802721 207.372549 american-foulbrood 0
279.125624 264.386928 240.27573700000005 264.386928 240.27573700000005 338.426144 279.125624 338.426144 american-foulbrood 0
197.52199500000006 362.99085 162.59047600000005 362.99085 162.59047600000005 477.50065399999994 197.52199500000006 477.50065399999994 american-foulbrood 0
256.870748 364.67450999999994 199.69161000000008 364.67450999999994 199.69161000000008 403.952941 256.870748 403.952941 american-foulbrood 0
301.38049900000004 448.2300650000001 263.473923 448.2300650000001 263.47392300000007 525.657516 301.3804990000001 525.657516 american-foulbrood 0
408.0399090000001 439.864052 309.863039 439.864052 309.8630390000001 508.256209 408.0399090000002 508.256209 american-foulbrood 0
221.62721100000005 548.50719 185.76689300000004 548.50719 185.76689300000004 627.294118 221.62721100000005 627.294118 american-foulbrood 0
119.83673500000008 551.864052 25.75238100000007 551.864052 25.752381000000074 640 119.83673500000009 640 american-foulbrood 0
60.473469000000065 493.343791 35.01859400000006 493.343791 35.018594000000064 541.699346 60.47346900000007 541.699346 american-foulbrood 0
70.67573700000003 142.389542 16.457143000000013 142.389542 16.45714300000002 205.38562100000001 70.67573700000003 205.38562100000001 american-foulbrood 0
50.278458000000015 90.58300700000001 11.834921000000008 90.58300700000001 11.834921000000014 146.551634 50.278458000000015 146.551634 american-foulbrood 0
146.728345 68.86274500000002 83.729705 68.862745 83.72970500000001 175.968627 146.728345 175.968627 american-foulbrood 0
113.34240400000002 237.647059 23.423129000000028 237.647059 23.42312900000003 309.699346 113.34240400000002 309.699346 american-foulbrood 0
97.5375281323661 354.9557363747 79.81859400000005 349.28104600000006 70.70584824848802 377.7351344302565 88.42478238085408 383.40982480495654 chalk-brood 0
145.79954600000005 297.80915 109.24263000000003 297.80915 109.24263000000005 364.528105 145.79954600000005 364.528105 american-foulbrood 0
304.406349 117.31241800000004 264.627664 117.31241800000004 264.627664 190.68235300000003 304.406349 190.68235300000003 american-foulbrood 0
305.335147 48.80522900000003 264.627664 48.805229000000026 264.627664 115.79607800000002 305.335147 115.79607800000002 american-foulbrood 0
329.454875 3.4957029142328956e-14 241.436735 2.9567472471433773e-14 241.436735 35.55555600000004 329.454875 35.555556000000045 american-foulbrood 0
337.806803 304.156863 288.290249 304.156863 288.290249 357.845752 337.806803 357.845752 american-foulbrood 0
527.071202 6.026528554964998e-14 457.135601 5.598296505409516e-14 457.135601 66.30065400000005 527.071202 66.30065400000005 american-foulbrood 0
584.569615 33.756863000000074 534.835374 33.756863000000074 534.835374 126.49411800000007 584.569615 126.49411800000009 american-foulbrood 0
552.105215 319.5398690000001 490.760998 319.5398690000001 490.760998 432.73202600000013 552.105215 432.73202600000013 american-foulbrood 0
591.063946 463.2679740000001 497.71972800000003 463.2679740000001 497.71972800000003 525.00915 591.063946 525.00915 american-foulbrood 0
417.639909 68.85228800000006 372.477098 68.85228800000006 372.477098 198.69281000000007 417.639909 198.69281000000007 american-foulbrood 0
638.352834 129.01437900000005 555.704308 129.01437900000005 555.704308 214.74509800000007 638.352834 214.74509800000007 american-foulbrood 0
618.877098 219.27320300000005 571.929252 219.27320300000005 571.929252 303.0169930000001 618.877098 303.0169930000001 american-foulbrood 0
639.992744 354.64575200000013 588.168707 354.64575200000013 588.168707 550.431373 639.992744 550.431373 american-foulbrood 0
614.247619 556.852288 445.54013600000013 556.852288 445.54013600000013 639.989542 614.247619 639.989542 american-foulbrood 0
414.8607710000001 513.401307 357.4058960000001 513.401307 357.4058960000001 598.56732 414.8607710000001 598.56732 american-foulbrood 0
314.5317587575023 284.1845135153613 292.3589540739698 281.98662643997733 289.4988229658893 310.8403055661834 311.6716276494218 313.0381926415674 chalk-brood 0