117.86846000000003 204.61926900000003 91.59385100000003 204.61926900000003 91.59385100000003 219.821927 117.86846000000003 219.821927 american-foulbrood 0
309.61982 74.53554800000003 277.076314 74.53554800000003 277.076314 89.35548200000002 309.61982 89.35548200000002 american-foulbrood 0
251.29258499999997 132.35880400000002 228.188361 132.358804 228.188361 150.47441900000004 251.29258499999997 150.47441900000007 american-foulbrood 0
415.22236599999997 177.78604700000005 388.78477799999996 177.78604700000005 388.78477799999996 196.70963500000005 415.22236599999997 196.70963500000005 american-foulbrood 0
523.682324 5.363455000000064 486.707605594554 4.5028589314919065 485.1937519999999 69.54418600000005 522.1684704054459 70.40478206850821 american-foulbrood 0
322.111543 98.28039900000005 303.218706 98.28039900000005 303.218706 113.30232600000002 322.111543 113.30232600000002 american-foulbrood 0
72.33419100000003 120.99402 40.10481400000002 120.99402 40.10481400000002 138.067774 72.33419100000003 138.067774 american-foulbrood 0
68.33774700000002 292.369435 4.257038000000038 292.369435 4.2570380000000405 339.80598 68.33774700000002 339.80598 american-foulbrood 0
366.935196 365.67176099999995 299.737876 365.67176099999995 299.737876 390.166113 366.935196 390.166113 american-foulbrood 0
395.363882 419.359468 363.737256 419.359468 363.737256 444.661794 395.363882 444.661794 american-foulbrood 0
535.858026 349.15614600000004 460.13452299999994 349.156146 460.13452299999994 381.6558140000001 535.858026 381.65581400000013 american-foulbrood 0