60.512102 160.80231800000004 60.33281497880285 134.57219250971266 0.16148300000000004 134.983473 0.3407700211971426 161.21359849028738 small-hive-beetle 0
355.8460050186196 362.3474158834507 310.55547668355945 306.6310164534731 278.6450433171903 332.57024442494173 323.9355716522505 388.28664385491936 small-hive-beetle 0
398.83449785130614 333.0954052409439 360.412231508367 319.3686419012381 344.8706988383495 362.87058717755986 383.29296518128865 376.5973505172657 small-hive-beetle 0
411.36120989541786 300.88375882035854 399.1660712251893 274.2744270981702 351.59137775854595 296.07805561754213 363.7865164287745 322.68738733973055 small-hive-beetle 0
388.1017549999999 265.073049 356.6483196871095 238.0932816608967 334.3825117909288 264.05110922661964 365.8359471038192 291.03087656572296 small-hive-beetle 0
330.9640502117142 245.836905760641 322.0741015688302 209.3051209254814 273.40233798172113 221.14931306118984 282.2922866246051 257.68109789634946 small-hive-beetle 0
436.2601303842699 513.2852660311422 431.8254968688394 482.27921107545217 359.993149284875 492.55301522574257 364.4277828003055 523.5590701814326 small-hive-beetle 0
471.40254100000004 192.37626400000005 458.7227091927196 148.32760795767754 422.5012545408764 158.75430411746783 435.18108634815684 202.8029601597903 small-hive-beetle 0
462.63292787156036 485.2180654446388 453.3667293012668 443.38016485571427 414.6759854830159 451.94933563162976 423.94218405330946 493.7872362205543 small-hive-beetle 0
496.6825850000001 405.6632940000002 477.6105667047173 386.8010909062812 429.6610044887819 435.2840238536867 448.73302278406464 454.1462269474056 small-hive-beetle 0
202.37071000000003 564.534914 174.99537401203094 528.4323428823652 153.89585368953615 544.4313822895928 181.27118967750528 580.5339534072276 small-hive-beetle 0
565.0983465096248 453.86124335272996 564.154055 399.762834 492.5498354903752 401.0126906472701 493.49412700000005 455.1111000000001 pollen 0
389.66494995542627 173.89199585548113 387.62531 57.041086999999976 195.46008104457374 60.395343144518854 197.49972099999997 177.24625200000003 nectar 0
299.8516113264628 450.73529644101825 297.86256499999996 336.78288599999996 63.848919673537175 340.8676085589817 65.837966 454.820019 nectar 0
162.60723000000007 176.933713 43.632782523718 176.24153936988253 42.73763300000003 330.1045520000001 161.71208047628204 330.7967256301175 nectar 0