498.8319220000001 596.458625 445.3974340000001 596.458625 445.3974340000001 640 498.8319220000001 640 american-foulbrood 0
640 512.530892 596.991827 512.530892 596.991827 566.930217 640 566.930217 american-foulbrood 0
547.3754912038631 283.0755729811986 476.62376900000004 282.2523020000001 476.0955817961369 327.64459101880163 546.8473040000001 328.4678620000001 american-foulbrood 0
460.5430021003276 226.4482167392342 347.7578740000001 225.13584300000005 346.5352098996725 330.21134326076594 459.32033800000005 331.5237170000001 american-foulbrood 0
243.46093779843676 295.513336844271 151.11726300000004 294.438821 150.28571820156327 365.901613155729 242.629393 366.976129 american-foulbrood 0
139.37404400000003 285.75264200000004 136.22831083227302 177.64078570467322 69.159893 179.59227700000002 72.305626167727 287.70413329532687 american-foulbrood 0
208.91767925201174 429.62133026953995 157.4314270000001 429.02223400000014 156.9653967479885 469.07281073046016 208.4516490000001 469.67190700000003 american-foulbrood 0
54.520252 608.952155 53.24597849058242 565.1582227877194 16.475555999999997 566.2281330000001 17.74982950941759 610.0220652122806 american-foulbrood 0
245.70779600000003 198.819297 244.29325754414737 150.20475358512275 214.147272 151.081912 215.56181045585265 199.69645541487725 american-foulbrood 0
359.1815848371159 144.0972840858813 297.8397810000001 143.38350800000003 297.2035581628841 198.06039791411874 358.54536199999995 198.77417400000002 american-foulbrood 0
574.440655 227.06584700000002 573.1684524281543 183.34307062420885 543.366489 184.210219 544.6386915718457 227.93299537579117 american-foulbrood 0
197.7305322175838 37.00209348516085 116.24609100000002 36.053936000000014 115.71124078241621 82.01884351483919 197.195682 82.96700100000001 american-foulbrood 0
397.27305 115.128486 394.6747624036465 25.831134352125243 330.59854099999995 27.695561999999995 333.19682859635344 116.99291364787476 american-foulbrood 0