639.3157502510992 51.24893815720314 76.682211 38.15349700000001 62.67407796870914 639.9999999992717 625.3076172198083 653.0954411564749 capped-brood-cells 0
637.9056590803701 22.27615628866419 482.04058 16.833228000000062 480.39257491962974 64.02592071133594 636.2576539999999 69.46884900000008 capped-brood-cells 0
470.06555188903417 16.41505033991186 310.608696 10.846695000000041 308.89837711096584 59.823826660088244 468.355233 65.39218200000006 worker-bee 0
230.5673242547976 8.051588003136663 172.776812 6.03349900000002 170.81325974520243 62.26228299686339 228.60377200000002 64.28037200000003 worker-bee 0
81.85527662227459 112.5282765568071 2.06555099678532 110.67114999992515 -0.8928576254892562 237.77644144311807 78.89686800000001 239.63356800000003 worker-bee 0
87.39793118377366 406.3344617752779 39.408122000000056 405.217487 38.042093816226455 463.90765022472226 86.03190300000006 465.02462500000007 worker-bee 0
128.26364628294561 496.111568524209 59.45337700000006 493.708661 57.961156717054514 536.440259475791 126.77142600000008 538.843167 worker-bee 0
145.7615090868556 558.5033327816291 87.82117900000006 557.154757 86.37731191314455 619.1891912183711 144.31764200000006 620.5377670000001 worker-bee 0
388.42397661560926 429.0625256091263 300.817641 427.0234659999999 298.3888693843908 531.3734223908735 385.99520500000006 533.412482 worker-bee 0
279.9591062212243 476.97599260184484 199.15203100000002 474.15414699999997 197.56501377877578 519.6003683981552 278.3720890000001 522.4222139999999 worker-bee 0
519.7927755041285 87.38526398754817 422.073556 85.11082400000004 419.5536404958717 193.376673012452 517.2728600000002 195.6511130000001 worker-bee 0
605.8740332188518 166.41427115279825 551.1345699999999 165.14019600000006 548.6674027811482 271.13975884720185 603.406866 272.41383400000007 worker-bee 0
503.7268968510785 323.6907561516904 409.379775 320.39608200000004 407.72911814892154 367.6647088483097 502.07624 370.95938300000006 worker-bee 0
584.4223066551494 452.31294795549456 468.309099 448.258186 465.0117633448507 542.6815390445056 581.124971 546.7363010000001 worker-bee 0
498.0720059148231 581.3851208089151 416.61226268975827 579.489124992779 415.2038570000001 640.0000000000001 496.6636002250648 641.8959958161362 worker-bee 0
627.1690553001902 573.1204589899994 535.0629496266226 570.9766659913096 533.456414 640 625.5625196735675 642.1437929986898 worker-bee 0
51.693366000000054 495.272255 6.065335817922416e-14 495.272255 6.951537666232738e-14 640 51.69336600000007 640 worker-bee 0
70.5565262216261 2.4638877079400814 0 0 -2.279099221626081 65.26487529205994 68.27742700000002 67.72876300000001 wax-sealed-honey-cells 0