492.68598600000007 3.910492126092349e-14 145.945843 1.7873210947881213e-14 145.94584300000002 470.62295100000006 492.6859860000001 470.62295100000017 capped-brood-cells 0
640 548.24918 6.714116034221611e-14 548.24918 7.275927774382337e-14 640 640 640 wax-sealed-honey-cells 0
99.72446600000006 449.298361 5.5023179966080196e-14 449.298361 6.114721696272317e-14 549.311475 99.72446600000006 549.311475 wax-sealed-honey-cells 0
640 404.3409840000001 556.389549 404.3409840000001 556.389549 530.583607 640 530.583607 wax-sealed-honey-cells 0
640 7.538564994206119e-14 591.141093 7.239390473869176e-14 591.141093 406.92459000000014 640 406.92459000000014 wax-sealed-honey-cells 0
82.02945400000003 26.898361000000005 2.4019000000000035 26.898361 2.4019000000000292 449.639344 82.02945400000006 449.639344 pollen 0
183.96579600000007 407.71147499999995 99.42802900000005 407.71147499999995 99.42802900000005 496.681967 183.96579600000007 496.681967 pollen 0
596.309739 37.44262300000006 521.303563 37.442623000000054 521.303563 284.1311480000001 596.309739 284.1311480000001 pollen 0
640 546.413115 6.691630722968846e-14 546.413115 7.264685118755953e-14 640 640 640 wax-sealed-honey-cells 0
112.34964400000007 439.370492 5.3807366666759785e-14 439.370492 6.033774551269428e-14 546.019672 112.34964400000007 546.019672 wax-sealed-honey-cells 0
639.992399 461.3245900000001 515.260808 461.3245900000001 515.260808 549.455738 639.992399 549.455738 wax-sealed-honey-cells 0
640 7.512128911146966e-14 586.823753 7.18651830775087e-14 586.823753 453.4032790000001 640 453.4032790000001 wax-sealed-honey-cells 0
519.106888 8.445902000000048 250.869359 8.445902000000032 250.86935900000003 515.147541 519.106888 515.147541 capped-brood-cells 0
244.24133000000006 0.20983600000002178 111.72636600000001 0.20983600000001365 111.72636600000003 436.24918 244.24133000000006 436.24918 capped-brood-cells 0
297.7672210000001 559.252459 213.47268400000004 559.252459 213.47268400000004 640 297.7672210000001 640 worker-bee 0
299.1277910000001 502.321311 144.06840900000006 502.321311 144.06840900000006 551.790164 299.1277910000001 551.790164 worker-bee 0
381.6513060000001 572.419672 340.43895500000013 572.419672 340.43895500000013 636.498361 381.6513060000001 636.498361 worker-bee 0
478.3885990000001 592.288525 444.5491690000001 592.288525 444.5491690000001 639.396721 478.3885990000001 639.396721 worker-bee 0
563.640855 563.095082 499.58004800000015 563.095082 499.58004800000015 639.422951 563.640855 639.422951 worker-bee 0
583.258907 466.0852460000001 525.810926 466.0852460000001 525.810926 556.183607 583.258907 556.183607 worker-bee 0
620.283135 314.1770490000001 573.461283 314.1770490000001 573.461283 413.32459000000017 620.283135 413.32459000000017 worker-bee 0
377.68361 10.216393000000041 288.342043 10.216393000000036 288.342043 98.53114800000003 377.68361 98.53114800000006 worker-bee 0
204.176722 146.859016 176.904513 146.859016 176.904513 201.62623 204.176722 201.62623 worker-bee 0
277.829929 289.455738 256.182423 289.455738 256.182423 341.8360660000001 277.829929 341.8360660000001 worker-bee 0
380.838005 216.87868900000007 348.336342 216.87868900000007 348.336342 259.659016 380.838005 259.659016 worker-bee 0
425.835629 280.065574 389.776722 280.065574 389.776722 363.186885 425.835629 363.186885 queen-bee 0
370.62992900000006 456.957377 330.99857499999996 456.957377 330.9985750000001 540.970492 370.6299290000001 540.970492 worker-bee 0
446.7914490000001 466.006557 424.0950120000001 466.006557 424.0950120000001 506.95082 446.7914490000001 506.95082 worker-bee 0