82.89178500000003 167.790576 42.71501400000001 167.790576 42.71501400000002 200.14799299999999 82.89178500000003 200.14799299999999 american-foulbrood 0
136.049858 51.127400000000016 87.025496 51.127400000000016 87.025496 87.93019200000002 136.049858 87.93019200000003 american-foulbrood 0
529.115014 155.37591600000005 453.656657 155.37591600000005 453.656657 189.2188480000001 529.115014 189.2188480000001 american-foulbrood 0
361.89914999999996 14.29109900000004 294.925779 14.291099000000036 294.925779 83.86457200000004 361.89914999999996 83.86457200000007 american-foulbrood 0
517.357507 22.014660000000063 461.09915 22.014660000000056 461.09915 51.92600300000006 517.357507 51.92600300000006 american-foulbrood 0
466.384136 38.76300200000006 418.266289 38.76300200000006 418.266289 75.63281000000006 466.384136 75.63281000000006 american-foulbrood 0
206.48611900000006 391.416405 145.20566600000006 391.416405 145.20566600000006 453.673997 206.48611900000006 453.673997 american-foulbrood 0
257.604533 315.264223 211.97053800000006 315.264223 211.97053800000006 350.71553199999994 257.604533 350.71553199999994 american-foulbrood 0
366.68555200000003 316.141012 302.903116 316.141012 302.903116 340.903316 366.68555200000003 340.903316 american-foulbrood 0
490.524646 339.780803 395.249858 339.780803 395.249858 382.93891800000006 490.524646 382.9389180000001 american-foulbrood 0
388.269688 401.04432799999995 332.736544 401.04432799999995 332.736544 438.26038400000004 388.269688 438.26038400000004 american-foulbrood 0
492.80906500000003 390.5396160000001 463.456091 390.539616 463.456091 414.45305400000007 492.80906500000003 414.45305400000007 american-foulbrood 0
215.57847000000007 514.825829 153.73597700000005 514.825829 153.73597700000005 551.885515 215.57847000000007 551.885515 american-foulbrood 0
317.8243630000001 587.470855 253.17167100000006 587.470855 253.17167100000006 619.124607 317.8243630000001 619.124607 american-foulbrood 0
583.732578 265.3821990000001 552.965439 265.3821990000001 552.965439 293.6628270000001 583.732578 293.6628270000001 american-foulbrood 0