439.51313985969523 345.63283998940483 436.373146 237.7182489999999 158.31625814030483 245.80887801059507 161.456252 353.723469 queen-bee 0
415.07643376669137 627.8067114061153 407.09440499999994 353.48218599999996 46.59727423330861 363.97158159388476 54.57930300000001 638.296107 worker-bee 0
643.1667355441915 502.55880755382094 638.000771 325.0161300000001 364.0263634558085 332.98797144617924 369.19232800000003 510.5306490000001 worker-bee 0
640.9458487289334 592.991345535362 637.192253 463.98862500000007 500.0915322710668 467.977848464638 503.84512800000005 596.980569 worker-bee 0
483.6426081417921 625.8190967167566 480.780578 527.457503 339.1664878582079 531.5780522832436 342.0285180000001 629.9396460000002 worker-bee 0
145.294759 187.754768 2.3252196222676795e-14 187.754768 3.625939227227956e-14 400.1784 145.29475900000003 400.1784 worker-bee 0
245.9772402162328 209.64524770054766 240.17512499999998 10.23947 -5.802115216232804 17.39667629945236 -8.881784197001252e-16 216.802454 worker-bee 0
645.4654224854366 293.8186288127785 639.3879450000001 84.94927399999997 245.91009051456348 96.39831018722151 251.987568 305.267665 worker-bee 0
433.673756 4.058889742928809e-14 228.46571 2.8023528594628948e-14 228.46571 125.05217400000004 433.673756 125.05217400000004 worker-bee 0
501.66601001172137 548.6046238685876 499.728936 482.031708 358.08546298827866 486.15311213141246 360.02253699999994 552.726028 capped-brood-cells 0
286.2801100000001 339.46389600000003 222.74880320003257 339.0942819691906 222.27277000000004 420.917505 285.80407679996756 421.28711903080944 capped-brood-cells 0
205.70103360211422 366.1139492602786 204.19846800000002 314.47411199999993 140.6551063978858 316.3230347397214 142.157672 367.96287200000006 capped-brood-cells 0
104.11636215785424 176.93073019175705 102.201404 111.11788200000001 31.89604684214575 113.16355880824293 33.811005 178.97640700000005 capped-brood-cells 0
121.14260444975008 398.42104294229864 120.160408 364.66513199999997 46.05580955024992 366.8213550577014 47.038006 400.5772660000001 capped-brood-cells 0
333.7774235022976 622.8411107032539 332.1035690000001 565.3144810000001 253.95938349770245 567.5882452967463 255.63323800000003 625.1148750000001 capped-brood-cells 0
70.14483300000006 564.009543 6.919622372559818e-14 564.009543 7.373534640923553e-14 638.139042 70.14483300000008 638.139042 capped-brood-cells 0
98.98676929341939 482.81843165160456 97.703626 438.71965 46.90075470658062 440.1978623483955 48.183898 484.2966440000001 capped-brood-cells 0
637.3290384224379 621.347278540153 636.4441940000002 590.937152 550.3970855775623 593.4408674598471 551.28193 623.8509940000001 capped-brood-cells 0
596.7453030000001 265.37462900000014 557.4417160285929 265.14596767024625 556.991175 342.58747700000004 596.2947619714073 342.8161383297539 capped-brood-cells 0
470.0913711716839 304.4254555166698 468.632169 254.27594599999998 414.5224518283161 255.85037848333025 415.981654 305.99988800000006 capped-brood-cells 0