215.73604900000004 164.630717 124.31120200000002 164.630717 124.31120200000004 355.232765 215.73604900000007 355.232765 capped-drone-cells 0
348.070061 143.92354900000004 214.86924600000003 143.923549 214.86924600000003 271.268259 348.070061 271.268259 capped-drone-cells 0
350.10998 273.834812 286.214257 273.834812 286.214257 421.1658699999999 350.10998 421.1658699999999 capped-drone-cells 0
209.60977600000007 396.854608 127.04847300000006 396.854608 127.04847300000006 478.569283 209.60977600000007 478.569283 capped-drone-cells 0
224.43014300000004 511.803413 157.92749500000005 511.803413 157.92749500000005 632.72628 224.43014300000004 632.72628 capped-drone-cells 0
50.71120200000002 161.168601 1.973746113377069e-14 161.168601 2.6321964775802002e-14 268.701706 50.71120200000003 268.701706 capped-drone-cells 0
348.57189399999993 3.899554756543292e-14 288.273727 3.5303349704882795e-14 288.273727 142.80955600000004 348.57189399999993 142.80955600000004 capped-drone-cells 0
466.58737299999996 176.12013700000006 421.35722999999996 176.12013700000006 421.35722999999996 265.28327600000006 466.58737299999996 265.2832760000001 capped-drone-cells 0
539.646436 94.50375400000006 470.067617 94.50375400000006 470.067617 195.04709900000006 539.646436 195.04709900000006 capped-drone-cells 0
560.091242 195.65870300000006 516.725051 195.65870300000006 516.725051 280.6935150000001 560.091242 280.6935150000001 capped-drone-cells 0
557.028106 340.5324230000001 446.06435799999997 340.532423 446.06435799999997 412.614334 557.028106 412.6143340000001 capped-drone-cells 0
471.7034620000001 486.52013700000003 417.93564200000003 486.520137 417.93564200000003 572.778157 471.7034620000001 572.778157 capped-drone-cells 0
442.06924600000013 555.511263 354.8154790000001 555.511263 354.8154790000001 640 442.06924600000013 640 capped-drone-cells 0
539.15112 514.118771 476.24602900000014 514.118771 476.24602900000014 631.022526 539.15112 631.022526 capped-drone-cells 0
640 440.5296930000002 599.045214 440.5296930000002 599.045214 559.923549 640 559.923549 capped-drone-cells 0
243.323829 3.669625000000016 13.171487000000003 3.6696250000000017 13.17148700000001 161.63822500000003 243.323829 161.63822500000006 bee-larvae 0
115.08268800000003 157.739249 52.959674000000014 157.739249 52.95967400000003 318.394539 115.08268800000003 318.394539 bee-larvae 0
171.29450100000008 326.716724 4.255804000000041 326.716724 4.255804000000047 428.876451 171.29450100000008 428.876451 bee-larvae 0
107.43136500000006 431.333788 5.630957000000054 431.333788 5.630957000000061 545.354266 107.43136500000006 545.354266 bee-larvae 0
292.887984 262.334471 214.18492900000007 262.334471 214.18492900000007 455.426621 292.887984 455.426621 bee-larvae 0
397.6276990000001 422.159727 256.032587 422.159727 256.03258700000004 513.681911 397.6276990000001 513.681911 bee-larvae 0
524.839104 5.701436705829789e-14 406.276171 4.975448123849927e-14 406.276171 109.38976100000005 524.839104 109.38976100000005 bee-larvae 0
491.118534 101.39522200000005 448.808147 101.39522200000005 448.808147 226.73037500000007 491.118534 226.73037500000007 bee-larvae 0
640 11.718771000000075 579.154379 11.718771000000071 579.154379 264.4204780000001 640 264.4204780000001 bee-larvae 0
639.993483 271.5522180000001 539.353157 271.5522180000001 539.353157 375.7870310000001 639.993483 375.7870310000001 bee-larvae 0
616.804888 422.1378840000001 537.306721 422.1378840000001 537.306721 640 616.804888 640 bee-larvae 0
523.307536 391.10989800000004 413.125866 391.109898 413.12586600000003 496.54607500000003 523.307536 496.5460750000001 bee-larvae 0
400.16945 184.16928300000006 344.524644 184.16928300000006 344.524644 291.833447 400.16945 291.833447 bee-larvae 0
332.2264770000001 506.069625 216.92220000000006 506.069625 216.92220000000006 635.314676 332.2264770000001 635.314676 bee-larvae 0