473.2274890209251 16.525468301011607 10.355056000000001 0.36160700000000134 4.326741979074932 172.98993669898846 467.199175 189.15379800000005 wax-sealed-honey-cells 0
641.0213743120562 281.2188966867731 535.341687 277.52848100000006 533.2459516879438 337.54249331322706 638.925639 341.2329090000002 wax-sealed-honey-cells 0
517.1766649913018 255.15780664377775 436.7949070000001 252.35081400000007 435.1540050086983 299.34010235622236 515.535763 302.1470950000001 wax-sealed-honey-cells 0
285.05909614760697 274.2210105324341 172.07048200000003 270.275361 169.8609338523931 333.548538467566 282.849548 337.49418800000007 wax-sealed-honey-cells 0
144.29991856100807 282.3402219050257 31.187596000000035 278.390253 29.28113143899199 332.9842610949743 142.39345400000002 336.93423 wax-sealed-honey-cells 0
437.23188045725556 334.95459241187467 19.09626800000004 320.35297500000013 13.633681542744569 476.78098358812565 431.7692940000001 491.38260100000014 capped-brood-cells 0
440.9489351083513 495.9046042175412 248.999748 489.20159000000007 247.47807789164875 532.7765147824589 439.42726500000003 539.479529 capped-brood-cells 0
284.98657200000014 528.747664 12.306738000000063 528.747664 12.30673800000007 640 284.98657200000014 640 capped-brood-cells 0
128.3739946014898 476.2935164352406 18.729772000000054 472.4646560000001 16.358885398510346 540.3579685647595 126.0031080000001 544.1868290000001 capped-brood-cells 0
640 498.1761320000001 599.269942 498.1761320000001 599.269942 553.446243 640 553.446243 capped-brood-cells 0
494.68174 438.016526 493.11398489961505 370.6593359234537 443.68885199999994 371.80971799999986 445.2566071003849 439.1669080765461 capped-brood-cells 0
522.5532937459241 573.7347934794901 448.13961700000004 571.1362110000001 446.7463512540761 611.0341275205102 521.1600280000001 613.6327100000002 capped-brood-cells 0
374.9258272174092 13.09269802952587 245.662921 8.57873800000003 243.69850778259078 64.8321739704742 372.961414 69.34613400000005 worker-bee 0
335.53359970731697 96.69618927410272 149.593002 90.20300000000003 146.95280029268307 165.80847872589737 332.893398 172.30166800000006 worker-bee 0
142.98713900000004 151.75085000000004 139.57747003575236 5.257561680064933 11.840521999999963 8.230672 15.250190964247633 154.7239603199351 worker-bee 0
471.409626 159.7473 469.12860972126066 61.74556035274822 423.258209 62.81320600000001 425.5392252787393 160.81494564725176 worker-bee 0
641.6554935443005 231.2540391103497 561.637955 228.45976500000012 559.9824614556995 275.8668958896505 640 278.6611700000001 worker-bee 0
330.9745223789212 192.16013339048777 228.93507300000005 188.59683700000005 226.4457876210788 259.8806376095123 328.485237 263.443934 worker-bee 0
158.597722 260.989622 157.45574551861293 211.92564456322066 115.87615699999999 212.89342 117.01813348138711 261.95739743677933 worker-bee 0
78.84091900000001 272.117622 76.7037683149322 180.29691356604417 6.7401860000000005 181.92533400000002 8.877336685067801 273.74604243395584 worker-bee 0
620.5602347545831 417.42477610009314 450.96259700000013 411.502296 446.3938352454171 542.3345128999069 615.9914730000002 548.2569930000001 worker-bee 0
641.6283954534942 548.5486338301764 521.9639290000001 544.369858 520.3355335256637 591.0009967666693 639.9999999791578 595.1797725968457 worker-bee 0
438.4976530000001 570.196115 327.9458270000001 570.196115 327.9458270000001 640 438.4976530000001 640 worker-bee 0
558.3367095471491 321.79220672203724 440.92935 317.69225100000006 439.0453974528509 371.6415882779628 556.452757 375.74154400000003 worker-bee 0
408.821048 340.47679099999993 406.39766321894194 236.35829337825265 342.59202500000004 237.84338600000007 345.0154097810581 341.96188362174735 worker-bee 0
598.0946094062151 198.22503174019238 447.1691730000001 192.95459900000003 445.17265859378506 250.12728725980776 596.0980950000001 255.39772000000005 worker-bee 0
211.3640070653846 332.49970328719814 21.847535000000036 325.88164299999994 19.60713693461542 390.03825671280185 209.123609 396.65631699999994 worker-bee 0
155.71184170389827 395.7593221401617 58.65627500000005 392.37006700000006 56.385026296101856 457.41011885983835 153.44059300000006 460.79937400000006 worker-bee 0
433.2295020000001 414.044583 432.1611912544014 368.1456081786467 408.157776 368.704294 409.22608674559865 414.60326882135337 worker-bee 0
376.5443906698159 372.07668931820547 314.626094 369.91445399999986 313.2657623301841 408.8692426817945 375.184059 411.031478 worker-bee 0
412.2263277952859 431.8739795732505 340.35853700000007 429.36430200000007 338.51919320471427 482.0362374267496 410.386984 484.54591500000004 worker-bee 0
251.0519960405459 555.564005504956 186.49000500000005 553.3094509999999 185.09673895945417 593.2073684950437 249.65873000000005 595.4619229999998 worker-bee 0
154.35126400000004 595.317684 51.62320400000007 595.317684 51.62320400000007 640 154.35126400000004 640 worker-bee 0
513.600605 620.531679 462.3483490000001 620.531679 462.3483490000001 640 513.600605 640 worker-bee 0
547.8743138888779 85.02849623657914 497.3911810000001 83.26558600000007 495.8161481111222 128.36861676342102 546.299281 130.1315270000001 worker-bee 0
599.2031988373934 20.93061248195533 538.3462060000002 18.80544000000007 537.2018271626066 51.57617051804482 598.0588199999999 53.70134300000008 worker-bee 0