535.5578992608165 173.52193155964383 218.42036600000003 171.67687900000004 216.66259573918356 473.8118624403563 533.8001290000001 475.65691500000014 pollen 0
605.0986671378092 8.043680185032876 313.7561559999999 6.348700000000038 312.8399818621907 163.8257468149672 604.182493 165.52072700000002 pollen 0
597.0894810000001 348.88754399999993 594.3976294597285 194.67144875182203 518.218053 196.001168 520.9099045402717 350.21726324817797 pollen 0
335.37171734917115 491.9756355199031 214.63848900000002 491.27323 214.01669065082893 598.151265480097 334.7499190000001 598.8536710000001 pollen 0
157.845924 328.9631800000001 154.17860846945666 118.86284530250316 102.901196 119.757896 106.56851153054333 329.8582306974969 pollen 0
107.620212 78.564781 106.24366691828628 -0.29741158895406516 66.905263 0.389243 68.28180808171372 79.25143558895405 pollen 0
220.5790156605732 1.2832914939332158 106.666667 0.6205690000000132 106.39915133942682 46.60261650606682 220.31150000000002 47.265339000000026 pollen 0
107.268701 273.091513 104.23257732202346 99.15209735185076 1.986397 100.936811 5.0225206779765355 274.8762266481492 empty-cells 0
640 597.181017 354.4801190000001 597.181017 354.4801190000001 640 640 640 empty-cells 0
640 381.2148120000001 555.370331 381.2148120000001 555.370331 577.700296 640 577.700296 empty-cells 0
299.67492495608235 31.447280775199307 99.002746 30.279804000000013 98.51197704391754 114.63580822480074 299.1841559999999 115.80328500000005 empty-cells 0