91.64414000000002 186.63914 2.2856702539661472e-14 186.63914 3.0260416696624236e-14 307.550968 91.64414000000002 307.550968 american-foulbrood 0
95.16435900000003 121.087312 52.99629900000001 121.087312 52.99629900000002 197.123441 95.16435900000003 197.123441 american-foulbrood 0
217.382865 58.99354800000003 187.137491 58.99354800000003 187.137491 111.54924700000002 217.382865 111.54924700000002 american-foulbrood 0
315.859082 60.717419000000035 259.702262 60.71741900000003 259.702262 152.96000000000006 315.859082 152.96000000000006 american-foulbrood 0
355.430295 0.0034410000000395513 290.49157 0.003441000000035575 290.49157 82.56344100000004 355.430295 82.56344100000005 american-foulbrood 0
155.834955 1.6153586466686824e-14 107.97313200000002 1.3222895049771466e-14 107.97313200000002 67.37548400000001 155.834955 67.37548400000003 american-foulbrood 0
148.79671000000005 414.32774199999994 69.48759400000006 414.32774199999994 69.48759400000006 483.1724730000001 148.79671000000005 483.1724730000001 american-foulbrood 0
157.59177500000007 481.6 96.97820400000006 481.6 96.97820400000009 618.443011 157.59177500000007 618.443011 american-foulbrood 0
309.7069230000001 447.09849500000007 195.9325570000001 447.09849500000007 195.9325570000001 603.258495 309.70692300000013 603.258495 american-foulbrood 0
471.9813570000001 386.72516100000007 345.464016 386.725161 345.46401600000013 506.6322580000001 471.9813570000001 506.6322580000001 american-foulbrood 0
501.24414000000013 531.623226 433.4278270000001 531.623226 433.4278270000001 640 501.24414000000013 640 american-foulbrood 0
551.360658 371.2000000000001 476.306511 371.2000000000001 476.3065110000001 491.4511830000001 551.360658 491.4511830000001 american-foulbrood 0
568.946402 233.21118300000006 546.671419 233.21118300000006 546.671419 291.31354800000014 568.946402 291.31354800000014 american-foulbrood 0
593.568197 6.860788650316195e-14 526.883619 6.452463375315236e-14 526.883619 73.22150500000006 593.568197 73.22150500000008 american-foulbrood 0
640 52.09118300000008 613.742015 52.09118300000007 613.742015 151.89677400000005 640 151.89677400000005 american-foulbrood 0