181.088049 484.568091 179.2691827316094 406.4221520533786 113.326177 407.95699200000007 115.14504326839065 486.1029309466214 american-foulbrood 0
379.99146539289904 292.0881628993656 336.939956 291.83769600000005 336.80475660710107 315.0764471006345 379.8562660000001 315.32691400000004 american-foulbrood 0
259.6174953068844 294.00917894372986 218.18511700000005 293.76813300000003 217.97623169311575 329.6725540562703 259.40861000000007 329.9136000000001 american-foulbrood 0
561.8660211716403 468.70942079525895 529.7563030000001 468.522611 529.6385318283598 488.7656562047411 561.74825 488.9524660000001 american-foulbrood 0
526.9055198787373 102.91836065626667 482.09886600000004 102.65768300000008 481.9002321212627 136.79992434373347 526.706886 137.06060200000007 american-foulbrood 0
105.1038044497252 139.7623376703135 34.273572000000016 139.35025999999996 34.04943655027483 177.87592432968643 104.87966900000002 178.288002 american-foulbrood 0
170.9855444869442 181.20581470722294 113.51661300000002 180.87147000000002 113.28350651305577 220.93904229277712 170.75243800000004 221.273387 american-foulbrood 0
640.167172625713 252.06252458131354 600.19149 251.8299530000001 600.0243173722101 280.56450377569956 639.9999999979229 280.79707535701306 american-foulbrood 0
640 116.24452800000009 611.017952 116.24452800000009 611.017952 151.91125900000006 640 151.91125900000006 american-foulbrood 0
156.8431538398936 76.04998652173816 64.93146100000001 75.51526 64.57635516010639 136.55277647826185 156.488048 137.087503 american-foulbrood 0
533.6409587528068 309.8334880898807 473.860865 309.48569800000007 473.7011892471932 336.93165391011945 533.481283 337.27944400000007 american-foulbrood 0