587.1273557002348 487.85130714702984 568.0315443213557 436.2677136615517 528.5705192054982 450.8758524419909 547.6663305843774 502.4594459274691 varroa-mites 0
402.5457210000001 623.23815 365.1877220000001 623.23815 365.1877220000001 640 402.5457210000001 640 varroa-mites 0
347.1612570431045 563.7544897661166 134.86709531301096 477.7388747870674 94.35155048652524 577.7348304989667 306.6457122166188 663.7504454780161 bee-larvae 0
296.3892913010104 606.7128083542739 290.4049744594099 585.7121634819881 254.75483133392885 595.8709825662929 260.73914817552935 616.8716274385787 varroa-mites 0
354.53199335625607 589.0575928791108 341.6005234292471 576.7792655858526 319.31531837686964 600.249926700277 332.2467883038786 612.5282539935351 varroa-mites 0
533.0226225765676 136.71905369210768 516.7134805993156 112.07937184292106 491.03623786776086 129.07528111871852 507.3453798450128 153.71496296790514 varroa-mites 0
435.87205324181923 178.45641480333794 435.5348114314288 149.47389912103694 400.76633148219605 149.8784666627622 401.1035732925864 178.86098234506318 varroa-mites 0
545.3030707155889 273.7120868462474 526.2037037910836 254.13123043114518 503.19811251077164 276.57111864966987 522.2974794352768 296.15197506477216 varroa-mites 0
590.26824307328 273.413794647214 560.2494152171513 251.612845259155 545.4059219891801 272.0516004740146 575.4247498453087 293.8525498620736 varroa-mites 0
600.8949626608683 302.99534753193745 573.3884621454401 302.35512786415876 572.8559383942336 325.2345637425715 600.3624389096617 325.8747834103502 varroa-mites 0
513.5399993142737 342.2401846362102 512.3086637211674 294.44575285825056 396.72977098441066 297.42343036469623 397.96110657751694 345.2178621426559 bee-larvae 0
560.615688241975 334.1190689000556 521.9554136575772 329.71344407804645 520.7423313883553 340.35849342207916 559.4026059727531 344.7641182440883 varroa-mites 0
493.65358103558333 264.4371675690765 412.95593777041125 222.95366910472094 389.6451858230919 268.2999589434152 470.342829088264 309.78345740777075 bee-larvae 0
476.69726168055786 229.71223608109196 446.89235400000007 229.01851800000009 446.5595254568663 243.31816546766206 476.36443313742416 244.01188354875393 varroa-mites 0
411.24186138622133 377.7532956702492 410.0217789260696 272.89947071090353 295.2857906968517 274.23454233886673 296.5058731570034 379.0883672982124 bee-larvae 0
384.9944805779393 287.8135586955551 346.6247673536841 280.61939862792406 342.874312566291 300.6222722504168 381.24402579054623 307.8164323180479 varroa-mites 0
413.7897278761989 355.4535367979915 411.80710519755314 329.12993398580784 393.7104949400807 330.4929218016881 395.6931176187265 356.8165246138718 varroa-mites 0
342.17988685669417 340.97423767743925 309.30930456232596 336.15871024184577 306.43039679422435 355.81001032785923 339.3009790885925 360.6255377634527 varroa-mites 0
398.7372811942936 368.1932690784505 395.15681631423956 352.5017623526811 357.3277505300073 361.13354283449183 360.9082154100614 376.8250495602613 varroa-mites 0
403.4974679039926 401.673631442859 401.4059038623823 389.24039031483466 359.49245873442436 396.2912191202091 361.58402277603454 408.72446024823347 varroa-mites 0
481.7266564388654 413.0074028582124 336.0312067411984 397.6417730012555 328.65130435912624 467.61730972122047 474.3467540567933 482.98293957817737 bee-larvae 0
407.31893171196805 572.4798207528454 406.13246417574373 449.45777999527303 191.38269944874116 451.5289017446065 192.56916698496548 574.5509425021789 bee-larvae 0
455.09496091246575 478.77300245495326 454.83622482046405 467.6566417751161 419.20268017181786 468.4860214931816 419.4614162638196 479.6023821730188 varroa-mites 0
281.93702489449487 440.93464358282824 242.84653808999803 440.0248034030028 242.56696287463177 452.03650777644094 281.65744967912866 452.9463479562663 varroa-mites 0
135.36932605445924 394.3033062749523 8.955229924255516 387.13250116105627 2.3049936808744924 504.3694906491965 128.71908981107822 511.54029576309256 bee-larvae 0
29.18735058987219 491.7086647099625 5.695213000000059 489.4454379999999 3.942544954124358 507.6380117717041 27.434682543996487 509.9012384816666 varroa-mites 0
173.04538279970242 603.0964164379542 149.49624000000003 595.2333860000001 146.73740767842767 603.4958665809663 170.28655047813007 611.3588970189204 varroa-mites 0
371.1237781341955 51.65776297121623 139.3560020233027 34.53670233133982 129.10904972447915 173.2496825705059 360.87682583537196 190.37074321038233 bee-larvae 0
640 339.6896630000001 569.38722 339.6896630000001 569.38722 405.86557500000015 640 405.86557500000015 bee-larvae 0
553.4243103114417 575.4300710771314 548.3129229958765 470.924721736685 401.02001599013886 478.1288610586753 406.131403305704 582.6342103991217 bee-larvae 0
628.45592725241 576.0355688176046 563.2305088075511 536.6053746046346 533.8377372399062 585.2268907554013 599.063155684765 624.6570849683714 bee-larvae 0
549.762683 596.338283 458.56491200000005 596.338283 458.56491200000005 640 549.762683 640 bee-larvae 0