640 14.89616500000002 273.605735 6.368244000000033 258.85779248469623 639.9999999880063 625.2520574846963 648.5279209880061 capped-brood-cells 0
179.99616500000002 7.435865999999992 3.885780586188048e-16 3.246409 -4.301180887056736 188.04268800262884 175.6949841129433 192.2321450026288 capped-brood-cells 0
283.18199500000003 23.389066000000035 164.77052500143543 20.6330089383286 161.13724700000003 176.73347400000006 279.5487169985646 179.48953106167147 bee-larvae 0
202.92924000173244 170.4390029255683 86.23820100000002 167.72298900000004 80.9282379982676 395.8606630744317 197.61927700000004 398.5766770000001 bee-larvae 0
83.67449100000009 484.4562389999999 10.040082001863961 482.7423789199191 7.9663970000000575 571.8363319999999 81.60080599813618 573.5501920800808 bee-larvae 0
284.1252120000001 413.292817 95.22198598012235 408.8960458229886 89.84298200000009 640.0000000000002 278.7462080198779 644.3967711770117 capped-brood-cells 0
639.9999999999999 14.896165000000066 0 0 -14.888099556287163 639.6534756444892 625.1119004437127 654.5496406444893 capped-brood-cells 0
302.24516104144766 7.034834000964741 209.89247299999994 4.885302000000022 208.46521295855229 66.20623199903531 300.81790099999995 68.35576400000002 bee-larvae 0
261.93795900000003 63.43004200000004 177.01752803126152 61.45349665687852 174.844766 154.80419500000002 259.76519696873856 156.78074034312155 bee-larvae 0
236.1638440156251 185.6873603286847 142.61832400000003 183.51006500000005 140.39290698437495 279.1230896713153 233.938427 281.300385 bee-larvae 0
183.4916800000001 281.2728900000001 100.22286300748877 279.33478667825426 97.82354100000003 382.41943800000007 181.09235799251132 384.3575413217459 bee-larvae 0
103.02382100000005 487.85517300000004 5.684341886080802e-14 485.457267 -2.3314230312234923 585.6247085277562 100.69239796877652 588.0226145277561 bee-larvae 0
548.42135 267.4290470000001 456.29805201246324 265.28485346452595 453.309812 393.67183000000006 545.4331099875367 395.8160235354742 bee-larvae 0
636.107268 46.06341500000008 570.4556550070525 44.535356696991855 567.815223 157.97907800000007 633.4668359929474 159.50713630300828 bee-larvae 0
329.5980660000001 604.8320180000002 236.1443020000001 602.6568580000002 235.27513092253773 639.9999999981972 328.72889492253773 642.1751599981972 bee-larvae 0