619.9620160000001 167.0296770000001 600.2720769373681 166.91512436644004 599.2500619999998 342.5846940000001 618.9400010626318 342.69924663356005 nosema 0
628.0779470000001 246.8225000000001 558.6450023772792 246.41855088815035 557.3463420000002 469.63927700000005 626.7792866227211 470.0432261118498 nosema 0
512.777722 452.6849800000001 480.0262061664315 452.4944373241041 479.489818 544.691765 512.2413338335685 544.882307675896 nosema 0
359.01610600000004 337.92631000000006 307.11299466422344 337.62434649506736 306.05433000000005 519.5933230000002 357.95744133577665 519.8952865049329 nosema 0
270.11520300000007 282.480158 225.79601625596254 282.22231661141893 224.71067399999998 468.776874 269.02986074403753 469.03471538858116 nosema 0
204.35053300000015 379.122821 141.99681513039604 378.7600578930552 141.264125 504.69886700000006 203.6178428696041 505.0616301069448 nosema 0
137.7467340000001 325.039013 103.88488333175513 324.8420105574823 102.48999300000003 564.603343 136.35184366824498 564.8003454425176 nosema 0
58.92627200000008 306.0970909999999 14.795505494928653 305.8403458878095 13.69392100000001 495.1867669999999 57.82468750507144 495.4435121121903 nosema 0
425.02475200000003 198.76938100000007 381.87646298969355 198.51835157201688 381.1502640000001 323.34134200000005 424.2985530103066 323.5923714279832 nosema 0
438.703817 59.16355000000006 377.884380270113 58.80971270616787 377.25660199999993 166.71558200000007 438.07603872988693 167.06941929383225 nosema 0
543.546542 30.244608000000067 492.8547056628238 29.94969143737356 492.4914859999999 92.38183000000005 543.1833223371763 92.67674656262656 nosema 0
504.862448 337.823833 433.249209964933 337.40719978318543 432.66555300000005 437.72941 504.278791035067 438.1460432168145 nosema 0
434.87987700000014 569.5410930000002 391.7585061782099 569.2902197648484 391.40499000000005 630.054383 434.52636082179026 630.3052562351518 nosema 0
292.0616180000001 3.6637359812630166e-14 70.842523774142 -1.2870150000650677 69.25728200000003 271.19290900000004 290.47637622585813 272.4799240000651 empty-cells 0
362.70625899999993 2.0734660000000438 295.08349783397904 1.6800479156891606 294.1968749999999 154.07742500000003 361.8196361660208 154.4708430843109 empty-cells 0