50.32538000000006 478.125001 5.858614409523032e-14 478.125001 6.014884135586452e-14 503.645784 50.32538000000006 503.645784 small-hive-beetle 0
351.5133821366102 271.5965602225838 320.58916047104344 245.91351744510877 273.7129234785022 302.35586176407514 304.637145144069 328.03890454155015 small-hive-beetle 0
393.99767748806846 300.4079000970138 379.8477806982967 257.57782611220193 340.5399104508735 270.5640821533196 354.6898072406452 313.39415613813145 small-hive-beetle 0
404.9655615634497 331.6978623485253 357.68104082344956 310.5795769623434 345.5349896094991 337.7749765903329 392.8195103494992 358.8932619765148 small-hive-beetle 0
381.11527200000006 368.1250010000001 359.64479301445306 342.6142576523301 327.20047555335924 369.92020584660145 348.67095453890624 395.4309491942714 small-hive-beetle 0
322.980561509131 388.2676910276233 274.29958846263713 377.1971082368593 265.8763856815011 414.236685583748 314.55735872799494 425.307268374512 small-hive-beetle 0
436.0554423708028 118.98831471994205 363.88286620258225 109.89147088467203 359.942398450236 141.15436976966598 432.1149746184565 150.251213604936 small-hive-beetle 0
462.3431760000001 439.3750000000001 426.8491300318089 428.1771785945888 412.60346556109766 473.3320575004542 448.0975115292889 484.52987890586553 small-hive-beetle 0
461.9735619809777 147.12145154076188 423.914175133835 137.6181626297627 413.2921949252516 180.15775682996366 451.3515817723942 189.6610457409628 small-hive-beetle 0
493.841868 225.6249990000001 447.28222913198385 177.9778892170265 427.6444250563186 197.16749106461972 474.2040639243348 244.8146008475933 small-hive-beetle 0
204.003056 71.87499900000003 183.5601054434491 55.98310509260919 155.01123564875053 92.70768537608359 175.45418620530143 108.59957928347444 small-hive-beetle 0
562.435591 176.2278320000001 490.830861 176.2278320000001 490.830861 230.34822000000005 562.435591 230.34822000000005 pollen 0
377.30652 459.28802599999995 185.14018500000006 459.28802599999995 185.14018500000006 576.186408 377.3065200000001 576.186408 nectar 0
295.570075 183.98446600000003 61.555352000000035 183.984466 61.55535200000004 297.983172 295.570075 297.983172 nectar 0
156.4584680000001 309.115858 37.532336784354804 306.3478211126055 33.95116100000002 460.20970900000003 152.8772922156453 462.9777458873946 nectar 0