489.36497735323775 97.09657024282211 474.0403756218095 57.5232836867678 423.38182194777426 77.14061211474998 438.70642367920243 116.7138986708043 varroa-mites 0
643.3061610582818 279.8588839788046 633.28183014734 241.79093745827072 609.6202302003519 248.02168351711026 619.6445611112936 286.08963003764416 varroa-mites 0
655.0877023322753 336.2124724191805 552.0995696536288 299.03238282097453 474.68953277336243 513.456695269874 577.6776654520088 550.6367848680799 bee-larvae 0
610.8637907737605 386.0298454606061 599.8681110238001 350.23839962878606 579.1889477705186 356.59135496059 590.1846275204789 392.38280079240997 varroa-mites 0
604.9746561596606 314.8073016891713 580.9752235962678 292.23951212579067 568.9689550955582 305.007427672483 592.9683876589511 327.57521723586365 varroa-mites 0
142.01104216519482 133.10095072425838 122.88068494424178 107.67395607859909 99.90403329611603 124.96076326503477 119.03439051706906 150.3877579106941 varroa-mites 0
168.87298700000002 206.086957 139.677996 206.086957 139.67799600000004 240.869565 168.87298700000005 240.869565 varroa-mites 0
284.0654391600059 121.00105296085087 261.0880609990413 97.73229189580596 241.95914408918884 116.6216670721934 264.9365222501534 139.8904281372383 varroa-mites 0
275.2768220599427 59.56801044995344 250.6139045235524 55.50899566602035 244.5352335141228 92.44351544895704 269.19815105051305 96.50253023289014 varroa-mites 0
311.985689 42.60869600000005 289.087657 42.60869600000004 289.087657 70.43478300000002 311.985689 70.43478300000002 varroa-mites 0
336.0295918397324 245.60982715925505 330.3611334388255 129.98296907553717 282.6639430230443 132.3212626536281 288.3324014239512 247.94812073734596 bee-larvae 0
329.8715349974402 83.61614064565973 319.02141247957206 83.36103928730944 318.1022264894769 122.45640386606667 328.9523490073451 122.71150522441695 varroa-mites 0
299.1754465730341 172.6120443549312 252.80509815869888 149.71720522502162 213.19379598202744 229.94445087874664 259.5641443963626 252.83929000865618 bee-larvae 0
232.987478 166.08695700000004 218.676208 166.086957 218.676208 195.652174 232.987478 195.652174 varroa-mites 0
370.375671 233.04347800000005 266.189624 233.04347800000005 266.189624 347.826087 370.375671 347.826087 bee-larvae 0
294.239714 259.130435 274.776386 259.130435 274.776386 299.130435 294.239714 299.130435 varroa-mites 0
349.6319915518083 235.45130364452427 321.2069764645498 229.69354699886458 317.8906939751459 246.0654407061087 346.3157090624044 251.82319735176839 varroa-mites 0
352.4232262209833 304.0153159084342 332.63141835960926 301.958056632377 329.174602213032 335.2142639473221 348.966410074406 337.2715232233793 varroa-mites 0
368.48991525530346 283.2415494154119 358.9242202865356 245.09898599744054 343.4337133137002 248.9838183562405 352.999408282468 287.12638177421184 varroa-mites 0
400.4009090897789 282.99135171416015 392.3617071628493 240.92874961062762 380.0512771870677 243.28157676428395 388.0904791139973 285.3441788678165 varroa-mites 0
465.402504 168.69565200000005 394.41860500000007 168.69565200000005 394.41860500000007 313.913043 465.402504 313.9130430000001 bee-larvae 0
570.1698589695729 452.4430175256831 563.0922552755026 237.42230677181806 440.2057198236066 241.46722967350746 447.283323517677 456.4879404273725 bee-larvae 0
468.83720900000003 190.43478300000007 457.960644 190.43478300000007 457.960644 226.08695700000004 468.83720900000003 226.08695700000004 varroa-mites 0
446.5826999518472 363.5076948372407 434.63602525663015 363.3110768700275 433.992502304783 402.41207803278684 445.9391770000001 402.60869600000007 varroa-mites 0
507.7652438886938 513.8532623701843 390.59586146887693 511.1467808651839 387.65395477765964 638.50822394536 504.8233371974765 641.2147054503603 bee-larvae 0
509.86458455253864 619.0467790449487 491.84384566593593 616.2553935739876 488.1958243463573 639.8064367161057 506.2165632329601 642.5978221870669 varroa-mites 0
607.5352480720072 476.75018170078295 599.1166545663984 474.1421276057378 591.914132 497.391304 600.3327255056088 499.9993580950452 varroa-mites 0
181.80911246563684 277.9399489231474 42.602478216861556 271.394068647648 31.642280100188167 504.47689728301714 170.84891434896346 511.0227775585166 bee-larvae 0
391.55635099999995 4.4096047913173035e-14 325.724508 4.0065010122576984e-14 325.724508 74.78260900000004 391.55635099999995 74.78260900000005 bee-larvae 0
573.1747706919722 238.29580293662832 562.6484755899907 92.39007175781654 458.49481380859976 99.90418495272102 469.02110891058135 245.80991613153282 bee-larvae 0
610.5931102313413 46.317553310877855 560.7841834648472 18.21172450180393 523.354145901015 84.54494002619839 573.1630726675091 112.65076883527232 bee-larvae 0
646.0601480421476 102.13848501153643 594.2384200318231 94.26574894201809 580.8870349874323 182.15029609588538 632.7087629977569 190.02303216540372 bee-larvae 0