538.2078645909919 32.140210825131305 509.31010855279385 25.661054001590003 504.29315733484634 48.03721131653941 533.1909133730444 54.516368140080715 small-hive-beetle 0
503.677194868814 0.18131035379733973 479.07838010795075 -0.3912348273410675 478.5419891985521 22.654248838199603 503.1408039594153 23.22679401933801 small-hive-beetle 0
498.4510294297489 52.784741645751424 498.0016905411332 33.479305371486134 475.7980017564313 33.99610181679551 476.24734064504696 53.3015380910608 small-hive-beetle 0
486.504065 151.08139700000007 466.99187 151.08139700000007 466.99187 175.51792100000006 486.504065 175.51792100000006 small-hive-beetle 0
436.67194463653504 133.9912211842059 429.7210076117185 111.28428576848063 405.63702414531883 118.65675806898012 412.5879611701353 141.36369348470538 small-hive-beetle 0
418.8721597386077 189.38476426704932 398.0259645684755 183.11159836976827 391.04812256432706 206.29948446534723 411.8943177344593 212.57265036262828 small-hive-beetle 0
288.4516625009545 27.418133518115297 265.8091178639321 16.114689384773953 252.6579397205012 42.4585306626486 275.3004843575236 53.76197479598994 small-hive-beetle 0
219.00816765982927 164.2988598129329 199.10208026360584 148.50914789656326 177.95950889904577 175.16358437982177 197.86559629526917 190.95329629619135 small-hive-beetle 0
181.2826542073999 294.0202571736246 161.19593809752587 261.34672062262496 142.23677121507387 273.00225115428657 162.3234873249479 305.6757877052862 small-hive-beetle 0
200.75178428486524 301.90858826053994 188.49911094634987 276.3912482742858 163.35708266148464 288.4637080137458 175.609756 313.981048 small-hive-beetle 0
148.88513390497602 376.7281802667104 96.78913554312541 375.51563078942024 95.99722783561072 409.5391683077594 148.09322619746135 410.75171778504955 small-hive-beetle 0
113.43405226734208 401.07263248760154 75.65782456462743 393.32199593963105 64.01480172817419 450.0695261709301 101.79102943088886 457.8201627189006 small-hive-beetle 0
82.1766148030247 394.289722806526 55.7066977300297 346.70931361676395 13.855285927005013 369.992076810238 40.325203000000016 417.57248600000014 small-hive-beetle 0
56.41431395058831 458.94873532070727 51.796867180951615 404.204286164319 4.128646074833476 408.22488509174633 8.74609284447017 462.9693342481346 small-hive-beetle 0
62.11484455251731 483.37715265419996 40.68990451140779 479.7841204524761 34.694417863347965 515.5346884240977 56.11935790445749 519.1277206258216 small-hive-beetle 0
166.82895986925251 601.078374724195 97.34090150103269 598.2577269012089 95.75177822288701 637.406567180454 165.23983659110684 640.22721500344 small-hive-beetle 0
343.72620847811083 436.6461983983886 311.20588347811093 424.5258533983887 303.0306974483838 446.4608483694217 335.5510224483837 458.58119336942167 small-hive-beetle 0
378.31560911489987 402.5250749921869 372.3830604501032 378.95729741260004 340.4243147784366 387.00204466646244 346.35686344323335 410.5698222460493 small-hive-beetle 0
379.6001094580553 513.227526560327 368.68590435750326 489.6673743319029 349.41099789944803 498.596445771576 360.325203 522.1565979999999 small-hive-beetle 0
489.8868012256737 543.2985166072949 481.4380451934269 523.1465022394116 460.34953471729943 531.9878853807534 468.79829074954625 552.1398997486367 small-hive-beetle 0
522.2842401018281 344.8387462044734 497.7220436994381 337.7969613115041 491.1335357988049 360.7780985535154 515.695732201195 367.8198834464847 small-hive-beetle 0
454.15643237773577 280.7663552085599 422.9407716954555 280.03980284894925 422.4015650221379 303.20632667790517 453.6172257044182 303.9328790375158 small-hive-beetle 0
499.8181610210444 602.0824752939527 483.4343832506472 599.3348621232092 479.281373169697 624.0988991314078 495.6651509400942 626.8465123021514 small-hive-beetle 0
306.0730950000001 301.22742500000004 264.15300379161994 276.4527459560778 245.9100004794094 307.3208900562233 287.83009168778955 332.0955691001455 small-hive-beetle 0