309.1629019203129 85.18932832287831 307.63907394513564 -2.110737677554987 186.71496600000006 0 188.2387939751773 87.30006600043328 american-foulbrood 0
199.0298348571843 90.57055072063906 198.04849499999995 48.4082 121.76707214281566 50.183670279360925 122.74841199999999 92.34602100000001 american-foulbrood 0
115.51961788480737 214.78243197523472 114.815744 184.541153 62.084106115192625 185.7684960247653 62.787980000000005 216.00977500000002 american-foulbrood 0
158.80000758467017 312.2912947505063 157.49311999999998 256.142078 64.92387241532983 258.2966512494937 66.23076 314.445868 american-foulbrood 0
89.14525070051215 353.49981775636076 87.63399 288.569885 4.696239299487824 290.5002822436392 6.2075000000000005 355.430215 american-foulbrood 0
70.37400761223094 154.26029282713122 69.260162 106.40494999999999 1.606263387769057 107.97961217286876 2.720109 155.834955 american-foulbrood 0
485.7767209329807 137.9513135053998 484.38538300000005 58.241630000000015 415.53366006701935 59.443441494600194 416.924998 139.153125 american-foulbrood 0
621.5463777627606 143.18914733417236 620.1357720000001 82.58378299999998 482.94016923723945 85.77704666582763 484.350775 146.382411 american-foulbrood 0
609.3262799729852 295.6505217145774 606.6785110000001 181.89156 449.8566800270149 185.5416282854226 452.504449 299.30059000000006 american-foulbrood 0
514.8829008843053 460.88703065150094 512.6623549999999 333.672019 392.7430801156947 335.76521734849905 394.9636259999999 462.980229 american-foulbrood 0
641.5782282390477 486.51488233607046 639.9999999999999 418.707751 538.7942467609523 421.0633406639295 540.3724750000001 488.87047199999995 american-foulbrood 0
501.51181192368716 539.9118431881825 499.76514399999996 464.867858 379.07736807631284 467.67689681181736 380.8240360000001 542.720882 american-foulbrood 0
301.37411857549563 562.16298811952 300.85573300000004 539.891021 242.62379342450436 541.24638388048 243.142179 563.518351 american-foulbrood 0
83.97018323120344 591.854919361339 82.418293 525.1793700000001 8.808880768796566 526.8926476386612 10.360771 593.568197 american-foulbrood 0
163.22075965991183 636.4610078517246 162.609681 610.206578 62.6513463400882 612.5331341482754 63.262425 638.787564 american-foulbrood 0