244.36878276949153 322.0422083191206 241.65222599999998 88.58193400000002 -0.24835776949152222 91.39670268087937 2.468199 324.856977 capped-brood-cells 0
375.6186230000002 171.340463 247.4227383670173 170.5946410673755 246.21285799999998 378.5553850000001 374.40874263298275 379.3012069326246 capped-brood-cells 0
332.8028840000001 473.818225 209.08844426586182 473.0984758410973 208.13178200000004 637.5348420000001 331.84622173413834 638.2545911589028 capped-brood-cells 0
543.338448 157.97425400000006 405.04032625587274 157.16965891632796 403.901024 352.999046 542.1991457441272 353.8036410836722 capped-brood-cells 0
607.2118880000002 397.67628000000013 542.2119597816703 397.29812136169653 541.380838 540.1557760000001 606.3807662183299 540.5339346383037 capped-brood-cells 0
414.81394200000005 11.341339000000053 342.5981295514963 10.921200163335559 342.0149210000001 111.16634700000003 414.23073344850377 111.58648583666451 capped-brood-cells 0
634.278721 6.473022947846044e-14 421.80689200000006 5.172008221376875e-14 421.80689200000006 178.63325200000006 634.278721 178.63325200000006 worker-bee 0
302.934981 2.9755812555947824e-14 182.494688 2.2380971590406855e-14 182.494688 89.31644500000003 302.934981 89.31644500000003 worker-bee 0
387.4061921782413 197.2630755212356 386.20130000000006 93.714877 231.2876278217587 95.51746047876442 232.49251999999998 199.06565900000004 worker-bee 0
116.901285 7.158139224573125e-15 0 0 5.9457286676164725e-15 97.101118 116.901285 97.10111800000001 worker-bee 0
227.33078900000015 325.76330200000007 2.4610426604014073 324.4550479131556 0.6255499999999783 639.949395 225.49529633959872 641.2576490868444 worker-bee 0
308.60872900000004 376.090999 254.66049848139812 375.7771372915481 253.8650480000001 512.5034240000001 307.813278518602 512.8172857084519 worker-bee 0
540.563626 346.0553500000001 399.01835600484594 345.2318636409263 397.330595 635.3333140000001 538.8758649951542 636.1568003590738 worker-bee 0
395.8787980000002 460.5466570000001 337.1642854931176 460.2050658415592 336.14136600000006 636.029931 394.85587850688273 636.3715221584409 worker-bee 0
427.53374400000007 243.66989900000007 359.53352845375673 243.2742855700688 358.95575999999994 342.5843100000002 426.9559755462433 342.97992342993143 worker-bee 0
638.460423 257.1836950000001 542.3277523169471 256.6244119254025 541.495081 399.74856700000004 637.6277516830529 400.30785007459764 worker-bee 0
637.4593979999999 429.245234 590.5561490500284 428.9723589710325 589.398024 628.037212 636.3012729499715 628.3100870289675 worker-bee 0