482.2124462248234 369.1279136233753 478.191761 196.382901 175.25550477517663 203.4338213766248 179.27618999999999 376.17883400000005 capped-drone-cells 0
209.82421100000005 92.69839500000003 123.81359016433967 91.19707386186705 122.15918400000001 185.97792900000002 208.1698048356604 187.479250138133 capped-drone-cells 0
343.25220114523717 151.5105162705548 341.385365 71.30359099999997 254.67102985476276 73.32188872944519 256.537866 153.52881400000004 capped-drone-cells 0
179.691751 186.15115400000002 2.3053037914500777e-14 186.15115400000002 3.769380416799503e-14 425.253012 179.69175100000004 425.253012 capped-brood-cells 0
317.2624950000001 415.453301 168.91672236445092 412.86391580248437 165.02363000000003 635.8990189999998 313.36940263554925 638.4884041975156 capped-brood-cells 0
176.96604340019337 635.6101764466063 175.51681499100795 573.3454176136637 -1.4492284091854337 577.4643481670574 1.7763568394002505e-15 639.729107 capped-brood-cells 0
472.36181900000014 529.792664 407.54638028107644 528.6613065028835 406.23686699999996 603.6832850000001 471.05230571892366 604.8146424971166 capped-drone-cells 0
639.739986 6.508958554893844e-14 420.48084099999994 5.166383504353667e-14 420.48084099999994 158.85214200000004 639.739986 158.85214200000004 wax-sealed-honey-cells 0
636.976165 158.33920900000007 504.72151170703194 156.0306954707885 499.84129199999995 435.6182990000001 632.095945292968 437.9268125292116 worker-bee 0
280.491126 1.9634098555861397e-14 38.589867000000005 4.821918428658153e-15 38.58986700000001 89.840441 280.491126 89.84044100000003 worker-bee 0
123.5955975036951 186.8584107260885 121.61183100000001 101.627678 -1.9837665036950738 104.50439627391155 0 189.73512900000003 worker-bee 0
163.57950600000007 416.734646 5.126840834870126e-14 416.734646 6.25085588988237e-14 600.300235 163.57950600000007 600.300235 worker-bee 0
460.5236424704003 548.3356061118457 458.23362900000006 449.94728399999997 354.1630745295998 452.3695528881544 356.45308800000004 550.7578750000001 worker-bee 0
355.3866353568975 631.4682711585497 353.644322 556.6113739999998 257.2197776431025 558.8556798414502 258.962091 633.712577 worker-bee 0
455.3908310664149 451.1776033848684 452.87859899999995 343.241874 339.9677349335851 345.8699036151314 342.479967 453.80563299999994 worker-bee 0
525.2490560000001 517.1051310000001 470.375263436478 516.1473050831601 468.45688199999995 626.051269 523.330674563522 627.0090949168401 worker-bee 0
499.38285900000005 268.05626000000007 447.7272904772333 267.1546087159556 445.82031799999993 376.404991 497.4758865227667 377.30664228404453 worker-bee 0
295.83463277738554 194.90446630375936 293.933881 113.240419 178.4627362226144 115.92803969624069 180.363488 197.592087 worker-bee 0
416.04569182001455 120.48393244852795 414.328688 46.714438999999985 322.27665717998536 48.856973551472024 323.993661 122.62646700000002 worker-bee 0
495.438262 48.24289100000005 429.9873772428768 47.10044171433638 428.27957899999996 144.94015100000001 493.7304637571232 146.08260028566372 worker-bee 0