574.0737574710831 371.6360670690088 531.8943086255939 368.24029518196664 525.2239606524877 451.09379961989737 567.4034094979769 454.48957150693946 small-hive-beetle 0
539.398955552488 431.22267857664673 491.6223661015333 427.79336763314546 487.9922159027858 478.3680161699127 535.7688053537405 481.797327113414 small-hive-beetle 0
504.34013014782954 462.5958601201801 472.8544276682766 434.2753604868183 423.65295613830705 488.9757688201484 455.13865861785996 517.2962684535102 small-hive-beetle 0
430.1866951050022 330.8033660081923 357.7413044009219 288.39460863689783 332.39668816562596 331.68992637836504 404.8420788697063 374.0986837496596 small-hive-beetle 0
410.5112812982838 362.0429330479087 358.1763418325431 353.06517025778044 349.64709778561723 402.78551610777515 401.98203725135795 411.7632788979034 small-hive-beetle 0
358.59905296416605 369.265447471618 283.6351940913323 345.2094037762863 261.40239632802184 414.4916321836322 336.36625520085556 438.5476758789639 small-hive-beetle 0
297.2256516516497 304.47712543157087 260.9167019454106 274.6358096791048 216.03439011470937 329.24565384544303 252.34333982094847 359.08696959790916 small-hive-beetle 0
237.5372887764396 452.14756263128044 177.94105066974697 430.1568991616431 158.3763218885491 483.17868436366814 217.97255999524174 505.1693478333055 small-hive-beetle 0
621.6439634419527 177.87616144139776 579.1823047052823 171.79707966458443 573.1019772633296 214.26743922318673 615.563636 220.34652100000005 small-hive-beetle 0
185.68660843071854 75.87733201533239 179.76468223943556 -0.06176318960548066 139.37720151048447 3.0877565575452657 145.29912770176745 79.02685176248312 small-hive-beetle 0
227.36872700000004 200.038832 99.40363600000003 200.038832 99.40363600000003 342.36344799999995 227.36872700000006 342.36344799999995 nectar 0
430.888727 4.723734349341094e-14 340.555636 4.170603695589911e-14 340.555636 221.98258800000005 430.888727 221.98258800000005 nectar 0
570.5871878735358 374.3815495814566 569.7978180000001 238.70036299999998 420.7146301264644 239.5677034185434 421.504 375.24889 nectar 0
485.80654500000014 504.50007100000005 440.4480000000001 504.50007100000005 440.4480000000001 575.684049 485.80654500000014 575.684049 pollen 0