639.826667 3.9178083987533474e-14 0 0 2.2429102046583546e-14 366.295034 639.826667 366.29503400000004 capped-brood-cells 0
628.1448713138413 632.517540419365 626.050399 452.51899599999996 434.96843268615856 454.74243558063506 437.062905 634.74098 capped-brood-cells 0
616.292509280534 467.5388962409504 614.9152269999998 349.175522 454.6814217194658 351.04001075904966 456.05870400000003 469.403385 bee-larvae 0
465.64801556710097 544.3395720344348 464.290744 427.69593 232.0797844328991 430.3979489655652 233.43705599999998 547.041591 bee-larvae 0
145.9216559032424 616.8699585503824 145.06519 543.265458 53.40091109675761 544.3320684496176 54.257377000000005 617.9365690000001 bee-larvae 0
227.67477712227006 532.5233462497542 225.4775819991673 343.696847928435 -2.1971951231027385 346.34608367868066 8.881784197001252e-16 535.172582 capped-brood-cells 0
639.826667 3.9178083987533474e-14 0 0 3.9178083987533474e-14 639.826667 639.826667 639.826667 capped-brood-cells 0
632.1386690000002 330.30776500000013 570.8675395553157 328.88166341551107 568.6682059999999 423.37398600000006 629.9393354446844 424.8000875844891 bee-larvae 0
574.9169616809086 454.83395248214447 573.9292250000001 369.94801400000006 477.61424631909154 371.0687395178556 478.601983 455.95467800000006 bee-larvae 0
451.69320729713525 487.80046617166903 450.605149 394.29294200000004 351.72677070286477 395.44349582833104 352.81482900000003 488.9510200000001 bee-larvae 0
353.6410654435236 529.0739033187854 352.67253900000003 445.83890799999995 246.68125855647645 447.0722276812147 247.649785 530.3072230000001 bee-larvae 0
142.57017000000008 523.881828 42.4840779711093 521.5522984157573 39.95580700000005 630.177131 140.0418990288908 632.5066605842428 bee-larvae 0
384.55137442391435 173.2549698144897 383.479858 81.16909 251.8771715760856 82.7004261855103 252.948688 174.78630600000002 bee-larvae 0
608.594198 6.758675052937947e-14 493.713611 6.055234337169352e-14 493.713611 63.05368800000005 608.594198 63.053688000000065 bee-larvae 0
36.26143500000004 296.008149 3.6276379592959896e-14 296.008149 4.2023058823500796e-14 389.858543 36.26143500000004 389.858543 bee-larvae 0