157.61698106324886 8.77275098970543 10.311629000000002 7.058698000000002 8.048916936751155 201.5156950102946 155.35426900000002 203.22974800000003 chalk-brood 0
531.6603166563059 12.837190320567004 183.52225500000006 6.760418000000024 179.71338934369425 224.9701906794331 527.8514510000001 231.04696300000006 chalk-brood 0
436.1549442250628 237.56905357582008 224.97305000000006 233.88286000000005 222.10848077493722 397.99392542418 433.29037500000004 401.6801190000001 chalk-brood 0
536.5805093173897 238.83460180768128 451.66745799999995 237.84654900000004 449.4523066826104 428.2161891923189 534.3653580000001 429.2042420000001 chalk-brood 0
639.3602067646966 66.15492513122499 516.669338 64.72728800000007 514.5735052353034 244.84276486877516 637.264374 246.27040200000008 chalk-brood 0
591.8726739513719 467.80222440956527 341.9661500000001 463.44009 339.9876800486282 576.7865625904349 589.8942040000001 581.1486970000002 chalk-brood 0
621.0665745198203 338.0071120115041 542.620728 337.0943120000001 540.8706744801798 487.49355398849616 619.3165210000001 488.4063540000001 chalk-brood 0
633.4215459504077 576.5222444969982 500.49093700000003 574.9754559999999 499.7343075264169 639.9999999944894 632.6649164768246 641.5467884914876 chalk-brood 0
210.7614187916417 397.89672199035834 89.24866400000002 395.775709 88.1654452083584 457.83327300964163 209.67820000000006 459.95428599999997 pollen 0
30.41677211399457 224.75580216179068 2.708944180085382e-14 224.401871 -1.6458911139945047 365.84941883820926 28.77088100000004 366.20335 pollen 0
219.35319665107752 494.2596953928276 161.32005800000002 493.584419 159.75427834892255 628.1472566071724 217.78741700000006 628.822533 pollen 0
306.4973029101344 582.2639087565465 234.30880900000008 581.4239200000001 233.62721494065823 639.9999999993097 305.81570885079253 640.8399887558561 pollen 0
332.07444267480747 520.9867134511248 259.42998200000005 519.718699 258.5051623251927 572.7015545488752 331.14962300000013 573.969569 pollen 0
402.39103188430465 621.7676036246257 346.43731787254814 621.116523998517 346.21758900000003 640.0000000000001 402.17130301175655 640.6510796261089 pollen 0
78.1376522050065 290.9840765785536 32.20905900000004 290.449649 30.24937179499358 458.86475342144644 76.17796500000006 459.399181 pollen 0
170.02650208976422 483.7511691384197 90.59747500000006 482.36472999999995 89.69213291023587 534.2317318615802 169.12116000000003 535.6181709999998 pollen 0