543.8620881482619 275.64716004512195 536.081107 8.232189999999994 96.762063851738 21.01506895487801 104.543045 288.43003899999997 capped-brood-cells 0
395.1163223559445 532.08699890191 387.36651700000004 265.743448 -7.74980535594446 277.24015809809015 1.7763568394002505e-15 543.5837090000001 capped-brood-cells 0
531.0979080396672 182.96545400325675 526.205638 14.829033 149.5867529603329 25.78752299674327 154.479023 193.923944 capped-brood-cells 0
409.56088745839594 386.2706289258477 403.798497 188.23010799999997 34.06862954160406 198.98814807415224 39.831019999999995 397.0286689999999 capped-brood-cells 0
326.73284378536437 501.23673397602386 323.304135 383.39965899999993 -3.4287087853643943 392.9066140239762 3.552713678800501e-15 510.74368900000013 capped-brood-cells 0
336.93305333547073 590.833508913291 334.748567 515.757574 215.35697566452922 519.2315140867091 217.54146200000002 594.3074490000001 capped-brood-cells 0
94.07168090737584 591.236305434437 92.17779099999998 526.147536 -1.8938899073758417 528.884742565563 0 593.973512 capped-brood-cells 0
223.91675800000013 479.86165700000004 108.57472171884224 477.1770415869633 105.02842500000006 629.540424 220.37046128115793 632.2250394130368 worker-bee 0
506.59224407847427 467.4622235620922 503.53039999999993 362.2334669999999 314.80595592152565 367.7247874379077 317.8678 472.95354399999997 worker-bee 0
631.7789238439959 569.5587829263832 628.740461 465.133591 450.956122156004 470.3065870736168 453.9945849999999 574.731779 worker-bee 0
630.8118467916531 269.9672192912045 627.711034 163.39918700000004 420.23045720834705 169.4362547087955 423.33127 276.004287 worker-bee 0
639.566566 7.993605777301127e-14 538.8829541101975 -2.343437223823855 535.2534487761744 153.59490099479046 635.9370606659769 155.9383382186144 worker-bee 0
472.9658434767624 625.8046649950221 471.683209 581.7233819999999 316.3898755232375 586.241957004978 317.67251 630.3232400000002 worker-bee 0