291.66946100000007 103.36385500000003 23.846707000000013 103.363855 23.846707000000038 528.668273 291.6694610000001 528.668273 capped-brood-cells 0
543.952096 246.18152600000005 277.202395 246.18152600000005 277.2023950000001 631.518072 543.952096 631.518072 capped-brood-cells 0
198.553293 113.09236900000002 30.16047900000001 113.092369 30.160479000000034 480.899598 198.55329300000005 480.899598 capped-brood-cells 0
398.4574850000001 231.54377500000004 200.11496999999997 231.54377500000004 200.11497000000003 590.894779 398.45748500000013 590.894779 capped-brood-cells 0
511.08982000000003 307.54698800000006 393.07305400000007 307.546988 393.07305400000007 640 511.08982000000015 640 capped-brood-cells 0
601.044311 293.0120480000001 525.853892 293.0120480000001 525.853892 408.4690760000001 601.044311 408.4690760000001 capped-brood-cells 0
594.376048 535.505221 529.188024 535.505221 529.188024 639.987149 594.376048 639.987149 capped-brood-cells 0
633.02515 404.7550200000001 486.706587 404.7550200000001 486.706587 520.237751 633.02515 520.237751 worker-bee 0
482.529341 127.69156600000005 377.14012 127.69156600000005 377.14012 310.90120500000006 482.529341 310.9012050000001 worker-bee 0
588.34012 6.56469350435571e-14 483.7556890000001 5.924298561031725e-14 483.7556890000001 172.31164700000005 588.34012 172.31164700000005 worker-bee 0
288.517365 8.057831000000029 181.786826 8.057831000000022 181.786826 209.95341400000004 288.517365 209.95341400000007 worker-bee 0
169.283832 1.0365645150309914e-14 0 0 6.172613346719227e-15 100.80642600000002 169.283832 100.80642600000003 worker-bee 0
640 154.44819300000006 595.851497 154.44819300000006 595.851497 307.43132500000013 640 307.43132500000013 worker-bee 0