334.759284 439.63610099999994 249.77239672858363 438.1526498237991 247.62840400000005 560.9819490000001 332.6152912714164 562.465400176201 american-foulbrood 0
255.08819600000004 254.87942199999998 215.83797872528353 254.19430699818895 213.34616599999998 396.950181 252.59638327471646 397.635296001811 american-foulbrood 0
191.99508300000005 513.536462 109.61603721240724 512.0985297456415 107.95638700000003 607.179783 190.33543278759288 608.6177152543586 american-foulbrood 0
93.1584270000001 286.2787000000001 41.045807642566885 285.3690706560476 37.687025999999996 477.793502 89.7996453574332 478.70313134395246 american-foulbrood 0
137.79508500000009 325.083032 92.54462288826039 324.29318197318224 90.83296800000002 422.353791 136.08343011173972 423.1436410268178 american-foulbrood 0
234.151541 60.85776200000004 179.4200295632465 59.9024197678452 176.803721 209.79061400000003 231.53523243675355 210.74595623215487 american-foulbrood 0
489.20695700000005 140.30324900000002 427.4696350839022 139.22562002621657 426.11713199999997 216.710469 487.85445391609784 217.78809797378347 american-foulbrood 0
519.11257 73.79639000000009 471.97252859629776 72.97355746288095 469.907013 191.30685900000003 517.0470544037023 192.1296915371192 american-foulbrood 0
608.4204050000001 86.73501800000008 580.5297657120996 86.24818474010411 579.421888 149.7184120000001 607.3125272879005 150.20524525989606 american-foulbrood 0
626.5047560000003 380.5227440000001 570.9886825932114 379.55370746902577 569.1121800000001 487.05848400000025 624.628253406789 488.02752053097447 american-foulbrood 0
568.417012 478.44043300000004 523.2770522004698 477.6525123718131 521.7820009999999 563.303971 566.9219607995301 564.091891628187 american-foulbrood 0
556.729941 134.78122700000006 528.3862457332457 134.28648606625757 526.8664679999999 221.35451300000005 555.2101632667543 221.84925393374255 american-foulbrood 0
346.04126800000006 173.56245500000003 308.3601746491576 172.90472905963094 306.264471 292.967509 343.94556435084246 293.62523494036907 american-foulbrood 0
351.28152000000006 4.263256414560601e-14 313.1584203258101 -0.6654413750336614 312.26762399999996 50.36823100000004 350.39072367419 51.03367237503374 american-foulbrood 0
294.90846300000004 3.6415315207705135e-14 248.5861344552923 -0.8085592822731229 246.64427600000005 110.44043300000004 292.96660454470776 111.24899228227319 american-foulbrood 0
183.1082 9.13790600000002 137.86878851223256 8.348249124113341 135.763926 128.93574 181.00333748776745 129.72539687588667 american-foulbrood 0
40.55878900000002 70.099639 8.584729852273496e-15 70.099639 2.435358268888401e-14 327.624549 40.558789000000026 327.624549 american-foulbrood 0
89.92156000000006 155.090253 45.10205458222064 154.3079254207087 43.32721400000001 255.98844800000006 88.14671941777942 256.77077557929135 american-foulbrood 0
146.785492 1.865174681370263e-14 95.56793692155507 -0.8940055532501581 94.31018699999998 71.162455 145.5277420784449 72.05646055325018 american-foulbrood 0
571.9435790000001 277.03682300000014 540.947840747201 276.4957907307569 539.8136110000002 341.47581200000013 570.8093492527993 342.0168442692434 american-foulbrood 0