261.806186 0.011896000000016033 1.4568398322656915e-18 0.011896 2.4026022306949283e-14 392.36282500000004 261.806186 392.36282500000004 capped-brood-cells 0
447.15051500000004 5.9003720000000435 265.657732 5.900372000000031 265.657732 292.639405 447.15051500000004 292.639405 capped-brood-cells 0
452.7917530000001 442.075836 139.96701000000004 442.075836 139.96701000000004 596.342007 452.79175300000014 596.342007 capped-brood-cells 0
612.371134 243.80669100000006 503.637113 243.80669100000006 503.637113 405.0438660000001 612.371134 405.0438660000001 capped-brood-cells 0
51.99175300000007 463.072119 5.670997883077322e-14 463.072119 6.416457234735039e-14 584.81487 51.991753000000074 584.81487 capped-brood-cells 0
133.92989700000007 405.305576 91.32371100000006 405.305576 91.32371100000006 471.18513 133.92989700000007 471.18513 bee-larvae 0
72.87422700000006 486.07881 52.02474200000006 486.07881 52.02474200000006 535.304089 72.87422700000006 535.304089 bee-larvae 0
104.87422700000008 477.442379 88.41237100000004 477.442379 88.41237100000004 507.586617 104.87422700000008 507.586617 bee-larvae 0
81.91340200000005 335.619331 40.742268000000045 335.619331 40.742268000000045 388.318216 81.91340200000006 388.318216 bee-larvae 0
158.15257700000006 327.31598500000007 120.90721600000003 327.31598500000007 120.90721600000006 387.7234199999999 158.15257700000006 387.7234199999999 bee-larvae 0
103.51340199999999 65.558364 71.430928 65.558364 71.430928 114.78364299999998 103.51340199999999 114.78364299999998 bee-larvae 0
600.83299 6.661472577016278e-14 487.068041 5.964863173776219e-14 487.068041 113.67732300000007 600.83299 113.67732300000009 wax-sealed-honey-cells 0
601.740206 501.82899600000013 488.33814400000006 501.82899600000013 488.33814400000006 607.631227 601.740206 607.631227 capped-brood-cells 0