292.57142900000014 565.416861 107.68254000000007 565.416861 107.6825400000001 640 292.57142900000014 640 bee-larvae 0
242.6994376497317 620.746480555612 213.19787061406498 612.946527671032 207.6159335187026 634.0589489695323 237.11750055436931 641.8589018541124 varroa-mites 0
242.1008168270119 457.7661303021582 66.82422374236796 430.1155110848838 45.58381015079755 564.757968846313 220.86040323544148 592.4085880635874 bee-larvae 0
432.8387627534694 550.8191712503369 432.5670073147984 480.90426054888184 207.0930148519471 481.7806656406698 207.36477029061814 551.6955763421249 bee-larvae 0
191.09185896396758 513.9152234108464 190.88216638314628 495.88016950390556 148.17317611816787 496.3767445870269 148.38286869898923 514.4117984939677 varroa-mites 0
329.23773189945683 481.38581650012054 328.8507912177218 461.05399020389984 290.3238891505802 461.7872064695616 290.71082983231526 482.11903276578244 varroa-mites 0
217.39682500000004 465.61972000000014 202.65373593419616 459.6156207264768 199.111111 468.31455000000005 213.85420006580387 474.31864927352336 varroa-mites 0
152.38095200000006 447.593497 128.4570073550485 445.3141796784252 128.00000000000006 450.110975 151.92394464495163 452.39029232157475 varroa-mites 0
459.17460300000005 578.0664980000001 429.1687902194567 559.5429403871555 416.5079370000001 580.0519160000001 446.51374978054344 598.5754736128447 varroa-mites 0
497.28454152690233 505.8289007664904 495.52624486634727 488.8003713251009 462.3589467002615 492.22509157506664 464.1172433608166 509.253621016456 varroa-mites 0
461.20634899999993 457.655028 451.0642027635206 439.1624148401015 418.5100174923889 457.01653338864924 428.65216372886835 475.50914654854773 varroa-mites 0
276.2168730753341 156.32499784613026 132.63773507062166 130.7678402942886 115.1929630541998 228.77190525049073 258.7721010589122 254.3290628023324 bee-larvae 0
209.3465676946639 163.93671726752356 209.17292307859248 152.3763007672081 172.57726557946904 152.92599020929208 172.75091019554043 164.48640670960754 varroa-mites 0
300.292767745942 8.737626993240445 105.650794 3.0741240000000083 103.74325272611806 68.63206561199814 298.38522647206 74.29556860523857 bee-larvae 0
188.952381 51.750054000000006 180.825397 40.75728000000002 171.05595594179016 47.979851042487965 179.18293994179015 58.97262504248795 varroa-mites 0
132.06349199999997 46.86786500000001 125.96825399999997 28.404798000000014 112.73325552533316 32.77408646289359 118.82849352533316 51.23715346289359 varroa-mites 0
392.14718331987854 128.72887104407778 387.244898222672 110.41893708699729 364.9407290212344 116.39063510284399 369.8430141184409 134.70056905992448 varroa-mites 0
640 297.7178070000001 463.23809499999993 297.71780700000005 463.23809499999993 372.668728 640 372.6687280000001 bee-larvae 0