447.33641025079567 494.45944564014144 423.7414596981996 331.4851251887377 326.44744869495423 345.57107058385793 350.0423992475503 508.5453910352617 bee-larvae 0
374.53741009191816 314.9284733574578 342.4382838447983 312.0239618387357 337.5396821828614 366.16071845592 369.6388084299812 369.06522997464214 varroa-mites 0
397.621700436904 461.29354454072586 364.07185599999997 423.52941200000004 333.5667088797874 450.6303374430589 367.11655331669147 488.3944699837847 varroa-mites 0
431.65253220168506 457.46891553390174 407.765253997871 448.39079608821487 388.7525018008364 498.4190980804874 412.63978000465045 507.49721752617427 varroa-mites 0
489.4388713664139 638.7502523737893 487.75589420592587 515.3992348961624 387.9315436154496 516.7612188144126 389.61452077593765 640.1122362920396 bee-larvae 0
439.21043690388865 574.1352220617416 412.3968113294666 555.1397100655226 384.56454721415594 594.4270906333592 411.378172788578 613.4226026295783 varroa-mites 0
507.8606552985667 316.1620714986915 456.46051343788247 182.50391071261788 366.4856180373098 217.1050331602906 417.88575989799403 350.7631939463642 bee-larvae 0
378.73474564494256 308.83546943241004 360.69329579218663 158.01894973292548 269.35209941102556 168.9456546939277 287.39354926378155 319.7621743934123 bee-larvae 0
311.4878894128076 129.31224674132335 306.35932073494394 -2.9369454639661505 221.48695556300365 0.3543695632088042 226.61552424086727 132.6035617684983 bee-larvae 0
203.74880976487916 159.42788447816676 188.03893044132113 -6.955337468481103 94.47092548692284 1.8793397855212586 110.18080481048086 168.2625617321691 bee-larvae 0
88.75000000000001 6.54420639417601e-15 1.7622588450011866e-15 1.109836222959629e-15 1.212434088544898e-14 169.225642 88.75000000000003 169.225642 bee-larvae 0
36.564112519834005 350.9874607924673 35.93912967869591 177.1615310425689 0.6250171588619104 177.2885012501016 1.2499999999999998 351.114431 bee-larvae 0
640 320.0321690000001 558.75 320.0321690000001 558.75 496.1649810000001 640 496.1649810000001 bee-larvae 0
607.1737233020632 638.7202229500018 605.5241462461008 523.9402859504526 511.8927526634408 525.2859235471377 513.5423297194033 640.065860546687 bee-larvae 0