635.6929566410788 618.5122838057347 633.122689 471.261768 436.9524213589213 474.68593319426543 439.522689 621.936449 chalk-brood 0
636.443697 98.45864300000008 418.211765 98.45864300000005 418.211765 449.13645 636.443697 449.1364500000001 chalk-brood 0
410.09075600000006 194.96642900000006 245.96302500000002 194.96642900000006 245.96302500000002 408.058413 410.09075600000006 408.058413 chalk-brood 0
411.5656448617194 178.47332338985746 410.084034 93.59188199999998 218.7267921382806 96.93203461014257 220.20840299999998 181.81347599999998 chalk-brood 0
584.302521 6.057123648772268e-14 404.90084 4.958605176780746e-14 404.90084 115.61499300000006 584.302521 115.61499300000007 chalk-brood 0
182.621849 40.27700400000002 69.263866 40.27700400000002 69.26386600000001 291.502768 182.62184900000005 291.502768 chalk-brood 0
313.81246445461 88.09019207798744 312.443697 9.673548 161.13207254538997 12.314701922012558 162.50084 90.731346 chalk-brood 0
73.87563000000002 4.52357769072471e-15 0 0 8.13910121120064e-15 132.92161 73.87563000000003 132.92161 chalk-brood 0
245.86218500000007 420.721873 183.79831900000005 420.721873 183.79831900000005 542.956915 245.86218500000007 542.956915 pollen 0
416.2034205948107 631.7861109854819 415.643697 599.719577 273.81338540518925 602.1952350145182 274.37310900000006 634.2617690000001 pollen 0
150.34368721710618 470.3462330828953 149.33109200000004 412.334698 14.093286782893868 414.6952829171047 15.105882000000001 472.706818 pollen 0
62.78319300000004 325.695173 0.006723000000039953 325.695173 0.00672300000004444 398.974548 62.78319300000004 398.974548 pollen 0
124.91428600000005 300.059851 71.92605000000003 300.059851 71.92605000000005 373.320979 124.91428600000006 373.320979 pollen 0
25.05546200000003 230.019883 0.006723000000028196 230.019883 0.006723000000031648 286.407037 25.055462000000034 286.407037 pollen 0
350.972816998985 598.2922267228853 350.171429 552.3807309999997 181.22214100101496 555.3297512771145 182.023529 601.241247 pollen 0
159.31428600000007 461.901126 107.44201700000006 461.901126 107.44201700000006 541.933833 159.31428600000007 541.933833 pollen 0