439.0102424004589 261.110081690266 434.59047599999997 7.901835 -4.419766400458922 15.564787309734022 0 268.773034 nectar 0
549.9219186128979 600.7291675933423 545.632653 354.99729499999995 12.581482387102035 364.3017374066577 16.870748 610.03361 bee-larvae 0
640 6.454871679985163e-14 414.160544 5.0720038454272655e-14 414.160544 272.77979 640 272.77979000000005 bee-larvae 0
640 281.39505000000014 536.598639 281.39505000000014 536.598639 627.937007 640 627.937007 bee-larvae 0
501.90348187930175 363.3740726882778 499.918367 249.64692600000004 172.70876312069822 255.35839131172224 174.69387799999998 369.08553800000004 bee-larvae 0
183.72789100000003 1.1250088681362192e-14 0 0 2.6447967644016495e-14 431.92809 183.72789100000006 431.92809 capped-brood-cells 0
453.834014 3.905540272883231e-14 183.98911599999997 2.2532168198735106e-14 183.98911599999997 228.303065 453.834014 228.30306500000003 capped-brood-cells 0
562.3933003367653 254.4979949657315 561.534694 205.308487 491.99581566323457 206.52229303426847 492.8544219999999 255.71180099999998 capped-brood-cells 0
639.989116 6.653014535528264e-14 446.530612 5.4684228470710875e-14 446.530612 220.07094800000004 639.989116 220.07094800000004 bee-larvae 0
420.29932 3.943396015893882e-14 223.706122 2.739609862569673e-14 223.706122 50.881712000000036 420.29932 50.88171200000004 bee-larvae 0
79.56462600000005 257.415688 5.289796000000032 257.415688 5.28979600000004 393.579576 79.56462600000006 393.579576 bee-larvae 0
485.821924613943 629.6772494531374 482.089796 415.86374299999994 3.32093238605695 424.22068454686257 7.053061 638.034191 bee-larvae 0
500.600470450703 417.7338961555573 497.9700680000001 267.038237 185.76687654929708 272.4877638444428 188.397279 423.1834230000001 bee-larvae 0
640 264.5680840000001 497.284354 264.5680840000001 497.2843540000001 631.319869 640 631.319869 bee-larvae 0