120.170984 628.5864250000001 118.28958902925055 520.801371254133 50.63611199999998 521.982267 52.51750697074943 629.7673207458671 american-foulbrood 0
211.21065200000004 638.316296 209.79491726397185 557.2088866528704 139.444468 558.4368580000001 140.8602027360282 639.5442673471297 american-foulbrood 0
167.79482099999998 484.52580399999994 165.94469906685896 378.5324140776588 79.518176 380.040995 81.36829793314106 486.0343849223412 american-foulbrood 0
540.869946 225.624554 539.9586964067822 173.41904730465203 491.2721659999999 174.26887299999999 492.1834155932177 226.47437969534795 american-foulbrood 0
604.345002 271.44623900000005 604.0864962902349 227.0129060157647 529.431726 227.44723499999998 529.6902317097652 271.8805679842353 american-foulbrood 0
492.58075900000006 510.8730570000001 491.17478470297567 430.32488906358753 427.18778100000003 431.441787 428.59375529702436 511.9899549364126 american-foulbrood 0
553.222872 574.7116069999998 551.6327874092808 483.615712576388 506.4717119999999 484.404002 508.0617965907191 575.4998964236119 american-foulbrood 0
384.127464 490.961861 382.9050003944338 420.92692814683755 340.81107099999997 421.66168 342.03353460556616 491.69661285316243 american-foulbrood 0
632.6500299999999 636.384342 632.2276561150153 563.7844812334168 539.226406 564.325547 539.6487798849846 636.9254077665831 american-foulbrood 0
200.15073300000006 94.09432699999999 198.8078621489592 17.16131864773672 145.679259 18.088682 147.02212985104083 95.02169035226328 american-foulbrood 0
584.6017489999999 127.800657 584.1756118114073 54.553820440788186 500.9519569999999 55.038001 501.37809418859257 128.2848375592118 american-foulbrood 0
386.2210570000001 72.481198 385.2729345127175 18.16331627322672 335.74029600000006 19.027912 336.68841848728266 73.3457937267733 american-foulbrood 0
493.909917 318.31436500000007 493.14375223421416 274.4208158551594 449.92167699999993 275.17526000000004 450.68784176578583 319.0688091448407 american-foulbrood 0
567.1051989999999 382.07988199999994 566.1511851727296 327.42446928513846 523.3521650000001 328.171529 524.3061788272704 382.8269417148615 american-foulbrood 0
612.665392 389.509465 611.3971389902424 316.8513209433728 566.2536909999999 317.63930300000004 567.5219440097575 390.2974470566272 american-foulbrood 0
208.477328 481.724239 207.50514311854556 426.0278106899494 162.608477 426.81148499999995 163.58066188145443 482.50791331005064 american-foulbrood 0
496.031876 618.681978 495.2586855244102 574.3859504403521 455.17426500000005 575.0856270000002 455.9474554755899 619.381654559648 american-foulbrood 0