648.162979800057 18.85961614131845 0 0 -17.865114811747254 613.9841852604523 630.2978649883097 632.8438014017707 capped-brood-cells 0
647.346908062044 25.962410205423183 2.852163000000001 7.209528999999999 -14.214811075405244 593.7634022537736 630.2799339866388 612.5162834591968 capped-brood-cells 0
220.8115399212127 31.07624273946819 99.61830899999998 27.549880000000016 96.6796630787873 128.54459326053185 217.87289399999997 132.07095600000002 worker-bee 0
475.8571293185388 108.4398166924721 423.041252 106.90303200000005 421.61700568146125 155.85121530752804 474.43288300000006 157.38800000000006 worker-bee 0
556.1321123133453 68.08805054772408 512.773049 67.83579500000008 512.0344106866548 194.79698845227608 555.3934740000001 195.0492440000001 worker-bee 0
343.9041494358972 342.5147041397844 278.84002 342.136172 278.42345456410294 413.7376678602157 343.48758400000014 414.11620000000005 worker-bee 0
416.15373109509227 224.16582507127225 378.10602600000004 223.94447000000002 377.0573259049078 404.2007059287278 415.10503100000005 404.422061 worker-bee 0
344.23039104310374 150.37020643767 288.0014999999999 150.04307600000004 287.53300995689614 230.56959556233008 343.761901 230.89672600000003 worker-bee 0
405.89692614013256 50.01365660080478 351.949195 49.699798000000044 351.3947968598674 144.99277939919529 405.342528 145.30663800000002 worker-bee 0
156.84941875504464 216.99644397785755 133.71437100000003 216.86184800000007 133.42064624495544 267.3487670221426 156.55569400000005 267.48336300000005 worker-bee 0
209.16539087293813 484.6178483985927 177.4334350000001 484.433237 177.13308512706197 536.0589166014073 208.86504100000002 536.243528 worker-bee 0
237.43274732509317 320.96655354241307 189.44327100000004 320.6873590000001 189.03679567490687 390.55454845758703 237.026272 390.833743 worker-bee 0
240.67947663733133 179.88530669774696 195.29460800000007 179.62126500000005 194.9664283626688 236.03049830225316 240.35129700000005 236.29454000000007 worker-bee 0
142.1165051742685 123.10093695803076 91.01171200000003 122.80361800000003 90.51644582573158 207.9326510419693 141.62123900000003 208.22997000000004 worker-bee 0