632.8906850000001 116.89819499999999 630.3751316407869 30.444245996476358 572.5400239999999 32.127076 575.0555773592131 118.58102500352362 worker-bee 0
439.00975199999993 208.46209400000004 433.69441692786654 25.78585034129958 329.31073 28.823105000000005 334.6260650721334 211.49934865870046 worker-bee 0
324.246245 64.95884500000001 322.55280507771397 6.759083595992562 282.882997 7.913357000000001 284.576436922286 66.11311840400745 worker-bee 0
562.712127 66.218051 560.7425343451735 -1.4724756628199867 510.1368149999999 1.7763568394002505e-15 512.1064076548265 67.69052666281999 worker-bee 0
241.799145 240.15018099999998 234.6209698138369 -6.547684995251735 9.591644999999968 9.43689570931383e-16 16.769820186163123 246.69786599525173 worker-bee 0
326.459152 147.63898900000007 245.56583 147.63898900000007 245.56583 223.42238300000005 326.459152 223.42238300000005 worker-bee 0
640 325.8801440000001 407.969872 325.880144 407.969872 639.988448 640 639.988448 worker-bee 0
380.366669 517.475812 376.02806940561214 368.3678051879155 323.953098 369.88303199999996 328.29169759438787 518.9910388120845 worker-bee 0
284.285128 359.901805 281.89276903818484 277.6817634450103 213.138446 279.68230999999986 215.53080496181514 361.9023515549896 worker-bee 0
244.83437199999997 563.269314 238.93980464059985 360.6861657263897 111.84949199999998 364.384116 117.74405935940013 566.9672642736103 worker-bee 0
326.64056099999993 639.9884480000001 321.82126704852186 474.36005359017605 244.318216 476.61516200000005 249.13750995147814 642.2435564098239 worker-bee 0
238.319226 640 235.45978302076827 541.7273265856497 166.08770700000002 543.745848 168.9471499792317 642.0185214143503 worker-bee 0
107.42917500000001 407.43971100000005 103.37449910840934 268.0895489593376 7.889804999999999 270.86787 11.94448089159068 410.2180320406625 worker-bee 0
125.32496999999998 640 122.98077148251693 559.4351228493146 57.114865 561.3516249999999 59.459063517483045 641.9165021506853 worker-bee 0
117.93703500000004 550.05343 113.63293752194453 402.13117273173907 11.787048999999998 405.09458500000005 16.091146478055492 553.016842268261 capped-brood-cells 0
639.6871400000001 322.911191 633.787754364421 120.1624647328619 445.422949 125.64332100000001 451.32233463557907 328.3920472671381 capped-brood-cells 0
435.606259 224.65848400000004 282.188069 224.65848400000004 282.188069 364.280144 435.606259 364.280144 capped-brood-cells 0
238.25131700000009 245.56823100000003 105.84400100000003 245.568231 105.84400100000005 364.30324900000005 238.25131700000009 364.30324900000005 capped-brood-cells 0
322.156916 68.42454900000003 226.091212 68.42454900000003 226.091212 157.40072200000003 322.156916 157.40072200000006 capped-brood-cells 0
518.650431 128.34657 514.9241077875125 0.2811620948152349 441.211059 2.4259929999999983 444.9373822124875 130.49140090518478 capped-brood-cells 0
404.63567500000005 640 401.26217597775735 524.0603396089552 329.786398 526.1400720000001 333.1598970222427 642.0797323910449 capped-brood-cells 0
318.89384899999993 483.153791 315.472633211655 365.57424039565296 242.42742699999997 367.699639 245.84864278834493 485.27918960434704 capped-brood-cells 0