478.12702840469007 479.8911562338551 468.05157499966845 133.62028498860576 -10.075453405021602 147.53236075475058 -1.7763568394002505e-15 493.803232 capped-brood-cells 0
639.6749500000002 8.348877145181177e-14 547.9986608687682 -1.6002156345830496 537.0779376305813 624.0475779935518 628.7542267618134 625.647793628135 wax-sealed-honey-cells 0
542.7786881152737 623.8817037591848 539.88093 524.2922029999999 435.22936088472636 527.3372522408149 438.127119 626.9267529999998 wax-sealed-honey-cells 0
530.314129 5.72185448875419e-14 402.881558 4.9415550378428515e-14 402.881558 71.84533000000006 530.314129 71.84533000000006 wax-sealed-honey-cells 0
406.717917 2.4904289760496443e-14 0 0 2.9902257228533687e-15 48.834092 406.717917 48.83409200000003 wax-sealed-honey-cells 0
442.21372163079525 624.4071645158798 439.8999319999999 544.887377 13.45525536920475 557.2956504841202 15.769044999999998 636.815438 pollen 0
491.1783288258915 526.0055901295542 488.7218600000001 441.5822350000001 395.8192871741086 444.2854238704459 398.2757560000001 528.7087790000002 pollen 0
285.5480351302863 110.3275530005047 283.36853199999996 35.422889 33.191265869713696 42.702303999495285 35.370769 117.606968 pollen 0
639.6749500000002 8.348877145181177e-14 546.1640877142084 -1.6322382292204747 535.2418730000002 624.1010020000002 628.7527352857919 625.7332402292208 wax-sealed-honey-cells 0
536.8095010000001 511.76280600000007 430.246954545473 509.9027491978786 428.19925000000006 627.215624 534.7617964545271 629.0756808021215 wax-sealed-honey-cells 0
549.1766739999999 6.572520305780927e-14 461.117116871496 -1.5370850129588423 459.14725899999996 111.31601700000004 547.2068161285039 112.85310201295897 wax-sealed-honey-cells 0
453.173 2.7748843195500175e-14 0 0 3.2544522709233832e-15 53.149239 453.173 53.14923900000003 wax-sealed-honey-cells 0
520.8316959796232 373.77835020554477 513.037344 105.90384899999998 -6.140750979623203 121.01038879445528 1.6536010000000019 388.88489000000004 capped-brood-cells 0
433.19176012759203 515.4007356586518 429.34118700000005 383.06511500000005 -3.8505731275920105 395.66970734134816 0 528.005328 capped-brood-cells 0
634.026305 323.61068100000006 553.3443570442246 322.20237199276454 551.8073970000002 410.25473100000005 632.4893449557756 411.66304000723557 worker-bee 0
545.8402170000002 324.81675500000006 496.41154864790366 323.95397456965884 493.66479300000003 481.315534 543.0934613520965 482.1783144303413 worker-bee 0
633.1864023935063 280.9850579360626 631.9888680000001 239.828483 565.9932806064938 241.74875906393743 567.190815 282.90533400000004 worker-bee 0
637.5590779092794 176.80048934470108 636.575784 143.00685699999997 587.8936240907207 144.42336265529886 588.876918 178.21699499999997 worker-bee 0
639.9515533018791 121.72794529913202 638.090097 57.753837000000004 558.7825866981208 60.06144970086797 560.6440429999999 124.03555799999998 worker-bee 0
556.8624909063386 97.92803495569405 555.1931879999999 40.55780300000001 462.4227650936612 43.257146044305955 464.0920679999999 100.627378 worker-bee 0
414.3409640275405 54.448832137549054 412.98043099999995 7.690348 311.65507797245937 10.638614862450947 313.0156109999999 57.397099 worker-bee 0
93.95239800000006 259.449426 5.709382993353639 257.9091392858852 4.078181000000019 351.36069 92.32119600664643 352.9009767141148 worker-bee 0
194.81137218718504 457.19185330183564 194.01890599999996 429.95655399999987 137.98318781281492 431.58702669816427 138.775654 458.822326 worker-bee 0
336.143389675741 373.84186564590726 335.51436400000006 352.22365700000006 282.1271513242591 353.7770663540929 282.75617700000004 375.3952750000001 worker-bee 0
256.0797493775058 284.0643647966383 255.13532700000002 251.60668899999996 210.8432586224942 252.89545720336176 211.787681 285.35313300000007 worker-bee 0
360.49641899954935 239.60681752513705 359.448632 203.59671199999997 274.65012300045055 206.06409647486294 275.6979099999999 242.07420200000004 queen-bee 0
537.4202139775333 293.2071546440374 536.26862 253.62943699999994 450.41214302246664 256.12760535596254 451.56373700000006 295.705323 worker-bee 0
504.23785688826234 201.12350906587253 503.578352 178.457789 461.5784161117376 179.67986193412747 462.237921 202.34558200000004 worker-bee 0