642.3072152656496 374.38700791451026 639.9999999975058 295.0931359142811 553.4776617318562 297.6106779997708 555.784877 376.90455 worker-bee 0
358.3976247455976 100.84489672604079 355.427332611593 -1.2374249656865786 -2.323033134004606 9.172047308272619 0.647259 111.25436899999998 worker-bee 0
270.0463059700423 305.87322451275696 263.835613 92.42554700000001 2.989468029957733 100.01539448724307 9.200161000000001 313.46307200000007 worker-bee 0
155.60314929228093 575.6113269758796 154.024484 304.261863 1.7752967077190736 305.14762302412026 3.3539619999999997 576.497087 worker-bee 0
74.22266614582215 433.2150669766137 73.886339 375.40529100000003 36.842592854177866 375.6208050233863 37.17892 433.430581 bee-larvae 0
633.6055324588958 281.155202686238 631.9645357818378 -0.9082803156407779 475.844348 0 477.4853446770581 282.0634830018788 bee-larvae 0
485.5426502829123 271.59664259967514 485.137286 201.92051100000003 424.1360097170877 202.27540640032493 424.5413739999999 271.9515380000001 bee-larvae 0
556.5201206902102 625.532576350872 554.570201 290.369901 485.09539630978986 290.7740936491282 487.04531600000007 625.936769 bee-larvae 0
487.1237018124689 625.9344876235601 484.942958 550.987187 339.1680641875311 555.2288033764398 341.3488080000001 630.176104 bee-larvae 0
312.51882491287944 599.6639362831374 312.16147499999994 538.240733 265.3640270871205 538.5129927168624 265.721377 599.9361959999999 bee-larvae 0
473.3496273709312 550.9428488916254 470.1383389217059 -1.0306381057611833 292.98673155077466 2.613517402494381e-9 296.19802 551.9734870000001 capped-brood-cells 0
290.1679417794572 627.9689710682395 287.74554800000004 211.594787 159.5453312205429 212.3406339317606 161.96772500000003 628.7148180000002 capped-brood-cells 0