282.690626 586.7369060000001 277.2159778028716 398.58542038974986 193.593211 401.0185940000001 199.06785919712846 589.1700796102502 american-foulbrood 0
384.624479 633.810909 381.0374844053815 510.5339028681221 290.46950400000003 513.1691620000001 294.0564985946185 636.446168131878 american-foulbrood 0
78.55141100000002 560.154841 75.68988206677278 461.81045776334935 13.767185000000005 463.6122240000001 16.62871393322723 561.9566072366507 american-foulbrood 0
69.457273 132.36648 66.23504813113396 21.625779900925266 0.6877239999999882 23.533012 3.909948868866036 134.27371209907471 american-foulbrood 0
244.127863 144.81444 242.92346092380632 41.30843909569022 109.11452100000002 42.865448 110.3189230761937 146.37144890430977 american-foulbrood 0
479.8743259999999 220.88937599999997 476.596772126004 108.24715504041833 411.47867999999994 110.141898 414.7562338739959 222.78411895958163 american-foulbrood 0
403.68444 213.735435 402.5701090667028 117.9700622780897 276.214828 119.44033899999997 277.3291589332972 215.2057117219103 american-foulbrood 0
431.079158 79.901951 428.82489887098063 2.428063082517813 390.217853 3.551413 392.47211212901937 81.02530091748218 american-foulbrood 0
519.5736490000002 315.3368080000001 518.5320636128097 279.539824674203 486.297922 280.477742 487.3395073871905 316.2747253257971 american-foulbrood 0
640.765798467279 325.1887901211972 639.9999999999999 259.376281 603.0655189991637 259.80605292813146 603.8313174664428 325.61856204932866 american-foulbrood 0
613.872269 368.93960300000003 612.3581246056558 316.90184191810295 572.6243440000001 318.057977 574.1384883943442 370.0957380818971 american-foulbrood 0
641.1471763601411 605.0868144172956 639.9999999999999 506.49855000000014 615.8454079958674 506.7796136448444 616.9925843560086 605.3678780621399 american-foulbrood 0
549.349091 532.1556869999998 547.1389415888915 456.1977692941372 481.68700199999995 458.10222599999986 483.89715141110844 534.0601437058626 american-foulbrood 0
621.337146 471.799173 619.1403991066236 396.30188149376204 562.3744489999999 397.953602 564.5711958933763 473.45089350623795 american-foulbrood 0
499.79369499999996 634.0782050000003 497.55973601714453 557.3019943613943 439.911475 558.9793870000001 442.14543398285537 635.755597638606 american-foulbrood 0
539.178096 97.809392 538.6570147712903 53.02776348705973 485.13648499999994 53.65053099999998 485.65756622870964 98.43215951294025 american-foulbrood 0
623.8915999999999 107.127577 622.4603769658855 57.93959964209377 581.9396709999999 59.11863099999999 583.3708940341143 108.30660835790623 american-foulbrood 0