369.79637239932435 197.98398605216425 16.429450000000024 189.75927900000002 12.245983600675721 369.4980389478359 365.61290600000007 377.7227460000001 bee-larvae 0
384.88069970760466 131.33336104078353 238.02095000000003 127.91516200000001 236.09288629239535 210.75262995921656 382.952636 214.17082900000003 bee-larvae 0
630.0994981514013 53.099323320063135 329.84120800000005 46.110734000000036 327.78472684859867 134.46554867993697 628.0430170000001 141.45413800000009 bee-larvae 0
638.5074623675384 143.1645711946549 388.559658 140.25616500000004 385.41261463246155 410.71239680534524 635.360419 413.6208030000001 bee-larvae 0
344.292625478073 369.53013143667556 266.27451500000006 368.622308 265.27280652192707 454.7088745633244 343.290917 455.616698 bee-larvae 0
440.8345353981133 446.32836449163176 351.6729250000002 444.253105 350.4725616018868 495.8256115083683 439.6341719999999 497.90087100000005 bee-larvae 0
636.4826795477849 408.1652456856674 500.5170170000001 405.0006100000001 498.39974445221526 495.9672783143328 634.3654070000001 499.13191400000017 bee-larvae 0
254.66533884124087 411.31144419877927 23.074736604455786 408.61664399539745 20.385280964089326 639.7479355323165 251.97588320087442 642.4427357356983 capped-drone-cells 0
623.4308400215201 466.19852535269325 258.29158956140185 461.94974599489655 256.22595976066384 639.4695590173144 621.365210220782 643.718338375111 capped-drone-cells 0
231.567953303094 5.3898043774522435 14.043773999999999 0.3268720000000017 9.702752696906023 186.8348136225478 227.22693200000003 191.89774600000004 capped-drone-cells 0
332.2217090483887 6.580029689110834 232.53726800000004 5.420096000000029 231.2716189516114 114.18969131088926 330.95606000000004 115.34962500000005 capped-drone-cells 0