468.3659867321785 396.5773786933855 304.41227600000013 394.66960500000005 303.4852842678216 474.33509930661455 467.43899500000003 476.24287300000003 queen-bee 0
248.39910354610703 8.703604231187677 63.14537100000001 6.547982000000009 61.46836545389299 150.6694947688124 246.72209799999996 152.82511700000006 worker-bee 0
618.1275851537961 7.1925660160363405 305.265848 3.552090000000038 303.04299684620383 194.58344698396377 615.904734 198.22392300000007 worker-bee 0
447.90830941714233 204.22668372405056 223.61688100000003 201.61681600000003 221.60911258285756 374.16396927594946 445.90054099999986 376.773837 worker-bee 0
236.401473 542.3582269999999 234.08643268321123 144.43655317460775 22.011654999999948 145.67036799999997 24.32669531678876 543.5920418253922 worker-bee 0
321.43470528462757 421.67214555255714 239.56184200000007 420.719469 238.86367471537255 480.719848447443 320.736538 481.67252500000006 worker-bee 0
470.04199840382785 482.5135772417564 236.04532900000007 479.79078000000004 234.97897659617234 571.4328997582437 468.97564600000004 574.155697 worker-bee 0
640 405.06291800000014 526.696519 405.06291800000014 526.696519 639.111116 640 639.111116 worker-bee 0
640 196.37918200000004 540.152692 196.37918200000004 540.152692 370.9994240000001 640 370.9994240000001 worker-bee 0
536.484511 522.6222629999999 535.2928570334161 317.7944568368737 455.953494 318.25604000000004 457.14514796658375 523.0838461631263 capped-brood-cells 0
227.2996181529811 142.47205331663426 111.09954100000003 141.119943 110.17079484701898 220.9361926833658 226.37087200000002 222.28830300000004 capped-brood-cells 0
83.743101 124.04883000000001 83.01859641679131 -0.48298783908573106 -2.1093880487430615e-15 1.2272054930208551e-17 0.7245045832086888 124.53181783908575 capped-brood-cells 0
292.91221299999995 130.12646499999997 292.1905272893956 6.079144187680575 240.288181 6.3811029999999995 241.00986671060434 130.4284238123194 capped-brood-cells 0
488.30449999999996 278.96186500000005 487.97835525854293 222.9024403264661 442.821271 223.16515700000002 443.14741574145705 279.224581673534 capped-brood-cells 0
79.00146161492148 388.5705076144803 2.2633040000000477 387.677578 1.560263385078616 448.09672038551975 78.29842100000006 448.98965000000004 capped-brood-cells 0