639.335390902206 103.21485036322349 580.7536017377447 99.75875147566748 576.4882916271749 172.05688464486624 635.0700807916362 175.51298353242228 small-hive-beetle 0
637.5270540534749 232.93748114544243 637.016985 183.654209 593.2149527941755 184.10754864517548 593.7250218476504 233.39082079061794 small-hive-beetle 0
627.6839913978237 398.8465857426112 611.6683787375998 345.75708118491343 511.5481148973706 375.9605531981405 527.5637275575943 429.05005775583834 small-hive-beetle 0
507.12254553673097 68.72315215801282 471.4113705677735 5.85544597669994 398.18526192773766 47.45057544425967 433.89643689669515 110.31828162557255 small-hive-beetle 0
414.030687832729 32.62271489295407 358.6981138002342 22.072937155748185 348.7071361398124 74.47465829368664 404.0397101723072 85.02443603089253 small-hive-beetle 0
504.54174812420007 131.9932261939228 501.0246040119378 92.55652938495959 427.15986214775694 99.14412324987816 430.6770062600192 138.58082005884134 small-hive-beetle 0
417.91183991931246 129.45448094459445 385.8255364778769 62.74181257186143 332.03232621397495 88.61433888085205 364.1186296554105 155.32700725358507 small-hive-beetle 0
477.12068445949444 139.72286347972783 423.6205630406068 130.00452175551123 415.2552332475633 176.0562219670452 468.75535466645096 185.7745636912618 small-hive-beetle 0
482.13074049437853 180.950659313132 420.6228348103723 179.8770361547201 419.6629049180624 234.8714509238546 481.17081060206874 235.94507408226656 small-hive-beetle 0
537.0773510761261 253.6026058416937 511.52444234501024 211.28392723461468 433.0494966206892 258.66875095256046 458.60240535180503 300.9874295596395 small-hive-beetle 0
419.3016572432898 214.51749408729782 413.6300317582903 150.92323750076707 355.53849081041096 156.1041057393097 361.2101162954105 219.69836232584044 small-hive-beetle 0
365.1548632676849 154.19799033692647 341.13116431889057 111.05308262929955 249.54609168507807 162.04895514496224 273.5697906338724 205.19386285258915 small-hive-beetle 0
327.3529057527383 113.67646558029294 317.72160373939863 64.426582979385 213.38934817457456 84.82978822599475 223.02065018791424 134.07967082690266 small-hive-beetle 0
407.753144 7.74248500000005 340.6163397053269 5.6146707150599475 339.8306589840662 30.40447177745049 406.96746327873933 32.5322860623906 small-hive-beetle 0
618.3257957303383 343.4591653717987 610.9781625513635 296.63165180181875 506.266614270795 313.061779897737 513.6142474497697 359.8892934677169 small-hive-beetle 0
515.8608133032666 305.8920863340328 430.70973209473186 287.7656846025516 423.78639621122517 320.2889368609725 508.93747741975983 338.41533859245374 small-hive-beetle 0
431.9728826919862 262.6759647256837 376.65153492709305 234.99306974925366 342.1271438341099 303.9864263924903 397.44849159900303 331.66932136892024 small-hive-beetle 0
408.5719091248786 236.23248178251853 316.44001898780857 191.571150168053 297.01301898638746 231.64712115061258 389.14490912345747 276.30845276507813 small-hive-beetle 0
455.02465187319285 231.1891790950461 404.7313986454211 218.31084911508114 397.76752711251044 245.50659227395465 448.06078034028224 258.3849222539196 small-hive-beetle 0
348.17880666337715 286.36779468149496 285.601301103184 216.6747284799468 245.27336422356876 252.88524168964096 307.8508697837619 322.57830789118907 small-hive-beetle 0
218.0402434809141 221.35008150153877 97.94818576707235 219.25386852222135 97.18460483634342 262.9994259188512 217.27666255018516 265.0956388981686 small-hive-beetle 0
244.717805124031 291.84850105611804 217.09851884355018 251.97260366236787 149.61147341866845 298.7162295025166 177.23075969914927 338.5921268962668 small-hive-beetle 0
124.34423931102569 270.5124479717115 66.908774963175 236.45470308170775 28.191945733936464 301.74731338340854 85.62741008178716 335.80505827341227 small-hive-beetle 0
57.73690800000003 215.696198 2.7440591268556552e-14 215.696198 3.1068244976810374e-14 274.940279 57.73690800000003 274.940279 small-hive-beetle 0
300.6009234601342 329.65480191588983 264.95630195470665 275.03061258449833 218.3415943327912 305.4487044611401 253.9862158382187 360.0728937925316 small-hive-beetle 0
383.0490753214559 376.1004005496477 382.2152177089314 328.3286821678436 269.4307965934934 330.29733959334465 270.26465420601795 378.06905797514867 small-hive-beetle 0
363.2772679985404 318.7288447026961 346.0102348019203 282.82785823120497 297.25344052142344 306.27805467833196 314.52047371804355 342.1790411498231 small-hive-beetle 0
499.4901540924242 339.5023611969127 428.63229147418787 322.93051523409963 419.09486917748904 363.7106045704402 489.9527317957254 380.2824505332532 small-hive-beetle 0
416.89898502297194 452.4696110239066 401.74442723092375 402.23438161980175 292.42236674748256 435.21377682102525 307.5769245395308 485.4490062251302 small-hive-beetle 0
462.49884994145975 429.43269602417433 437.97996441136627 355.8676525868691 374.4356759077044 377.0466672807206 398.9545614377978 450.61171071802585 small-hive-beetle 0
332.4734747257427 379.9577841816939 271.1705088064884 375.6129798890731 268.4650105249015 413.7861766041483 329.7679764441558 418.1309808967692 small-hive-beetle 0
223.32557077827187 454.3982533833848 163.07312311721137 422.69275484702564 129.2485072091623 486.97232759425896 189.5009548702228 518.6778261306181 small-hive-beetle 0
139.00645745688908 448.6523348678148 84.91085050535386 383.29304937582197 39.71930223664788 420.6965218017061 93.8149091881831 486.055807293699 small-hive-beetle 0
151.41514601912382 485.2073007828722 59.789755927576095 459.62105933469604 42.71644984564293 520.7612753792465 134.34183993719066 546.3475168274226 small-hive-beetle 0
60.81358000000006 453.059936 5.625055215544671e-14 453.059936 5.965972758885352e-14 508.735996 60.81358000000006 508.735996 small-hive-beetle 0
482.3690349430534 512.927963211409 384.4498886633834 508.1528195261166 382.24153702630736 553.4373012588484 480.1606833059775 558.2124449441408 small-hive-beetle 0
447.4232529046683 437.2499012103908 393.7906634931762 437.0015820883382 393.58606951105753 481.1903056482753 447.2186589225497 481.43862477032803 small-hive-beetle 0
494.2626032042796 485.99145327508984 484.10709354761866 432.302229206255 441.6107235501732 440.3405702954981 451.76623320683416 494.02979436433293 small-hive-beetle 0
481.2680402039366 488.2460843739952 430.951583872451 468.99491571660246 417.1911980165264 504.96020521907326 467.507654348012 524.211373876466 small-hive-beetle 0
484.0434316696143 421.69756931377617 476.2226096671119 364.9078126181008 433.1410383109263 370.84080688976826 440.9618603134287 427.6305635854436 small-hive-beetle 0
318.9316485749823 437.5879623754127 250.93435571945832 432.76870416385657 248.10387629101024 472.7053355226425 316.10116914653423 477.5245937341986 small-hive-beetle 0
279.10538825879723 463.00481756970663 206.30061732034423 454.55021340106697 198.9640879856355 517.7269543865239 271.7688589240885 526.1815585551635 small-hive-beetle 0
386.631145599786 489.8048836575782 315.52532185679496 470.9930873294336 304.4838494205205 512.7282294297233 375.5896731635116 531.540025757868 small-hive-beetle 0
331.9826203515223 520.6557559720217 326.46297747365935 484.05393434811407 270.02150987139044 492.5654436349499 275.5411527492534 529.1672652588576 small-hive-beetle 0
385.01553672528553 558.471152243594 381.38790684687467 517.7956051670994 255.8851740944435 528.9885084192362 259.5128039728544 569.6640554957307 small-hive-beetle 0
563.6169947138769 594.9396341478955 448.84327946312914 586.2473773767066 445.8199821285226 626.1673977505425 560.5936973792703 634.8596545217314 small-hive-beetle 0
632.807464 622.530058 543.915435 622.530058 543.915435 640 632.807464 640 small-hive-beetle 0
125.50961000000008 587.900022 42.27060500000008 587.900022 42.27060500000009 640 125.50961000000008 640 small-hive-beetle 0
77.9738133551756 576.92366344202 59.439237569711366 536.9966416368311 -15.002894006030147 571.5535223391821 3.5316817794340807 611.480544144371 small-hive-beetle 0
208.96372027972714 504.9992832805367 141.68829380937683 503.8249868902118 140.57564695729033 567.5685120357675 207.85107342764064 568.7428084260924 small-hive-beetle 0
270.55387322688017 557.4042249484858 267.43995169459345 519.2275616840907 198.3934160659753 524.8594183116519 201.50733759826204 563.0360815760471 small-hive-beetle 0
42.39108400000006 511.401154 6.266153712331534e-14 511.401154 6.566160214841177e-14 560.395934 42.39108400000007 560.395934 small-hive-beetle 0
118.4014 550.303033 113.29132559046397 521.2336825966136 43.08630996577637 533.5749578155809 48.196384375312405 562.6443082189674 small-hive-beetle 0
138.43328999999997 3.0414890000000088 53.80887859000735 0.8780570790563382 53.13884213090482 27.087081927896932 137.76325354089744 29.2505138488406 small-hive-beetle 0