315.16715124822014 345.7285374169304 218.96512063250975 329.03199018208306 190.76738644094843 491.50146664537374 286.96941705665887 508.1980138802211 bee-larvae 0
302.89109576243425 363.9501677323186 295.584551966585 310.16064594372244 263.57458618860807 314.5087458911365 270.8811299844573 368.2982676797327 varroa-mites 0
305.2550693712472 453.5682130467654 275.928144 421.92410900000016 240.23902184869752 454.9998510197386 269.56594721994475 486.64395506650396 varroa-mites 0
243.99201599999998 499.7569669999999 236.36823687996292 447.14258435283216 210.65577076530562 450.8682987378918 218.2795498853427 503.48268138505955 varroa-mites 0
255.18982591710426 520.319538453161 156.56333802725297 513.2504115060284 147.7001630186889 636.9069576658549 246.3266509085402 643.9760846129875 bee-larvae 0
255.51010815735182 592.6602618517129 227.28490827238628 553.8332248247046 200.70670228717148 573.1541731627055 228.93190217213703 611.9812101897138 varroa-mites 0
270.22865906185035 210.7960475457229 178.6984593613165 181.57728909702087 134.83276776600744 318.9902294438763 226.36296746654128 348.2089878925783 bee-larvae 0
371.26535440895765 167.86784710602717 280.29320285981134 156.11714541385194 260.8226371414474 306.85531422109113 351.7947886905937 318.6060159132664 bee-larvae 0
418.0908101422164 0.2705127761030237 333.21221943066007 -2.701899031804773 328.6594656754871 127.30408518874162 413.5380563870434 130.27649699664943 bee-larvae 0
545.8160628546434 1.972094649126909 452.47484763451143 -8.156759454489226 434.7020163697955 155.62659167095268 528.0432315899276 165.7554457745688 bee-larvae 0
640 7.3816919642668e-14 551.25 6.838254947145162e-14 551.25 165.77130600000007 640 165.77130600000007 bee-larvae 0
638.75 347.3982920000001 638.125001 173.571504 603.4392928899496 173.69621741806694 604.0642918899496 347.523005418067 bee-larvae 0
81.25000000000003 319.744914 4.093730668819021e-14 319.744914 5.172878773800517e-14 495.98317399999996 81.25000000000006 495.98317399999996 bee-larvae 0
128.1196411755425 639.2375364242267 127.13514206219757 524.142929729953 33.32825758401406 524.9453373948033 34.312756697359006 640.039944089077 bee-larvae 0