523.17177 4.853274000000032 5.943546469485072e-16 4.853274 3.948587489618956e-14 640 523.17177 640 capped-brood-cells 0
638.2583864281368 321.7072546919893 469.37746200000004 320.7247340000001 467.5199724324581 639.9999999966982 636.4008968605948 640.9825206886875 pollen 0
478.43218261424084 407.07323117426 408.40911400000005 406.665849 407.9431503857593 486.75821482574 477.96621900000014 487.16559700000005 bee-larvae 0
395.73044729321214 549.8927342236578 339.5265410000001 549.5657489999999 339.087738706788 624.989349776342 395.291645 625.316335 bee-larvae 0
538.9732444834582 286.60381798140946 493.5076040000001 286.33930700000013 493.02584251654207 369.14719001859066 538.4914830000001 369.4117010000001 bee-larvae 0
520.2375996234974 3.0266534557295617 0 0 -3.702938623497322 636.4811595442706 516.5346610000001 639.5078130000002 capped-brood-cells 0
547.4867296448383 270.6042321033797 499.11966299999995 270.32284100000004 498.67610435516167 346.56416589662047 547.043171 346.84555700000004 bee-larvae 0
472.43495160205293 412.172007004953 427.3880730000001 411.9099320000001 427.0263583979472 474.08340699504714 472.07323700000006 474.34548200000006 bee-larvae 0
387.45603760748133 545.3648972691676 334.3928490000001 545.056185 333.8930093925188 630.9714077308325 386.95619800000003 631.2801200000001 bee-larvae 0
630.6539261896198 65.774040486701 579.205965 65.47472500000008 578.3398978103803 214.3390275132992 629.7878590000001 214.63834300000008 capped-brood-cells 0
586.3604670629804 252.21513482138323 552.410795 252.01762100000002 552.1263999370195 300.90087917861683 586.076072 301.09839300000004 capped-brood-cells 0
70.20070395751269 41.85619091600316 29.700390000000006 41.620567 29.270574042487326 115.49966008399684 69.77088800000001 115.73528400000001 bee-larvae 0
35.19933177023919 155.59024329028333 4.210909000000019 155.40995799999996 3.8873482297608533 211.02535470971662 34.87577100000002 211.20564 bee-larvae 0
29.41882506337152 578.4637806920898 7.105427357601002e-14 578.292627 -0.2921450633713669 628.5081053079102 29.126680000000086 628.679259 bee-larvae 0