328.503073 204.51390700000005 278.392435 204.51390700000005 278.392435 282.649007 328.503073 282.649007 american-foulbrood 0
272.544681 374.050331 219.75602800000004 374.050331 219.75602800000004 450.108609 272.544681 450.108609 american-foulbrood 0
162.14089800000005 392.58278099999995 113.86099300000005 392.58278099999995 113.86099300000005 441.621192 162.14089800000005 441.621192 american-foulbrood 0
168.19290800000005 268.07947 125.20851100000003 268.07947 125.20851100000003 337.75894 168.19290800000005 337.75894 american-foulbrood 0
447.992435 32.31788100000006 407.005201 32.31788100000006 407.005201 96.10596000000004 447.992435 96.10596000000004 american-foulbrood 0
599.232151 360.7947020000001 556.399054 360.7947020000001 556.399054 445.8596030000001 599.232151 445.8596030000001 american-foulbrood 0
423.784397 326.357616 378.621277 326.357616 378.621277 399.21589400000005 423.784397 399.21589400000005 american-foulbrood 0
190.76690300000007 439.660927 145.45248200000006 439.660927 145.45248200000006 491.560265 190.76690300000007 491.560265 capped-brood-cells 0
219.81262557952363 381.2312887079479 170.91480711862633 378.05760768537186 166.56354486402248 445.0987596750798 215.46136332491977 448.2724406976559 chalk-brood 0
390.0293140000001 450.956291 252.36122900000004 450.956291 252.36122900000004 613.647682 390.0293140000001 613.647682 american-foulbrood 0
312.0792943481629 443.9455623600923 306.09522085004267 381.0830730105615 259.0135865805088 385.5649184289631 264.997660078629 448.42740777849383 chalk-brood 0
31.773050000000048 377.21854300000007 4.684476765385927e-14 377.21854300000007 5.0737684634930925e-14 440.794702 31.773050000000055 440.794702 chalk-brood 0
168.18534300000005 501.27682100000004 24.419858000000065 501.27682100000004 24.419858000000076 612.535099 168.18534300000005 612.535099 capped-brood-cells 0
100.41796700000005 336.529801 17.354137000000044 336.529801 17.354137000000048 383.025166 100.41796700000006 383.025166 capped-brood-cells 0
102.03687900000006 445.319205 49.626478000000056 445.319205 49.626478000000056 496.074172 102.03687900000006 496.074172 capped-brood-cells 0
494.108747 41.25033100000006 455.11867600000005 41.25033100000006 455.11867600000005 95.86225200000004 494.108747 95.86225200000004 capped-brood-cells 0
492.429314 143.36423800000006 452.955083 143.36423800000006 452.955083 202.32053000000005 492.429314 202.32053000000005 capped-brood-cells 0
518.65721 91.34834400000005 476.353664 91.34834400000005 476.353664 145.79072800000006 518.65721 145.79072800000006 capped-brood-cells 0
639.992435 333.7112580000001 595.313475 333.7112580000001 595.313475 427.1258280000001 639.992435 427.1258280000001 american-foulbrood 0
242.40567400000003 212.19602600000002 13.321986000000026 212.196026 13.321986000000031 284.672848 242.40567400000006 284.672848 empty-cells 0
173.019385 158.527152 83.91867600000003 158.527152 83.91867600000003 214.580132 173.019385 214.580132 american-foulbrood 0
331.143262 5.923179000000033 199.920567 5.923179000000025 199.920567 202.14039700000004 331.143262 202.14039700000006 empty-cells 0
465.05910200000005 172.64106000000004 347.18108700000005 172.64106000000004 347.18108700000005 331.00927200000007 465.05910200000005 331.0092720000001 empty-cells 0
639.992435 4.524503000000071 519.663357 4.524503000000064 519.663357 255.29006600000005 639.992435 255.29006600000005 empty-cells 0
471.512057 443.89933800000006 374.407565 443.899338 374.4075650000001 639.989404 471.51205700000014 639.989404 empty-cells 0
630.44539 568.233113 472.2609930000001 568.233113 472.2609930000001 640 630.44539 640 empty-cells 0
632.056738 438.25165600000014 496.461466 438.25165600000014 496.46146600000003 503.9894040000001 632.056738 503.9894040000001 empty-cells 0