637.4926419990229 118.89758030253316 556.8312948706756 117.02016649654233 552.5221326377964 302.15933485117216 633.1834797661437 304.036748657163 bee-larvae 0
625.4473539237454 220.32216183736892 602.862176246445 219.79648505785946 602.1532706604208 250.2539053603595 624.7384483377213 250.77958213986898 varroa-mites 0
588.6126694621483 225.05546021199143 557.7210130461624 55.27742921715742 420.0324026337221 80.33031279892705 450.9240590497081 250.1083437937611 bee-larvae 0
539.7053753462569 217.71955677106894 469.8944693693302 214.3332608418818 458.976494841428 439.4150933705628 528.7874008183547 442.80138929975 bee-larvae 0
506.6281151247516 157.48229605241158 488.6442237993648 156.33052172703293 485.9027704831881 199.1357809044629 503.886661808575 200.28755522984153 varroa-mites 0
466.87151696346507 299.2909986294016 446.61043001621783 297.8430684060868 443.8694211205666 336.1983832297709 464.13050806781376 337.64631345308567 varroa-mites 0
461.29342241007964 223.9821265139712 457.88664500000004 207.18444499999998 448.7684198358435 209.03373375353613 452.1751972459231 225.83141526750734 varroa-mites 0
444.12430509676506 159.98262332838596 443.407322 135.791706 438.6811487082763 135.93178280306412 439.3981318050413 160.12270013145007 varroa-mites 0
574.465184399124 458.7775103513587 558.238443 426.42124 536.9397877476591 437.1025628835047 553.1665291467831 469.4588332348634 varroa-mites 0
484.90202514932804 473.0572298562513 468.05501059686674 470.4292881041581 462.85970774992575 503.7349512137547 479.706722302387 506.3628929658479 varroa-mites 0
452.903584440959 436.9916399732026 435.1380192251303 426.2091164624268 415.73503178417127 458.1779814892242 433.50059699999997 468.96050500000007 varroa-mites 0
242.07199640426592 262.8740675079487 219.30693807047828 119.67329049582065 120.96363461972126 135.30722130615595 143.72869295350893 278.507998318284 bee-larvae 0
155.4308518826699 175.65579817999605 143.9066354441907 174.8785493075856 141.43656573739648 211.50210571230224 152.9607821758757 212.27935458471273 varroa-mites 0
61.830292000000014 105.69371700000002 1.294374722140362e-14 105.69371700000002 2.4819714244203508e-14 299.642977 61.83029200000003 299.642977 bee-larvae 0
49.53081937364574 180.23885355757483 39.064093545407445 171.7995725396728 31.287040000000033 181.44497800000005 41.75376582823833 189.88425901790202 varroa-mites 0
43.39364548221624 118.22326590770005 24.772890120999147 113.83040593069924 21.330642638782905 128.4216400229992 39.951398000000005 132.8145 varroa-mites 0
114.170763923708 370.7820037744607 96.2774078168181 368.0327249462629 92.62662111062016 391.79343845931203 110.51997721751005 394.54271728750984 varroa-mites 0
350.0053851615196 474.9395626345421 275.1368006247904 466.17261468837086 255.0165885159077 637.9965847198899 329.8851730526369 646.7635326660611 bee-larvae 0