224.404866 62.512895000000015 13.56301700000001 62.512895 13.563017000000016 228.554745 224.404866 228.554745 capped-drone-cells 0
262.516788 214.89829700000004 130.359124 214.898297 130.35912400000004 383.525061 262.516788 383.525061 capped-drone-cells 0
291.50365000000005 387.293431 113.67396600000005 387.293431 113.67396600000005 508.644282 291.5036500000001 508.644282 capped-drone-cells 0
433.96983000000006 338.35912399999995 333.90559600000006 338.35912399999995 333.90559600000006 473.023844 433.9698300000001 473.023844 capped-drone-cells 0
473.7401460000001 489.62335800000005 400.6462290000001 489.623358 400.6462290000001 612.235523 473.7401460000001 612.235523 capped-drone-cells 0
407.46666700000003 598.618005 212.66374700000006 598.618005 212.66374700000006 639.992214 407.46666700000003 639.992214 capped-drone-cells 0
568.159611 359.48223800000005 519.653528 359.48223800000005 519.653528 415.8364960000001 568.159611 415.8364960000001 capped-drone-cells 0
638.575182 371.7216550000001 574.154745 371.7216550000001 574.154745 436.54695900000013 638.575182 436.54695900000013 bee-larvae 0
519.295377 59.164964000000055 438.46228699999995 59.164964000000055 438.46228699999995 241.80632600000007 519.295377 241.80632600000007 bee-larvae 0
346.16837 3.5853367545276674e-14 239.361557 2.9313336461897677e-14 239.361557 62.81654500000003 346.16837 62.81654500000003 capped-drone-cells 0
386.76399 199.31094900000005 241.588321 199.31094900000005 241.58832100000006 237.66423400000005 386.76399 237.66423400000005 capped-drone-cells 0