448.5374361138387 164.02161951355998 407.5812689999999 163.30672700000005 406.35033788616136 233.8267274864401 447.30650500000013 234.54162000000002 american-foulbrood 0
545.6295153316183 12.972468255242358 486.81771999999995 11.603609000000057 485.55569366838154 65.82542474475775 544.367489 67.19428400000005 american-foulbrood 0
638.4799119925387 101.81834583997572 585.3733599999999 100.89136700000009 583.9084790074612 184.81429516002441 637.015031 185.74127400000006 american-foulbrood 0
560.3479939170176 166.68353604993112 520.014193 165.97950700000007 519.1298170829824 216.645373950069 559.463618 217.34940300000005 american-foulbrood 0
449.1712146924541 40.183274460207116 371.803857 38.832822000000036 369.5356013075458 168.78108353979297 446.90295899999995 170.13153600000004 american-foulbrood 0
344.8720764406809 61.035443603331046 296.812959 60.196569000000025 295.799570559319 118.25358239666905 343.858688 119.09245700000005 american-foulbrood 0
307.0688171529121 7.147106308825016 258.095272 6.007234000000033 257.18113184708784 45.28240869117505 306.15467699999994 46.422281000000034 american-foulbrood 0
353.6664111512914 454.3594646567244 244.64487600000007 451.82196 243.43881684870868 503.6391733432755 352.46035200000006 506.176678 american-foulbrood 0
538.58344517455 506.23595877601383 388.26300300000014 502.7372110000001 385.4635448254503 623.0133262239864 535.7839870000001 626.5120740000001 american-foulbrood 0
179.23704752983124 415.97170024442073 120.33508000000006 414.94356300000004 118.5620014701689 516.5232057555794 177.46396900000005 517.551343 american-foulbrood 0
234.70974691047212 553.2554388886974 185.93690800000005 552.404106 184.75255208952802 620.2558251113026 233.52539100000007 621.107158 american-foulbrood 0
151.96601408206152 83.60677121211005 82.68939800000001 82.39754399999998 81.22459691793853 166.31598478788993 150.50121300000004 167.525212 american-foulbrood 0
47.94758624304354 156.10999569490545 6.802998000000018 155.391814 5.829421756956501 211.16794130509453 46.97401000000002 211.88612299999994 american-foulbrood 0
135.03597058902665 309.12082729144606 110.85510300000004 308.6987490000001 110.29534741097339 340.76714970855403 134.47621500000002 341.18922800000007 american-foulbrood 0
41.77487825780151 279.38690721381124 3.4638958368304884e-14 278.65772400000003 -1.2115162578014278 348.0654437861887 40.56336200000005 348.7946269999999 american-foulbrood 0
116.67570900361699 549.1663938838735 71.72270600000007 548.3817370000002 70.78521699638317 602.0904941161267 115.73822000000007 602.8751510000001 american-foulbrood 0
23.47648605301703 543.0465787470213 6.750155989720952e-14 542.6367949999999 -0.7217480530168956 583.9856972529786 22.754738000000067 584.395481 american-foulbrood 0
470.60966365334525 310.7701121233164 421.81969599999996 309.91848 420.58039934665476 380.91773187668366 469.370367 381.769364 american-foulbrood 0