369.11304299999995 18.632453000000034 189.325604 18.632453000000023 189.32560400000003 369.907925 369.11304299999995 369.907925 bee-larvae 0
205.20193200000006 239.444528 122.34202900000003 239.444528 122.34202900000003 385.340377 205.20193200000006 385.340377 bee-larvae 0
126.80193200000005 330.28830200000004 38.423188000000046 330.28830200000004 38.42318800000006 629.518491 126.80193200000008 629.518491 bee-larvae 0
398.724638 390.086038 131.17681200000007 390.086038 131.17681200000007 640 398.72463800000014 640 bee-larvae 0
447.505314 270.490566 362.32657000000006 270.490566 362.32657000000006 348.498113 447.505314 348.498113 bee-larvae 0
487.536232 356.74566000000004 435.949758 356.74566 435.949758 445.30717000000004 487.536232 445.3071700000001 bee-larvae 0
484.2357490000001 505.09283000000005 393.2444440000001 505.09282999999994 393.2444440000001 640 484.2357490000001 640 bee-larvae 0
638.848309 27.821887000000064 407.96908200000007 27.821887000000054 407.96908200000007 259.38113200000004 638.848309 259.3811320000001 capped-drone-cells 0
632.803865 263.59547200000003 455.814493 263.595472 455.8144930000001 628.685283 632.803865 628.685283 capped-drone-cells 0
186.558454 14.043774000000012 1.7198662877048821e-15 14.043773999999999 1.490649330005492e-14 229.397736 186.558454 229.397736 capped-drone-cells 0
107.61739100000003 232.537358 0.007729000000028477 232.537358 0.007729000000034581 332.208302 107.61739100000003 332.208302 capped-drone-cells 0