504.9999989999999 639.05311 501.0873259321847 577.0960351267217 475.0458691410551 578.7405883410516 478.95854220887037 640.6976632143299 small-hive-beetle 0
327.97996822918367 327.6800886416379 271.5037478656427 282.09021627915644 245.9643310859725 313.7281581127462 302.44055144951346 359.3180304752276 small-hive-beetle 0
314.3092592908199 276.67157477958443 299.38846606380713 238.41543125634195 256.4016805878785 255.1812857965574 271.3224738148913 293.4374293197999 small-hive-beetle 0
359.3480181540108 240.00941779064487 332.5726089294861 226.54950208140815 309.47459077547535 272.49770129076336 336.25 285.9576170000001 small-hive-beetle 0
396.35921942460914 274.73630565521484 366.05312591093474 248.52455771153888 343.1229549941138 275.0364830353659 373.4290485077881 301.24823097904186 small-hive-beetle 0
425.9319622653736 317.75822198630647 389.1693207572766 307.4942479508813 375.8478288628812 355.20805053615754 412.6104703709783 365.47202457158266 small-hive-beetle 0
148.29428394435038 203.8885660620993 117.37449755452405 201.19838226386412 111.03731674061235 274.0351442755896 141.95710313043867 276.72532807382476 small-hive-beetle 0
484.09609242533435 180.49817376309 439.375 167.43025700000007 428.86815258278637 203.38684464610893 473.5892450081207 216.4547614091989 small-hive-beetle 0
185.226338158991 178.67614768565352 144.82842705296582 176.64535888930249 142.7292656106862 218.4033878358778 183.1271767167114 220.43417663222885 small-hive-beetle 0
244.81547860334288 160.10580219894626 225.62499899999995 140.90665200000007 177.9581305914189 188.55199340684612 197.14861019476183 207.75114360579232 small-hive-beetle 0
107.53858242286842 443.28802024616675 71.87499900000007 434.3240350000001 64.19566496970938 464.87658080416236 99.85924839257774 473.84056605032913 small-hive-beetle 0
230.34821999999997 73.46266100000003 176.227832 73.46266100000003 176.227832 143.807725 230.34821999999997 143.807725 pollen 0
576.186408 252.0034330000001 459.28802599999995 252.0034330000001 459.28802599999995 441.4489270000001 576.186408 441.44892700000014 nectar 0
297.9831720000001 340.147639 183.98446600000005 340.147639 183.98446600000005 571.509013 297.98317200000014 571.509013 nectar 0
460.2097090000001 476.346781 309.1158580000001 476.346781 309.1158580000001 595.337339 460.2097090000001 595.337339 nectar 0