373.97214500000007 2.2899735342304376e-14 0.008914 1.0916501567599507e-18 0.00891400000003919 640 373.9721450000001 640 capped-brood-cells 0
579.155432 86.54088100000007 504.066852 86.54088100000007 504.066852 270.1685530000001 579.155432 270.1685530000001 capped-brood-cells 0
459.61448500000006 162.01257900000004 368.142618 162.01257900000004 368.142618 427.189937 459.61448500000006 427.189937 capped-brood-cells 0
258.005571 247.52704400000002 196.55487500000007 247.527044 196.55487500000007 342.641509 258.005571 342.641509 bee-larvae 0
343.647911 257.610063 299.061838 257.610063 299.0618380000001 531.884277 343.64791100000014 531.884277 bee-larvae 0
473.8852370000001 418.6163520000001 372.590529 418.616352 372.59052900000006 560.060377 473.88523700000013 560.060377 bee-larvae 0
604.122563 312.95597500000014 535.25571 312.95597500000014 535.25571 394.98867900000005 604.122563 394.98867900000005 bee-larvae 0
639.991086 438.7421380000001 512.971588 438.7421380000001 512.971588 640 639.991086 640 bee-larvae 0
133.339276 19.46163500000001 19.119777 19.461635 19.11977700000001 163.844025 133.339276 163.844025 worker-bee 0
148.40334300000006 277.87673 23.166574000000036 277.87673 23.166574000000047 477.645283 148.40334300000006 477.645283 worker-bee 0
106.42005600000007 545.388679 58.16156000000007 545.388679 58.16156000000008 640 106.42005600000007 640 worker-bee 0
414.128134 22.480503000000034 231.86183800000003 22.480503000000027 231.86183800000003 285.444025 414.128134 285.444025 worker-bee 0
533.579944 22.50062900000006 419.00390000000004 22.50062900000005 419.00390000000004 356.02515700000004 533.579944 356.02515700000015 worker-bee 0
631.737047 7.13430784891431e-14 533.383844 6.532068172715111e-14 533.383844 332.5584910000001 631.737047 332.5584910000001 worker-bee 0
635.614485 417.71069200000005 371.877437 417.710692 371.87743700000004 640 635.614485 640 bee-larvae 0
376.26295300000004 448.080503 311.300279 448.080503 311.30027900000005 640 376.2629530000001 640 drone-bee 0
501.089694 28.57861600000006 412.131476 28.57861600000005 412.131476 106.50566000000006 501.089694 106.50566000000006 drone-bee 0
220.64846800000004 270.047799 165.41949900000006 270.047799 165.41949900000006 625.308176 220.64846800000004 625.308176 capped-brood-cells 0
313.4128130000001 333.806289 225.00724200000005 333.806289 225.00724200000005 519.527044 313.41281300000014 519.527044 capped-brood-cells 0
158.80557100000004 456.573585 86.99721400000004 456.573585 86.99721400000007 598.903145 158.80557100000004 598.903145 capped-brood-cells 0
53.44624000000007 442.384906 5.4176525912400275e-14 442.384906 6.34117491393803e-14 593.207547 53.446240000000074 593.207547 capped-brood-cells 0
130.32646200000002 166.198742 11.72144800000002 166.198742 11.721448000000027 268.27673 130.32646200000005 268.27673 capped-brood-cells 0
570.179387 118.96352200000007 516.71532 118.96352200000007 516.71532 222.93333300000006 570.179387 222.93333300000006 capped-brood-cells 0
520.049025 470.74213800000007 480.13370500000013 470.74213800000007 480.13370500000013 555.431447 520.049025 555.431447 capped-brood-cells 0
496.6506960000001 543.919497 433.0785520000001 543.919497 433.0785520000001 612.10566 496.6506960000001 612.10566 capped-brood-cells 0
585.23454 359.7685530000001 518.810028 359.7685530000001 518.810028 453.39371100000005 585.23454 453.39371100000005 capped-brood-cells 0
403.030641 279.527044 354.665181 279.527044 354.665181 406.198742 403.030641 406.198742 capped-brood-cells 0
351.162117 284.256604 312.833426 284.256604 312.833426 338.193711 351.162117 338.193711 bee-larvae 0
250.88356500000006 260.608805 221.86072400000006 260.608805 221.86072400000006 309.836478 250.88356500000006 309.836478 bee-larvae 0
250.25961000000007 571.431447 217.24345400000007 571.431447 217.24345400000007 639.979874 250.25961000000007 639.979874 bee-larvae 0
301.3348190000001 518.862893 270.3153200000001 518.862893 270.3153200000001 584.271698 301.3348190000001 584.271698 bee-larvae 0
634.045682 321.6905660000001 540.274095 321.6905660000001 540.274095 380.7798740000001 634.045682 380.7798740000001 bee-larvae 0
556.541504 238.61132100000006 528.570474 238.61132100000006 528.570474 302.2088050000001 556.541504 302.2088050000001 bee-larvae 0
603.988858 132.89056600000006 563.699164 132.89056600000006 563.699164 190.41006300000006 603.988858 190.41006300000006 bee-larvae 0
527.135376 51.72327000000006 498.469081 51.723270000000056 498.469081 163.22012600000005 527.135376 163.22012600000005 bee-larvae 0