160.35272200000003 94.82145400000002 67.208499 94.821454 67.20849900000002 133.412157 160.35272200000003 133.412157 american-foulbrood 0
181.180345 56.97830800000002 147.811952 56.97830800000001 147.811952 94.22646000000003 181.180345 94.22646000000003 american-foulbrood 0
101.84329300000003 193.868892 43.648340000000026 193.868892 43.648340000000026 232.268892 101.84329300000003 232.268892 american-foulbrood 0
275.391235 183.85697300000004 202.37344000000002 183.856973 202.37344000000002 240.28224100000003 275.391235 240.28224100000006 american-foulbrood 0
199.02895100000006 385.296782 151.53466100000006 385.296782 151.53466100000006 462.035757 199.02895100000006 462.035757 american-foulbrood 0
152.41859200000005 242.83766399999996 94.48711800000001 242.83766399999996 94.48711800000001 315.98379 152.41859200000005 315.98379 american-foulbrood 0
106.80265600000004 317.406436 32.48446200000004 317.406436 32.48446200000005 428.19737799999996 106.80265600000006 428.19737799999996 american-foulbrood 0
81.02417000000005 507.716806 6.450996000000062 507.716806 6.450996000000066 558.878665 81.02417000000005 558.878665 american-foulbrood 0
227.79070400000006 458.74421900000004 173.85391800000005 458.74421900000004 173.85391800000005 507.220977 227.79070400000006 507.220977 american-foulbrood 0
429.18672000000004 140.44910600000006 378.454183 140.44910600000006 378.454183 238.27222900000007 429.18672000000004 238.27222900000007 american-foulbrood 0
503.564409 236.15923700000002 446.661355 236.15923700000002 446.661355 287.2524430000001 503.564409 287.25244300000014 american-foulbrood 0
515.45923 53.637187000000054 454.094024 53.637187000000054 454.094024 115.37163300000006 515.45923 115.37163300000006 american-foulbrood 0
431.171315 39.17806900000005 327.615405 39.17806900000004 327.615405 97.56376600000004 431.171315 97.56376600000007 american-foulbrood 0
564.054183 142.67270600000006 508.6640110000001 142.67270600000006 508.6640110000001 196.41287200000005 564.054183 196.41287200000005 american-foulbrood 0
640 279.5671040000001 597.941036 279.5671040000001 597.941036 338.9063170000002 640 338.9063170000002 american-foulbrood 0
484.72138100000006 468.75995200000006 428.0563080000001 468.759952 428.0563080000001 513.453159 484.72138100000006 513.453159 american-foulbrood 0
450.0100930000001 513.277712 378.4541830000001 513.277712 378.4541830000001 574.905364 450.0100930000001 574.905364 american-foulbrood 0
342.043028 270.031943 300.863745 270.031943 300.863745 322.795709 342.043028 322.795709 american-foulbrood 0