632.5784850000001 86.02838800000009 398.0292530447439 80.5691940160152 391.77943 349.0870739999999 626.3286619552563 354.54626798398476 capped-brood-cells 0
69.563275 61.15169200000001 8.429791947973851e-15 61.151692000000004 1.51811109762157e-14 171.409099 69.56327500000002 171.409099 capped-brood-cells 0
376.2473204804224 122.4358924787539 374.6039430000001 51.82970300000001 174.76263751957774 56.481061521246126 176.40601500000002 127.08725100000001 capped-brood-cells 0
241.43680482457262 297.1625632882218 239.335074 206.86366600000002 141.08851717542734 209.1503807117783 143.19024799999997 299.44927800000005 capped-brood-cells 0
210.97826700000007 310.27922700000005 131.63337883669254 308.4324537874677 127.69410200000003 477.679808 207.03899016330755 479.5265812125324 capped-brood-cells 0
309.77056200000004 357.13549500000005 214.88100822886832 354.926916209676 210.79984900000005 530.2701640000001 305.68940277113177 532.4787427903242 capped-brood-cells 0
84.23787700000005 350.0798500000001 4.2992472452044686e-14 350.0798500000001 4.8743834731945525e-14 444.0067240000001 84.23787700000005 444.0067240000001 capped-brood-cells 0
631.4373970000001 352.9881720000002 459.0668234958879 348.97620231376976 453.8559469999999 572.8567 626.2265205041122 576.8686696862304 worker-bee 0
435.62150400000013 299.4632640000001 328.11355934373466 296.9609888214478 320.310832 632.197971 427.8187766562654 634.7002461785524 worker-bee 0
141.93570200000005 156.64826500000007 7.942184341338244 153.52953162326637 3.1384360000000218 359.918171 137.1319536586618 363.0369043767337 worker-bee 0
178.26032000000004 16.170855000000024 73.62273266553584 13.735388487736081 70.01199099999997 168.86759600000002 174.6495783344642 171.30306251226392 worker-bee 0
577.1118946675641 78.43103144961943 575.4219050000002 5.822193999999998 415.75321233243596 9.538524550380583 417.44320200000004 82.14736200000002 worker-bee 0
213.19668008053293 634.6782358220428 209.286637 466.6868549999999 -3.9100430805328887 471.64906317795726 0 639.640444 worker-bee 0
305.81709600000005 526.992523 226.32309747451353 525.1422798591492 223.77905400000003 634.4447730000002 303.2730525254866 636.295016140851 worker-bee 0
388.79644500000006 110.68656500000004 238.47543736866555 107.18780481077553 233.98720800000004 300.02044400000005 384.3082156313345 303.5192041892245 worker-bee 0