639.7399860000002 8.171241461241152e-14 116.9118419677688 -9.125999177964642 105.62875800000009 637.28145 628.4569020322314 646.4074491779647 capped-brood-cells 0
163.54125000000005 300.341813 3.701434275297211e-14 300.341813 5.779648706301759e-14 639.739986 163.54125000000005 639.739986 pollen 0
222.46036700000008 386.98697000000004 152.49891133875866 385.7657885916879 151.08669900000007 466.67140200000006 221.04815466124148 467.8925834083122 bee-larvae 0
287.96195100000006 530.6791999999999 231.8074982398843 529.6990207104822 230.47958100000005 605.7753740000002 286.6340337601158 606.7555532895179 bee-larvae 0
140.23080100000007 265.677764 94.80516553130113 264.88485625297045 93.35053099999999 348.220778 138.7761664686989 349.0136857470296 bee-larvae 0
639.7399860000003 7.993605777301127e-14 119.96014085417308 -9.072790356241772 109.00487100000008 618.55424 628.7847161458272 627.6270303562419 capped-brood-cells 0
134.99597500000004 249.597041 86.67146630086006 248.7535336288493 85.33086400000005 325.556594 133.65537269914003 326.4001013711507 bee-larvae 0
203.37480900000003 392.009723 158.36756691207168 391.2241187896369 157.27319300000002 453.92076800000007 202.28043508792837 454.7063722103632 bee-larvae 0
293.1964000000001 526.229714 240.1799013976175 525.304307893329 238.66948900000006 611.835806 291.6859876023826 612.761212106671 bee-larvae 0
59.74118800000005 43.830345000000015 8.338495639324796 42.933107367000964 5.729628999999978 192.394927 57.132321360675235 193.29216463299903 capped-brood-cells 0
82.17407400000002 230.67258499999997 48.25427411536333 230.08051250347182 47.39413100000001 279.35806299999996 81.3139308846367 279.95013549652816 capped-brood-cells 0
609.3553089999999 26.375776000000073 568.890631090072 25.669462217123915 567.592856 100.01892600000005 608.0575339099279 100.7252397828762 bee-larvae 0
632.1764070000002 140.45423800000006 601.2152507656308 139.91380935984316 600.238199 195.88910400000006 631.1993552343694 196.42953264015694 bee-larvae 0
629.9079150000001 563.278998 597.1536411268468 562.7072699520713 596.268772 613.4013820000001 629.0230458731534 613.9731100479288 bee-larvae 0