235.84399900206773 623.7775081777023 233.390632 412.935659 67.34878199793225 414.86773082229763 69.80214899999997 625.70958 capped-drone-cells 0
389.4552696114794 505.1781579928848 387.917476 373.0204939999999 219.29071138852063 374.9826440071152 220.828505 507.140308 capped-drone-cells 0
514.76864 520.407422 512.6994039978164 342.5777378123399 391.3485529999999 343.989783 393.41778900218355 521.8194671876602 capped-drone-cells 0
476.58557499999995 300.59027299999997 475.4212221353706 200.5260389984248 340.75650199999995 202.09300499999995 341.9208548646293 302.15723900157514 capped-drone-cells 0
615.0206563044284 232.22976599645767 614.1701319999999 159.135849 491.5579666955715 160.56257000354233 492.408491 233.65648700000003 capped-drone-cells 0
642.2667385362738 419.9206630935744 640 225.117743 601.3237734637262 225.5677819064256 603.590512 420.37070200000005 capped-drone-cells 0
417.2368542382177 115.5077759972281 416.67243499999995 67.00169299999999 360.3181767617822 67.6574340027719 360.88259600000004 116.16351699999998 capped-drone-cells 0
437.313138 60.76557100000001 436.5972890822376 -0.7543110009569194 371.771985 -8.881784197001252e-16 372.48783391776243 61.519882000956926 bee-larvae 0
244.15143 198.724042 243.21085213193663 117.89095198682871 60.569489000000004 120.016176 61.51006686806339 200.8492660131713 bee-larvae 0
67.47839500915 399.9075067863497 66.235586 293.100693 3.419040990849998 293.8316292136503 4.66185 400.638443 capped-drone-cells 0
242.300174000984 395.64620508456517 240.61090199999998 250.470536 202.257616999016 250.91681691543482 203.946889 396.092486 capped-drone-cells 0