640 116.80000000000004 4.852288000000014 116.8 4.852288000000046 640 640 640 capped-brood-cells 0
640 5.781997768682778e-14 304.271895 3.726256022822495e-14 304.271895 168.85233600000007 640 168.85233600000007 pollen 0
470.37908500000003 159.29719600000007 392.324183 159.29719600000007 392.324183 229.30841100000006 470.37908500000003 229.30841100000006 bee-larvae 0
611.388235 241.15140200000008 537.6 241.15140200000008 537.6 297.3457940000001 611.388235 297.3457940000001 bee-larvae 0
350.53594799999996 99.46915900000005 269.05098 99.46915900000005 269.05098 144.92710300000005 350.53594799999996 144.92710300000005 bee-larvae 0
621.343791 119.85046700000004 1.4677449078786548e-14 119.850467 4.652742211210858e-14 640 621.343791 640 capped-brood-cells 0
327.675817 91.05046700000003 252.84183 91.05046700000003 252.84183 139.40934600000006 327.675817 139.40934600000006 bee-larvae 0
457.7673199999999 165.26355100000006 396.904575 165.26355100000006 396.904575 210.30280400000007 457.7673199999999 210.30280400000007 bee-larvae 0
617.64183 249.45046700000006 533.270588 249.45046700000006 533.270588 302.50467300000014 617.64183 302.50467300000014 bee-larvae 0
192.606536 9.091589000000017 45.239216 9.091589000000008 45.239216000000006 60.53084100000001 192.606536 60.53084100000003 capped-brood-cells 0
280.575163 52.29158900000003 232.679739 52.29158900000003 232.679739 86.23551400000002 280.575163 86.23551400000002 capped-brood-cells 0
113.27581700000007 569.570093 40.575163000000074 569.570093 40.575163000000074 610.063551 113.27581700000009 610.063551 bee-larvae 0
209.94509800000006 603.902804 155.23137300000005 603.902804 155.23137300000005 634.885981 209.94509800000006 634.885981 bee-larvae 0
627.534641 607.22243 578.175163 607.22243 578.175163 640 627.534641 640 bee-larvae 0