66.22521245341866 129.81593192739675 62.284724292321 102.51001533128368 37.739613435370266 106.05209451416712 41.68010159646792 133.3580111102802 small-hive-beetle 0
35.038707884841656 137.75939875979142 12.3396250913735 135.51232544576516 9.954179167909802 159.60919588521847 32.65326196137796 161.85626919924474 small-hive-beetle 0
64.38631800000003 141.788618 45.07042300000001 141.788618 45.07042300000001 163.902439 64.38631800000003 163.902439 small-hive-beetle 0
186.720322 153.495935 162.25352100000003 153.495935 162.25352100000003 173.00813 186.720322 173.00813 small-hive-beetle 0
151.01829281499272 227.59414615434218 144.21855516452788 203.55320658906993 121.22340788799863 210.0571524223712 128.02314553846347 234.09809198764344 small-hive-beetle 0
222.04256896425593 228.07021724971992 199.0079155616 221.08959335549582 192.65341118785827 242.05817840072572 215.68806459051422 249.0388022949498 small-hive-beetle 0
59.90560269241621 364.5661427966023 34.04627888395606 351.5050815079077 22.529843942241286 374.3062317126497 48.38916775070143 387.36729300134436 small-hive-beetle 0
195.5119266769882 442.0966299654436 169.3281984720373 420.93677238236285 153.17578224811103 440.9241694903043 179.35951045306194 462.0840270733851 small-hive-beetle 0
309.5115771041954 477.31425427863365 297.8466124632141 458.54938610875035 264.94897470919943 478.999824539663 276.6139393501807 497.76469270954635 small-hive-beetle 0
318.0684099999999 464.39024400000005 306.6430538375826 439.3837307457431 280.6652853392129 451.25284877834895 292.0906415016302 476.25936203260596 small-hive-beetle 0
414.2404832646823 492.13332158138564 380.327591749323 490.4547362605322 377.7458454368441 542.6144218764881 411.6587369522034 544.2930071973417 small-hive-beetle 0
457.30774176261775 535.9032780621894 399.59982702361407 528.7623616627643 394.80484078026427 567.5121021482013 452.51275551926796 574.6530185476264 small-hive-beetle 0
418.511066 599.6747969999999 396.26872546071 557.9478047124124 347.74884335877107 583.8110572852216 369.9911838980611 625.5380495728091 small-hive-beetle 0
463.9871106210449 631.1853669989009 459.9821410792057 583.6092273664881 405.32572840686817 588.2102157970369 409.3306979487073 635.7863554294497 small-hive-beetle 0
520.1151370220074 583.8269729039429 484.60113426379536 577.8478201806461 480.980664942894 599.3520973581682 516.4946677011061 605.3312500814651 small-hive-beetle 0
643.9826850192425 475.4546995318109 604.9316640161721 472.98920701869514 600.570649481867 542.0634667326794 639.6216704849373 544.5289592457952 small-hive-beetle 0
465.1453597239396 303.5533939096225 443.0810676882028 296.27262063983983 432.13926719782285 329.4316097294312 454.20355923355953 336.71238299921384 small-hive-beetle 0
418.6624252477514 293.77908550595424 411.4001260426656 261.9893051705753 387.58201665432944 267.43049523394467 394.84431585941525 299.22027556932363 small-hive-beetle 0
530.54326 279.674797 525.4113585852828 261.3858149888519 498.11517489901155 269.0451436267482 503.2470763137288 287.3341256378963 small-hive-beetle 0
563.1211626118243 171.37813790659442 554.7749868968639 150.30065392551438 534.2924239629052 158.41125524268327 542.6385996778656 179.48873922376328 small-hive-beetle 0
379.5808028930252 124.23441312000278 356.6488058474903 117.615828643056 349.5193939845452 142.3177346694752 372.4513910300801 148.93631914642197 small-hive-beetle 0
314.8403970579472 188.67059796799293 292.27557509089155 184.94763036589217 287.22704640321524 215.5466479261596 309.7918683702709 219.26961552826043 small-hive-beetle 0
638.1245297144648 144.29129128431086 613.4802547388371 140.1421704095247 610.7116604323803 156.58661766554584 635.355935408008 160.735738540332 small-hive-beetle 0
338.2041861957151 357.8444285696579 308.351355 333.92690500000015 278.91290952375033 370.67071507328194 308.7657407194654 394.5882386429397 small-hive-beetle 0