243.2839440568606 429.35552425027413 242.61269099999998 406.286053 213.43360294313942 407.1350777497259 214.10485600000004 430.20454900000004 american-foulbrood 0
237.19253920601278 351.48965645381577 236.529606 313.5102360000001 213.93469879398722 313.9046315461843 214.597632 351.884052 american-foulbrood 0
69.808959178627 516.890770431693 69.27918 486.53976199999994 48.658670821372986 486.89969456830687 49.18845 517.2507029999999 american-foulbrood 0
245.08795390462754 610.7450407569308 244.09137600000003 576.4948899999999 206.0452600953725 577.6019192430691 207.04183800000004 611.85207 american-foulbrood 0
290.1145286116084 207.64301609119474 289.633792 180.10161900000003 270.17313138839154 180.44130590880528 270.65386799999993 207.982703 american-foulbrood 0
538.5567730011778 232.9934017630768 538.127167 208.38126499999993 522.6330099988222 208.65171623692316 523.062616 233.263853 american-foulbrood 0
584.8350197495461 115.45261752217122 584.519242 97.36174100000001 570.902092250454 97.59942947782878 571.2178700000001 115.69030600000002 american-foulbrood 0
580.8366654489533 56.86964374923083 580.360491 29.589643000000002 564.1403225510467 29.87276725076918 564.616497 57.15276800000001 american-foulbrood 0
579.8783289782676 427.6656449687942 579.439009 402.49700400000006 556.7024400217322 402.893872031206 557.1417599999997 428.0625130000001 american-foulbrood 0
475.81991897318284 540.0797400550392 475.0658890000001 514.1654070000001 441.2152470268172 515.1503599449609 441.96927700000003 541.064693 american-foulbrood 0
64.54471835490398 291.1572126568206 64.14283300000001 268.133219 49.49864164509602 268.3888343431794 49.900527 291.412828 american-foulbrood 0
132.59229922246183 227.91013944311672 132.07492300000004 198.26970800000004 110.57788777753821 198.64494055688334 111.095264 228.28537200000002 american-foulbrood 0
124.14411616403481 340.34938429435556 123.58260200000001 308.18024500000007 106.91088883596521 308.4712507056446 107.472403 340.6403900000001 american-foulbrood 0
518.7366856702066 31.35010956269395 518.245395 3.2040549999999985 494.8802063297934 3.6118954373060426 495.371497 31.757949999999994 american-foulbrood 0
640 509.3600980000001 636.659141 509.3600980000001 636.659141 536.685268 640 536.685268 american-foulbrood 0
591.4314199789902 557.5854119794689 590.6473880000001 530.639972 553.98751502101 531.7066650205312 554.7715470000002 558.6521050000001 american-foulbrood 0