154.36046000000002 225.943921 154.1458320567241 189.05249199966994 99.27981200000002 189.371693 99.49443994327594 226.26312200033004 wax-moth-larva 0
153.71893956546913 329.28829399671025 153.361891 267.916865 20.51528843453088 268.6897440032898 20.872337000000005 330.06117300000005 wax-moth-larva 0
449.331988 403.908193 449.0795273239296 360.51390799811537 378.32224599999995 360.9255619999999 378.5747066760704 404.3198470018845 wax-moth-larva 0
271.12535329400106 638.4443009982896 270.5449 538.6728719999999 78.23421970599892 539.7917030017104 78.814673 639.5631320000001 empty-cells 0
240.28192920188985 543.7119589988254 240.109123 514.009101 194.09747179811012 514.2767890011746 194.27027799999996 543.979647 wax-moth-larva 0
311.50004700000005 459.631935 311.34605736646665 433.163363997868 254.11887300000004 433.496302 254.27286263353346 459.96487300213204 wax-moth-larva 0
292.850896 462.306234 292.4355362163776 390.9119479987412 196.29573 391.471273 196.71108978362236 462.86555900125893 wax-moth-larva 0
540.2127315552522 636.8787959967696 539.591586 530.1130819999998 429.40906144474786 530.7541060032303 430.030207 637.51982 empty-cells 0
520.6481250000002 536.937805 520.3960639829793 493.6120909942812 468.74557799999997 493.9125839999999 468.9976390170208 537.2382980057188 wax-moth-larva 0
383.43983799999995 199.20460099999997 382.9205550643467 109.94745899962564 285.040944 110.51690599999999 285.56022693565336 199.77404800037434 wax-moth-larva 0
363.4026241242643 263.68335299927713 363.00175900000005 194.78049600000003 224.29884587573576 195.5874460007229 224.69971100000004 264.49030300000004 wax-moth-larva 0
462.66420821167844 289.71248099295065 462.3238479999999 231.209624 401.63258478832154 231.5627160070493 401.972945 290.0655729999999 wax-moth-larva 0
607.8348964845698 191.04173499718087 607.3399490000002 105.96744899999999 451.9224725154304 106.87164100281916 452.41742 191.94592700000004 wax-moth-larva 0
225.43589199999997 178.75169 224.94905615213588 95.07168999911488 29.251968 96.210222 29.738803847864062 179.8902220008851 empty-cells 0
175.83943700059027 500.0682421014508 175.01988800000004 359.1996700000001 43.44707199940978 359.96513789854924 44.266621 500.83370999999994 empty-cells 0
640.7220759686393 567.5145790838512 639.999999994703 443.4002930895174 528.0613950260637 444.05153300566616 528.783471 568.165819 empty-cells 0
640.5910247971849 358.74827551957736 639.9999999971981 257.1597045184137 536.4691779999999 257.7620289999999 537.0602027999868 359.35060000116357 empty-cells 0
321.793184 103.428569 321.1994993295723 1.3828549980825735 42.426683 3.004707999999999 43.020367670427675 105.05042200191741 empty-cells 0
359.353361 324.6632599999999 359.06945137511065 275.86325999781775 273.94323799999995 276.3585090000001 274.2271476248893 325.1585090021823 empty-cells 0
451.395465 484.89893000000006 451.1288424851075 439.07035899717766 391.975444 439.41450299999997 392.2420665148924 485.2430740028223 empty-cells 0
450.8125936313211 530.2352839963271 450.566649 487.9609979999999 398.57441536867896 488.26348000367295 398.82036 530.537766 empty-cells 0
435.099965 583.728505 434.8141929986757 534.6085047723702 390.418077 534.866794 390.7038490013242 583.9867942276298 empty-cells 0
326.185785 570.075952 325.71224699742083 488.68166555668046 260.4073929999999 489.061598 260.8809310025791 570.4558844433196 empty-cells 0
213.50516900000002 370.964747 213.27112628702162 330.73617499833017 161.51190300000002 331.03730100000007 161.74594571297843 371.2658730016699 wax-moth-larva 0
296.7542000012346 385.58378621219777 296.35134000000005 316.338072 238.39405799876545 316.67525778780225 238.796918 385.920972 wax-moth-larva 0