455.7604028843366 59.23693033227609 372.473328642949 54.945908656364324 370.2889275510465 97.34429059313206 453.57600179243406 101.63531226904382 small-hive-beetle 0
482.6950062948731 134.98894027141938 473.9157018144416 86.1067382680501 425.34185857266885 94.8306611300946 434.12116305310036 143.71286313346388 small-hive-beetle 0
516.6597235116104 169.8087959391588 463.3846463939118 121.88303536600824 434.33472731248503 154.17541134121493 487.60980443018366 202.1011719143655 small-hive-beetle 0
371.8454043789625 224.55965357307437 329.59244401314953 199.56074037725568 285.8583756665979 273.47970805428565 328.1113360324108 298.4786212501043 small-hive-beetle 0
410.25508465193855 230.4265129694797 363.00959019928325 215.0762384142633 346.2242433858182 266.7386374748694 393.46973783847346 282.0889120300858 small-hive-beetle 0
434.78732542326503 292.02571558739766 366.9994786453412 268.92453099547964 340.9868752484817 345.2556111764553 408.7747220264055 368.35679576837333 small-hive-beetle 0
339.6853840676754 349.3012087114554 283.235980821871 341.5606269985925 275.2986072494221 399.44516567082144 331.7480104952265 407.1857473836844 small-hive-beetle 0
495.85501457463045 404.9412085635743 440.08960788538695 389.7568888018076 423.55175111579354 450.4932486120755 479.3171578050371 465.6775683738423 small-hive-beetle 0
223.50122700000003 17.920731000000032 177.5912472347594 14.813925977664157 174.7754263930289 56.423964888053995 220.68540615826953 59.53076991038987 small-hive-beetle 0
73.05257863041095 489.7203884034738 67.49895470506398 450.0297760250687 -5.553623925346969 460.2515016215949 0 499.94211399999995 small-hive-beetle 0
339.4576194857015 530.444592395548 335.73925500000007 402.65268700000007 188.20711551429852 406.94543360445203 191.92548 534.737339 nectar 0
222.93869904459638 292.80542585729006 220.31383199075998 202.59458968243993 -2.6248670538364456 209.0814428251499 0 299.292279 nectar 0
376.47574500000013 59.21220200000005 240.90018657358644 56.845722027621875 238.201488 211.45407300000005 373.7770464264137 213.8205529723782 nectar 0
576.8730567616499 182.66535757658323 575.555044 137.3682 502.52520523835005 139.49315142341678 503.843218 184.79030900000004 pollen 0