632.0073480000001 635.1731410000001 617.4210505901415 8.48635270119109 41.394283000000016 21.893525000000004 55.980580409858646 648.580313298809 capped-brood-cells 0
640 184.73285400000003 34.42676400000003 184.73285400000003 34.426764000000055 639.992326 640 639.992326 capped-brood-cells 0
613.28221 85.80143900000007 143.945286 85.80143900000003 143.945286 185.69976000000003 613.28221 185.69976000000003 capped-brood-cells 0
512.522251 17.204796000000044 185.53927 17.204796000000023 185.53927 81.88009600000004 512.522251 81.88009600000004 capped-brood-cells 0
640 482.9697840000001 573.961247 482.9697840000001 573.961247 540.508393 640 540.508393 capped-drone-cells 0
540.644075 565.302638 491.7081530000001 565.302638 491.7081530000001 605.513669 540.644075 605.513669 capped-drone-cells 0
640 226.62446000000006 573.519449 226.62446000000006 573.519449 277.7937650000001 640 277.7937650000001 capped-drone-cells 0
640 275.7218230000001 614.530438 275.7218230000001 614.530438 347.30359700000014 640 347.30359700000014 capped-drone-cells 0
640 566.73765 599.158024 566.73765 599.158024 619.058034 640 619.058034 capped-drone-cells 0
547.126477 38.86810600000006 483.888194 38.868106000000054 483.888194 84.58896900000006 547.126477 84.58896900000006 capped-drone-cells 0
449.19617500000004 19.368825000000054 389.316696 19.36882500000005 389.316696 64.73669100000005 449.19617500000004 64.73669100000005 capped-drone-cells 0
372.387755 194.13333300000005 318.099679 194.13333300000005 318.099679 228.14388500000007 372.387755 228.14388500000007 capped-drone-cells 0
99.80967200000002 470.99856100000005 98.46487151003524 413.22041956227685 48.609526999999986 414.380815 49.95432748996477 472.1589564377232 capped-drone-cells 0
67.84679400000006 365.260432 34.628590000000045 365.260432 34.628590000000045 391.719904 67.84679400000006 391.719904 capped-drone-cells 0