153.040777 189.942857 98.17475700000003 189.942857 98.17475700000003 226.834286 153.040777 226.834286 wax-moth-larva 0
151.79805800000005 268.8 18.951456000000036 268.8 18.95145600000004 330.171429 151.79805800000005 330.171429 wax-moth-larva 0
446.96699 363.114286 376.209709 363.114286 376.209709 406.508571 446.96699 406.508571 wax-moth-larva 0
267.40194200000013 540.228571 75.09126200000006 540.228571 75.09126200000007 640 267.40194200000013 640 empty-cells 0
237.11068000000006 515.388571 191.09902900000006 515.388571 191.09902900000006 545.091429 237.11068000000006 545.091429 wax-moth-larva 0
308.815534 434.9599999999999 251.58835000000005 434.9599999999999 251.58835000000005 461.42857100000003 308.815534 461.42857100000003 wax-moth-larva 0
290.151456 392.6 194.01165000000006 392.6 194.01165000000006 463.994286 290.151456 463.994286 wax-moth-larva 0
536.48932 533.234286 426.30679600000013 533.234286 426.30679600000013 640 536.48932 640 empty-cells 0
517.506796 496.6228570000001 465.8563110000001 496.6228570000001 465.8563110000001 539.948571 517.506796 539.948571 wax-moth-larva 0
382.267961 112.17142900000005 284.38835 112.17142900000002 284.38835 201.4285710000001 382.267961 201.4285710000001 wax-moth-larva 0
361.856311 196.88571400000004 223.153398 196.885714 223.15339800000004 265.788571 361.856311 265.788571 wax-moth-larva 0
460.963107 233.89142900000002 400.271845 233.89142900000002 400.271845 292.394286 460.963107 292.394286 wax-moth-larva 0
606.702913 109.49714300000008 451.285437 109.49714300000005 451.285437 194.57142900000005 606.702913 194.57142900000005 wax-moth-larva 0
224.38835 96.37714300000002 28.69126200000001 96.377143 28.691262000000016 180.057143 224.38835 180.057143 empty-cells 0
172.92427200000006 360.205714 41.35145600000004 360.205714 41.35145600000005 501.074286 172.92427200000006 501.074286 empty-cells 0
637.724272 447.1085710000001 525.460194 447.1085710000001 525.460194 571.222857 637.724272 571.222857 empty-cells 0
639.2 260.8742860000001 534.951456 260.8742860000001 534.951456 362.4628570000001 639.2 362.4628570000001 empty-cells 0
321.180583 3.251429000000022 42.40776699999999 3.2514290000000052 42.40776700000001 105.29714300000002 321.180583 105.29714300000003 empty-cells 0
357.452427 277.942857 272.326214 277.942857 272.326214 326.74285699999996 357.452427 326.74285699999996 empty-cells 0
448.55922300000003 441.68 389.405825 441.68 389.40582500000005 487.5085710000001 448.5592230000001 487.5085710000001 empty-cells 0
447.7126210000001 490.565714 395.7203880000002 490.565714 395.7203880000002 532.84 447.7126210000001 532.84 empty-cells 0
431.6893200000001 537.12 387.2932040000001 537.12 387.2932040000001 586.24 431.6893200000001 586.24 empty-cells 0
322.8582520000001 490.55999999999995 257.55339800000013 490.55999999999995 257.55339800000013 571.954286 322.8582520000001 571.954286 empty-cells 0
211.33980600000007 331.96571399999993 159.58058300000005 331.96571399999993 159.58058300000005 372.19428600000003 211.33980600000007 372.19428600000003 wax-moth-larva 0
294.500971 318.051429 236.54368900000006 318.051429 236.54368900000006 387.297143 294.500971 387.297143 wax-moth-larva 0