644.5543824993867 167.6952167715678 639.3132694953042 -12.430152613983484 -5.24111300408261 6.324464614448705 0 186.449834 worker-bee 0
185.20998600000007 355.295129 4.3841089002220245e-14 355.295129 6.12543308787076e-14 639.67495 185.20998600000007 639.67495 worker-bee 0
275.64909600000004 285.87025100000005 171.69677846237016 284.05575627956733 169.21830100000008 426.047614 273.17061853762993 427.86210872043273 bee-larvae 0
399.87362099999996 166.65178000000003 282.87002190089123 164.60947468088239 278.864517 394.08470800000003 395.86811609910876 396.1270133191176 bee-larvae 0
212.62100650107314 303.5483378032765 210.915544 244.935402 125.96769949892686 247.40713219672347 127.67316199999999 306.020068 bee-larvae 0
174.59486026924452 350.466045627901 172.605963 282.11209299999996 15.053017730755478 286.69641637209895 17.041915000000003 355.050369 wax-moth-larva 0
510.516747 263.622446 349.2728994182252 260.8079248195604 345.5575929999999 473.657736 506.80144058177467 476.4722571804396 worker-bee 0
571.7223740000001 319.219617 480.0690095952555 317.6198014925654 478.165823 426.653283 569.8191874047445 428.25309850743463 bee-larvae 0
630.566767 134.2495380000001 494.640443714475 131.87693565306964 491.1157559999999 333.806198 627.042079285525 336.1788003469304 capped-brood-cells 0
510.9412466434779 255.82609812084632 508.030721 155.79780299999993 400.4971483565221 158.9267098791536 403.407674 258.955005 capped-brood-cells 0
628.103702809365 621.3989992385102 622.283211 421.3616589999999 215.6261691906351 433.1941697614897 221.44666099999998 633.23151 capped-brood-cells 0
301.6352130714926 283.14886572764567 299.05330599999996 194.41450099999997 202.24319792850739 197.2313882723543 204.825105 285.965753 capped-brood-cells 0