396.3682661423206 269.4096975035883 286.02343217639816 245.7824925521458 256.01771409194816 385.916545092913 366.36254805787064 409.5437500443555 bee-larvae 0
376.6705238011437 276.8636061080067 349.0902718961001 255.07558743159854 329.7898563171083 279.5069196902312 357.3701082221519 301.29493836663937 varroa-mites 0
488.1618977283514 295.5330274407066 395.0081721570464 286.196620027726 383.29139879766853 403.1003755968296 476.44512436897355 412.43678300981014 bee-larvae 0
280.9370275030076 312.0907366275541 249.5116087188988 182.39008803059681 152.88318497618343 205.80237405546706 184.3086037602922 335.50302265242436 bee-larvae 0
379.9158812321954 188.0527301045477 327.30207967235754 70.71016265472718 227.74906891596407 115.34752202443048 280.36287047580186 232.690089474251 bee-larvae 0
263.7939351126836 142.11566420335407 262.5701598611526 36.94471912356322 148.22756873320083 38.27521618348933 149.45134398473178 143.44616126328017 bee-larvae 0
446.711409 4.847892923969006e-14 331.812081 4.144337452672097e-14 331.812081 136.13005200000006 446.711409 136.13005200000006 bee-larvae 0
562.2672500507582 52.005033223901734 509.36633951367105 3.721511060604513 449.4976698029376 69.31546523881511 502.39858034002475 117.59898740211233 bee-larvae 0
331.5655979057903 95.40114233664673 330.4441046706046 -0.9794888311076466 246.267269 -4.440892098500626e-16 247.3887622351857 96.38063116775439 bee-larvae 0
91.27516800000002 157.793804 2.0910691504449883e-14 157.793804 3.4277868745489275e-14 376.0963750000001 91.27516800000004 376.0963750000001 bee-larvae 0
640 276.0656730000001 582.013423 276.0656730000001 582.013423 397.35972700000013 640 397.35972700000013 bee-larvae 0
640.5704217574929 493.1451409713805 638.9261740000001 391.08394 588.2452623754039 391.90043024794255 589.8895101328967 493.96163121932307 bee-larvae 0