601.2206100974704 103.8464119977314 598.7669001192938 -1.5749720027765814 531.099682 1.7763568394002505e-15 533.5533919781766 105.42138400050796 american-foulbrood 0
512.1970960125336 68.9309215384939 510.55459177197037 -1.6377574559069235 440.1898537594367 5.5991744574157565e-9 441.8323579999999 70.568679 american-foulbrood 0
573.1636099999998 246.335087 570.7199929841589 141.3473603194063 484.275916 143.359369 486.71953301584085 248.34709568059367 american-foulbrood 0
162.59319100204235 459.35734208774755 161.39128000000002 407.718353 112.69486099795768 408.85177491225244 113.896772 460.490764 american-foulbrood 0
124.122862233771 406.828876994559 123.08873500000001 362.398552 48.95099276622901 364.1241270054411 49.98512000000001 408.5544520000001 american-foulbrood 0
225.18310100454948 200.98743419546156 223.32565100000005 121.18382299999999 159.32565099545056 122.67343980453846 161.183101 202.47705100000002 american-foulbrood 0
145.58826700000003 149.393035 143.48021698844687 58.822637503629295 98.309969 59.87398699999999 100.41801901155313 150.4443844963707 american-foulbrood 0
311.61965200914364 209.26275939284818 310.000972 139.717633 267.8984929908563 140.69757860715183 269.51717299999996 210.242705 american-foulbrood 0
112.3673520013482 70.01889405792458 110.68771935921419 -2.1449659271295793 18.531245357865973 1.4945836734892026e-8 20.210877999999997 72.16386 american-foulbrood 0
509.1067049999999 609.5525689999998 507.33045799240705 533.2377676737775 454.19106399999987 534.4746009999999 455.9673110075928 610.7894023262222 american-foulbrood 0
153.606948 578.7935090000001 151.90222476889832 505.55163098210363 69.530874 507.4688450000001 71.23559723110168 580.7107230178964 american-foulbrood 0
319.0337670120879 611.9306935193442 317.78292 558.189176 268.2402209879121 559.3422944806557 269.491068 613.083812 american-foulbrood 0
203.35784399999997 357.69840899999997 202.34791598734955 314.3077944564859 159.117062 315.31400399999995 160.12699001265042 358.704618543514 american-foulbrood 0
129.616453 305.9677710000001 128.35592599571135 251.8103698157411 85.548213 252.80673000000002 86.8087400042887 306.96413118425903 american-foulbrood 0
86.7747680006411 317.25208002754454 85.095857 245.11922800000002 39.9432399993589 246.1701669724555 41.62215099999999 318.303019 american-foulbrood 0
489.79831 201.00074199999997 488.51411999244374 145.82673367535625 443.60833499999984 146.871928 444.89252500755606 202.04593632464372 american-foulbrood 0
196.359719 57.788351000000006 195.33957398991168 13.958747566564472 155.24701199999998 14.891912000000001 156.2671570100883 58.72151543343553 american-foulbrood 0