544.5959870000002 480.460775 543.2520360847949 403.465900590955 477.277771 404.617486 478.6217219152053 481.612360409045 american-foulbrood 0
315.274147 311.35696999999993 315.1389155655984 288.1127114448589 272.49311399999993 288.360818 272.6283454344016 311.605076555141 american-foulbrood 0
434.356886 325.95522099999994 434.1479511885733 290.04229081514376 393.342399 290.27968999999996 393.55133381142673 326.1926201848562 american-foulbrood 0
129.557213 485.0456720000001 129.43941455953987 464.79782929349653 97.68310500000001 464.982582 97.80090344046015 485.2304247065035 american-foulbrood 0
162.564782 133.082293 162.36610104615653 98.9319601381062 118.15551000000002 99.18917 118.35419095384351 133.3395028618938 american-foulbrood 0
612.067437 174.159035 611.843248431564 135.62424032691968 541.685604 136.03240499999998 541.909792568436 174.5671996730803 american-foulbrood 0
534.523936 217.22241399999996 534.2907742681492 177.14534592133822 477.5213519999999 177.475621 477.7545137318508 217.55268907866173 american-foulbrood 0
50.426421000000005 276.84595600000006 50.25920835702337 248.1045953027258 4.335345000000001 248.37177300000002 4.502557642976634 277.1131336972743 american-foulbrood 0
34.192265000000006 148.02404300000003 33.56614100874019 112.15343059908474 1.9672729999999947 112.70499099999998 2.593396991259807 148.57560340091527 american-foulbrood 0
579.194923 132.839698 578.8397330021202 71.7877159909198 487.993646 72.31624299999997 488.34883599787986 133.36822500908016 american-foulbrood 0
179.11314400000003 333.2128890000001 178.9534304050004 305.76042856344344 119.65249400000002 306.105431 119.8122075949996 333.55789143655664 american-foulbrood 0