492.68598600000007 169.37704900000003 145.945843 169.377049 145.94584300000002 640 492.6859860000001 640 capped-brood-cells 0
640 3.9188697572715304e-14 0 0 5.618117401607251e-15 91.75082000000005 640 91.75082000000009 wax-sealed-honey-cells 0
99.724466 90.688525 1.1106141186064472e-14 90.688525 1.723017818270744e-14 190.701639 99.72446600000004 190.701639 wax-sealed-honey-cells 0
640 109.41639300000007 556.389549 109.41639300000006 556.389549 235.65901600000007 640 235.65901600000007 wax-sealed-honey-cells 0
640 233.0754100000001 591.141093 233.0754100000001 591.141093 640 640 640 wax-sealed-honey-cells 0
82.02945400000006 190.360656 2.401900000000023 190.360656 2.401900000000049 613.101639 82.02945400000007 613.101639 pollen 0
183.965796 143.318033 99.42802900000002 143.318033 99.42802900000002 232.288525 183.96579600000007 232.288525 pollen 0
596.309739 355.8688520000001 521.303563 355.8688520000001 521.303563 602.557377 596.309739 602.557377 pollen 0
640 3.9188697572715304e-14 0 0 5.7305439578710746e-15 93.58688500000002 640 93.58688500000008 wax-sealed-honey-cells 0
112.34964400000001 93.98032799999999 1.1509270786801838e-14 93.98032799999999 1.803964963273633e-14 200.629508 112.34964400000003 200.629508 wax-sealed-honey-cells 0
639.992399 90.54426200000007 515.260808 90.54426200000006 515.260808 178.67541000000006 639.992399 178.67541000000006 wax-sealed-honey-cells 0
640 186.59672100000006 586.823753 186.59672100000006 586.823753 640 640 640 wax-sealed-honey-cells 0
519.106888 124.85245900000004 250.869359 124.85245900000002 250.86935900000003 631.554098 519.106888 631.554098 capped-brood-cells 0
244.24133000000006 203.75082000000003 111.72636600000003 203.75081999999998 111.72636600000006 639.790164 244.24133000000006 639.790164 capped-brood-cells 0
297.767221 3.130441566273234e-14 213.47268399999996 2.614286391659944e-14 213.47268399999996 80.74754100000004 297.767221 80.74754100000004 worker-bee 0
299.127791 88.20983600000002 144.068409 88.20983600000002 144.068409 137.67868900000002 299.127791 137.67868900000005 worker-bee 0
381.651306 3.5016390000000444 340.4389550000001 3.5016390000000417 340.4389550000001 67.58032800000004 381.651306 67.58032800000005 worker-bee 0
478.388599 0.6032790000000565 444.549169 0.6032790000000544 444.549169 47.71147500000006 478.388599 47.71147500000006 worker-bee 0
563.640855 0.5770490000000652 499.580048 0.5770490000000613 499.580048 76.90491800000005 563.640855 76.90491800000005 worker-bee 0
583.258907 83.81639300000006 525.810926 83.81639300000006 525.810926 173.91475400000004 583.258907 173.91475400000004 worker-bee 0
620.283135 226.67541000000006 573.461283 226.67541000000006 573.461283 325.8229510000001 620.283135 325.8229510000001 worker-bee 0
377.68361000000016 541.468852 288.3420430000001 541.468852 288.3420430000001 629.783607 377.68361000000016 629.783607 worker-bee 0
204.17672200000004 438.37377 176.90451300000007 438.37377 176.90451300000007 493.140984 204.17672200000004 493.140984 worker-bee 0
277.829929 298.163934 256.182423 298.163934 256.182423 350.544262 277.829929 350.544262 worker-bee 0
380.838005 380.340984 348.336342 380.340984 348.336342 423.121311 380.838005 423.121311 worker-bee 0
425.835629 276.813115 389.776722 276.813115 389.776722 359.9344259999999 425.835629 359.9344259999999 queen-bee 0
370.62992899999995 99.02950800000005 330.99857499999996 99.02950800000002 330.99857499999996 183.04262300000005 370.62992899999995 183.04262300000005 worker-bee 0
446.79144899999994 133.04918000000006 424.095012 133.04918000000006 424.095012 173.99344300000007 446.79144899999994 173.99344300000007 worker-bee 0