634.924781 100.80642600000007 400.121283 100.80642600000006 400.121283 358.40000000000003 634.924781 358.4000000000001 capped-brood-cells 0
71.02507300000002 62.80481900000001 1.7819240000000076 62.804818999999995 1.7819240000000143 171.502008 71.02507300000003 171.502008 capped-brood-cells 0
376.013994 60.58152600000003 179.46122400000002 60.581526000000025 179.46122400000002 131.26425700000001 376.013994 131.26425700000004 capped-brood-cells 0
244.28221600000003 212.54939800000002 150.241399 212.549398 150.24139900000003 302.946185 244.28221600000006 302.946185 capped-brood-cells 0
218.31836700000002 315.360643 138.88746400000005 315.360643 138.88746400000005 480.91245000000004 218.31836700000002 480.91245000000004 capped-brood-cells 0
318.2553940000001 364.54297199999996 223.2629740000001 364.54297199999996 223.2629740000001 535.466667 318.25539400000014 535.466667 capped-brood-cells 0
92.43615200000006 352.2313250000001 4.313589647206811e-14 352.2313250000001 4.8770255445687354e-14 444.24739 92.43615200000006 444.24739 capped-brood-cells 0
640 367.88433700000013 467.442566 367.88433700000013 467.44256600000006 583.736546 640 583.736546 worker-bee 0
442.83148700000004 309.770281 335.206997 309.770281 335.2069970000001 640 442.83148700000015 640 worker-bee 0
145.66064100000003 160.03855399999998 11.52186600000002 160.03855399999998 11.521866000000031 360.1863450000001 145.66064100000006 360.1863450000001 worker-bee 0
178.73352799999998 20.330924000000014 73.982507 20.330924000000007 73.98250700000001 170.589558 178.73352799999998 170.589558 worker-bee 0
575.869388 19.22570300000006 419.582507 19.22570300000005 419.582507 91.91325300000005 575.869388 91.91325300000005 worker-bee 0
220.26822200000004 471.813655 5.840233000000058 471.813655 5.840233000000068 639.987149 220.26822200000004 639.987149 worker-bee 0
318.25539400000014 534.4 238.67521900000008 534.4 238.67521900000008 640 318.25539400000014 640 worker-bee 0
391.58484 119.80080300000004 241.10087499999997 119.80080300000003 241.10087500000003 305.632129 391.58484 305.632129 worker-bee 0