389.542191 163.54184000000006 281.517949 163.54184000000006 281.517949 437.830267 389.542191 437.830267 queen-bee 0
274.610723 58.30267100000001 0.0074590000000071405 58.302671 0.0074590000000286285 409.220178 274.610723 409.220178 worker-bee 0
296.36177200000003 372.22551899999996 118.63869500000006 372.22551899999996 118.63869500000007 640 296.3617720000001 640 worker-bee 0
157.38927700000005 507.40415400000006 28.255478000000064 507.40415400000006 28.255478000000068 640 157.38927700000005 640 worker-bee 0
98.46153800000005 345.751929 4.2342399314887294e-14 345.751929 5.080343677882991e-14 483.931157 98.46153800000008 483.931157 worker-bee 0
447.98508200000003 0.009496000000042111 239.753846 0.009496000000029361 239.753846 146.41186900000005 447.98508200000003 146.41186900000005 worker-bee 0
622.769231 6.404474561787336e-14 423.160839 5.182225670058585e-14 423.160839 240.27537100000006 622.769231 240.27537100000006 worker-bee 0
536.428904 253.80652800000004 327.34731899999997 253.80652800000004 327.3473190000001 639.990504 536.428904 639.990504 worker-bee 0
639.992541 229.23204700000008 508.277855 229.23204700000008 508.277855 433.74718100000007 639.992541 433.74718100000007 worker-bee 0
143.34359000000006 363.299703 76.70303000000006 363.299703 76.70303000000006 502.61839800000007 143.34359000000006 502.61839800000007 capped-brood-cells 0
292.147319 224.75964400000004 212.54265699999996 224.75964400000004 212.54265700000002 288.303858 292.147319 288.303858 capped-brood-cells 0
319.53007 144.32284900000005 267.837762 144.32284900000005 267.837762 206.06290800000005 319.53007 206.06290800000005 capped-brood-cells 0
525.889044 34.85816000000006 460.009324 34.858160000000055 460.009324 102.86528200000005 525.889044 102.86528200000005 capped-brood-cells 0
271.776224 49.37685500000002 237.986014 49.37685500000002 237.986014 122.30267100000003 271.776224 122.30267100000003 capped-brood-cells 0
64.92494200000003 259.313947 7.339860000000032 259.313947 7.339860000000035 335.449258 64.92494200000003 335.449258 capped-brood-cells 0
73.853613 3.2474780000000045 1.7529140000000005 3.247478 1.752914000000005 73.438576 73.853613 73.438576 capped-brood-cells 0
198.362704 51.01008900000002 154.219114 51.01008900000002 154.219114 100.27299700000003 198.362704 100.27299700000003 capped-brood-cells 0
30.441026000000075 555.005341 6.796855143653354e-14 555.005341 7.317239182868183e-14 639.990504 30.44102600000008 639.990504 capped-brood-cells 0
357.2139860000001 559.078932 281.1449880000001 559.078932 281.1449880000001 598.390504 357.2139860000001 598.390504 capped-brood-cells 0
372.04289000000006 417.832641 321.84242400000005 417.832641 321.84242400000005 470.191098 372.0428900000001 470.191098 capped-brood-cells 0