143.63883018009886 417.6249899942029 88.55821800000004 416.022308 87.48496881990127 452.90749300579716 142.56558100000007 454.51017500000006 wax-moth-larva 0
144.94370581124306 314.25583028353833 11.740116000000036 310.38000199999993 9.954692188757022 371.74104371646166 143.15828200000007 375.61687200000006 wax-moth-larva 0
441.7848336608456 246.5041845725562 370.775136 244.43801400000007 369.5127053391543 287.8249544274439 440.52240300000005 289.89112500000005 wax-moth-larva 0
267.98229658871037 7.797488592991405 75.091262 2.1849330000000093 72.18870141128967 101.93947540700864 265.079736 107.55203100000006 empty-cells 0
235.0744354191745 101.81281430828649 188.89000700000003 100.46898500000003 188.02588858082558 130.1668156917136 234.21031700000003 131.51064500000007 wax-moth-larva 0
304.81320141184233 187.56152287777206 247.432054 185.89190200000002 246.66202758815774 212.35599312222797 304.0431750000001 214.02561400000002 wax-moth-larva 0
286.47016721637743 184.46034268356786 189.915072 181.65087599999998 187.83806178362255 253.03307831643218 284.393157 255.84254500000003 wax-moth-larva 0
537.1103591885393 15.628315394737328 426.306796 12.404261000000051 423.2007568114607 119.15190460526277 534.00432 122.37595900000005 empty-cells 0
515.4300924728492 115.11667201956953 463.52758800000004 113.60646300000006 462.26715152715093 156.9248439804306 514.169656 158.43505300000007 wax-moth-larva 0
372.5792931889202 449.70939803810654 274.18048700000014 446.8462850000001 271.58380881108 536.0883199618938 369.98261500000007 538.9514330000002 wax-moth-larva 0
353.547240759408 384.7520340220581 214.44353000000004 380.70453 212.439001240592 449.5957249779419 351.54271199999994 453.643229 wax-moth-larva 0
453.2127967818422 361.0282728032178 392.1812320000001 359.2524350000001 390.47926021815795 417.7453901967824 451.5108250000002 419.5212280000001 wax-moth-larva 0
596.8303121025949 463.0962220757612 440.9179720000001 458.55963600000007 438.44298189740533 543.619522924239 594.3553220000001 548.1561090000001 wax-moth-larva 0
214.16981534879312 466.4860541057888 17.985973000000055 460.7776869999999 15.551545651206986 544.4435238942111 211.73538800000006 550.1518910000001 empty-cells 0
169.70855889216955 143.19172364364616 38.117924000000016 140.12891800000003 34.82135310783051 281.7630623563539 166.41198800000006 284.825868 empty-cells 0
636.1386699051045 86.67980222894322 523.859388 84.06647300000006 520.9553920948955 208.83398077105693 633.234674 211.44731000000007 empty-cells 0
633.3311754134173 296.15315713964736 528.4917070000001 293.1026410000001 525.536282586583 394.6740178603529 630.3757510000002 397.7245340000001 empty-cells 0
309.2933728644647 544.0644971231068 29.962420000000073 535.9367970000001 26.99369571127722 637.9652394622524 306.32464857574183 646.0929395853591 empty-cells 0
350.4451471787235 323.6662055139871 265.03507300000007 321.181027 263.61537882127664 369.9727674860129 349.0254530000001 372.45794600000005 empty-cells 0
445.27652345890385 165.55092561143488 385.856548 163.82198100000005 384.5232985410961 209.6427953885652 443.943274 211.37174000000005 empty-cells 0
445.4643473319736 120.19426205869269 393.226211 118.67428700000006 391.9963626680265 160.9414179413074 444.2344990000001 162.46139300000007 empty-cells 0
430.4440545526376 66.06255229344038 386.0419259999999 65.02908100000005 384.8926324473623 114.4074047065597 429.294761 115.44087600000005 empty-cells 0
321.28331424486714 77.05994517246732 255.96961600000003 75.53975200000002 254.06629875513286 157.31402282753274 319.37999700000006 158.83421600000003 empty-cells 0
205.34056133505047 273.96188276995923 153.347336 272.449035 152.17700266494958 312.6707982300408 204.17022800000007 314.18364600000007 wax-moth-larva 0
288.62709615083793 260.9347285007839 230.66196499999995 259.585575 229.0424038491621 329.16852049921613 287.007535 330.51767400000006 wax-moth-larva 0