633.1696476545524 200.44170999281565 425.687802 195.61251700000003 423.9331153454475 271.0010190071844 631.4149609999998 275.8302120000001 capped-brood-cells 0
641.5056451163573 353.46861628097145 340.13159400000006 346.45405700000015 338.6259488836429 411.1427067190288 640.0000000000001 418.15726600000016 capped-brood-cells 0
563.7976315622592 40.0016104425228 460.68936699999995 37.60173900000005 459.3936984377407 93.26894455747733 562.5019629999999 95.66881600000005 capped-brood-cells 0
634.4243262312661 84.95786173863405 538.110695 82.71613700000006 536.5206407687339 151.0313472613661 632.834272 153.2730720000001 capped-brood-cells 0
241.8124127089332 24.730482333414074 134.99856600000004 22.244363000000014 133.19132729106687 99.89072366658597 240.00517400000004 102.37684300000001 capped-brood-cells 0
304.39924379914174 102.82106051535976 198.561759 100.35766600000001 197.31794520085828 153.7969844846403 303.15543 156.26037900000006 capped-brood-cells 0
224.30925116466156 484.1362075794673 134.14289600000004 482.037562 132.69980183533855 544.038760420533 222.86615700000004 546.1374060000002 capped-brood-cells 0
414.91941300777023 550.7674297062388 321.8889500000001 548.6021220000001 320.3635399922299 614.1399662937615 413.3940030000001 616.3052740000002 capped-brood-cells 0
118.79853703224012 215.12875425338586 10.593329000000026 212.61024999999995 8.859569967759935 287.0996047466142 117.06477800000003 289.61810900000006 capped-brood-cells 0
276.13413479380955 302.5413900653731 215.11623148509676 288.2309755076995 202.4567039325907 342.2096932464242 263.4746072413035 356.52010780409785 bee-larvae 0
158.55892628888296 352.0598107593655 154.8877708754339 289.7870035397335 50.68448152637201 295.9300776498149 54.35563693982108 358.2028848694469 bee-larvae 0
219.61093661280307 359.58044001231144 165.08606576443788 355.10860699023044 160.69795354297815 408.6126736585967 215.22282439134335 413.0845066806777 bee-larvae 0
168.83244773279415 477.2260127484742 164.96273759340613 415.6486910580892 103.52300510005593 419.50975466501654 107.39271523944396 481.08707635540156 bee-larvae 0
124.80620483499828 534.8234542677708 120.84756696086272 476.3859198274532 57.097460632956924 480.7044385296336 61.05609850709247 539.1419729699511 bee-larvae 0
207.619869468796 562.7263677615116 144.7833937478642 542.9169294617476 131.91644156989034 583.731510667883 194.75291729082213 603.540948967647 bee-larvae 0
331.2553022536746 410.65755019536766 329.7090608270731 350.0846600911314 231.81493458987893 352.583599024843 233.36117601648044 413.15648912907926 bee-larvae 0
377.7207540142691 288.5735500241594 305.25871130613376 283.52711717747 300.86063604957116 346.6793529758137 373.3226787577065 351.72578582250304 bee-larvae 0
499.168372397961 347.7898509916261 497.0177010369022 277.9807155193789 383.40756845127146 281.4808026759537 385.55823981233016 351.2899381482009 bee-larvae 0
609.6754640235323 343.46190454589464 599.4461354354943 271.4455788345387 510.5407315115723 284.07386250503765 520.7700600996103 356.0901882163936 bee-larvae 0
513.6619475022916 430.6927915276816 430.9514782596234 398.3433113823137 410.4748912282223 450.69741766918173 493.1853604708905 483.04689781454965 bee-larvae 0
468.8424282646009 471.2415219550905 385.05878009174893 468.61398115232146 382.6204148678904 546.3654413075275 466.40406304074247 548.9929821102966 bee-larvae 0
403.2204913594617 475.4928948812508 396.04365245903443 407.24942791985177 291.2758842633125 418.26735282573765 298.45272316373973 486.5108197871367 bee-larvae 0
307.5797061443505 549.8267228692054 237.06890085769672 542.5548541476835 232.2243346317054 589.5296111105249 302.73513991835915 596.8014798320468 bee-larvae 0
200.28335610299905 108.85569824688628 106.00575052891813 93.69406002895818 95.60746559207112 158.3523371776486 189.88507116615204 173.5139753955767 bee-larvae 0
155.20338976734698 175.7572605389413 49.62791436221157 151.0578918306279 34.76788050725845 214.5759176271753 140.34335591239386 239.27528633548866 bee-larvae 0
92.77155753661278 163.3913277888763 88.2479818079451 106.73254648332784 24.27561697638898 111.84003079889962 28.799192705056655 168.4988121044481 bee-larvae 0
389.3663748762686 9.062602810502664 329.99999999999994 7.680835000000038 329.32565700956934 36.65335734478236 388.692031885838 38.03512515528499 bee-larvae 0
531.9662840443449 598.6225427898585 527.1729599078528 527.863296435678 416.91153847216384 535.3325497124322 421.704862608656 606.0917960666127 bee-larvae 0
96.52643663978623 567.2570871371807 30.472083454971056 541.8610846117142 15.197648835567577 581.5894984845944 81.25200202038275 606.985501010061 bee-larvae 0
50.357740009675034 294.78942220529893 5.131789000000038 294 4.1357294916464875 351.0641897645368 49.36168050132147 351.8536119698358 bee-larvae 0
286.48113541818276 476.41308187825047 284.8619406190687 415.8781228289381 188.01949502476788 418.46847370556185 189.6386898238819 479.0034327548743 bee-larvae 0