68.39477800000002 32.12707600000001 10.510705000000002 32.127076 10.510705000000009 116.898195 68.39477800000003 116.898195 worker-bee 0
311.527937 28.823105000000034 207.05587500000001 28.82310500000003 207.05587500000001 208.46209400000004 311.527937 208.46209400000006 worker-bee 0
357.347258 7.913357000000042 317.643864 7.9133570000000395 317.643864 64.95884500000004 357.347258 64.95884500000005 worker-bee 0
129.863185 1.2802323294532564e-14 79.214621 9.700993205332072e-15 79.214621 66.21805100000002 129.863185 66.21805100000003 worker-bee 0
630.408355 6.341201941892886e-14 405.188512 4.96212814272079e-14 405.188512 240.15018100000006 630.408355 240.15018100000006 worker-bee 0
398.730026 147.63898900000007 320.041775 147.63898900000007 320.041775 223.42238300000005 398.730026 223.42238300000005 worker-bee 0
241.51227200000005 325.880144 1.75456900000004 325.880144 1.754569000000059 639.988448 241.51227200000005 639.988448 worker-bee 0
326.80939900000004 369.88303200000007 274.690339 369.88303200000007 274.69033900000005 517.475812 326.8093990000001 517.475812 worker-bee 0
434.999478 279.68231 366.186945 279.68231 366.186945 359.901805 434.999478 359.901805 worker-bee 0
538.753003 364.38411600000006 411.55509100000006 364.384116 411.55509100000006 563.269314 538.753003 563.269314 worker-bee 0
409.54986900000006 476.615162 331.9812010000001 476.615162 331.9812010000001 639.988448 409.54986900000006 639.988448 worker-bee 0
489.7336810000001 543.745848 420.3028720000001 543.745848 420.3028720000001 640 489.7336810000001 640 worker-bee 0
639.991645 270.8678700000001 544.42611 270.8678700000001 544.42611 407.4397110000001 639.991645 407.4397110000001 worker-bee 0
599.218799 561.351625 533.297128 561.351625 533.297128 640 599.218799 640 worker-bee 0
640 405.09458500000005 538.067885 405.09458500000005 538.067885 550.05343 640 550.05343 capped-brood-cells 0
198.23289800000003 125.64332100000001 9.708616000000013 125.643321 9.708616000000026 322.911191 198.23289800000003 322.911191 capped-brood-cells 0
364.34882500000003 224.65848400000002 214.993211 224.658484 214.99321100000003 364.280144 364.34882500000003 364.280144 capped-brood-cells 0
541.301305 245.56823100000005 412.348825 245.56823100000005 412.348825 364.30324900000005 541.301305 364.3032490000001 capped-brood-cells 0
415.89973900000007 68.42454900000004 322.422977 68.42454900000003 322.422977 157.40072200000006 415.89973900000007 157.40072200000006 capped-brood-cells 0
198.85953 2.4259930000000196 125.084073 2.425993000000015 125.08407300000002 128.34657 198.85953 128.34657 capped-brood-cells 0
325.5227150000001 526.140072 253.98642300000006 526.140072 253.98642300000006 640 325.5227150000001 640 capped-brood-cells 0
408.2715400000001 367.699639 335.164491 367.699639 335.164491 483.153791 408.27154000000013 483.153791 capped-brood-cells 0