157.687034 6.87731100000001 10.391654 6.8773110000000015 10.391654000000013 200.477311 157.687034 200.477311 chalk-brood 0
530.432191 3.556303000000044 183.56363600000003 3.5563030000000224 183.56363600000003 221.788235 530.432191 221.78823500000004 chalk-brood 0
437.87541 229.90924400000006 227.648286 229.909244 227.64828600000004 394.036975 437.87541 394.036975 chalk-brood 0
539.250075 229.91596600000005 454.342772 229.91596600000005 454.342772 419.79159700000014 539.250075 419.79159700000014 chalk-brood 0
640 55.69747900000007 517.317437 55.69747900000006 517.317437 235.09916000000007 640 235.09916000000007 chalk-brood 0
596.53532 457.37815100000006 347.288227 457.378151 347.2882270000001 570.736134 596.53532 570.736134 chalk-brood 0
624.872727 327.5563030000001 546.432191 327.5563030000001 546.432191 477.49916000000013 624.872727 477.49916000000013 chalk-brood 0
640 566.12437 507.0783900000001 566.12437 507.0783900000001 640 640 640 chalk-brood 0
214.98658700000004 394.137815 93.83487300000006 394.137815 93.83487300000006 456.201681 214.98658700000004 456.201681 pollen 0
33.025335000000034 224.356303 0.9490310000000275 224.356303 0.9490310000000362 365.626891 33.02533500000004 365.626891 pollen 0
225.05871800000006 490.668908 167.02950800000002 490.668908 167.02950800000002 624.894118 225.05871800000006 624.894118 pollen 0
313.2089420000001 577.216807 241.02533500000007 577.216807 241.02533500000007 639.993277 313.2089420000001 639.993277 pollen 0
337.75976200000014 515.085714 265.4235470000001 515.085714 265.4235470000001 568.07395 337.75976200000014 568.07395 pollen 0
409.5427720000001 614.944538 353.5928460000001 614.944538 353.5928460000001 639.993277 409.5427720000001 639.993277 pollen 0
81.50700400000004 289.828571 35.581520000000026 289.828571 35.58152000000004 457.976471 81.50700400000005 457.976471 pollen 0
175.31803300000007 480.685714 96.19076000000005 480.685714 96.19076000000005 532.557983 175.31803300000007 532.557983 pollen 0