48.52378500000002 159.627534 2.9872120000000195 159.627534 2.9872120000000226 211.812766 48.52378500000002 211.812766 american-foulbrood 0
134.244501 10.889612000000014 80.327366 10.88961200000001 80.327366 57.72415500000002 134.244501 57.72415500000002 american-foulbrood 0
363.2 102.52816000000004 317.786189 102.52816000000003 317.786189 171.43028800000002 363.2 171.43028800000002 american-foulbrood 0
418.83580600000005 190.17371700000007 313.710486 190.17371700000007 313.710486 298.677347 418.83580600000005 298.677347 american-foulbrood 0
347.22046000000006 407.969962 275.723785 407.969962 275.7237850000001 497.401752 347.2204600000001 497.401752 american-foulbrood 0
461.15191800000014 508.89612 355.77289000000013 508.89612 355.77289000000013 576.044055 461.15191800000014 576.044055 american-foulbrood 0
212.66496200000006 445.148436 172.59539600000005 445.148436 172.59539600000005 495.002753 212.66496200000006 495.002753 american-foulbrood 0
73.77186700000009 603.185982 31.47621500000007 603.185982 31.476215000000074 640 73.77186700000009 640 american-foulbrood 0
491.359591 399.995995 443.973402 399.995995 443.973402 430.17772200000013 491.359591 430.17772200000013 american-foulbrood 0
500.03478299999995 287.11889900000006 445.331969 287.118899 445.331969 346.232791 500.03478299999995 346.23279100000013 american-foulbrood 0
462.0521739999999 71.97396700000006 419.543734 71.97396700000006 419.543734 101.81126400000005 462.0521739999999 101.81126400000005 american-foulbrood 0
605.286957 445.1524410000001 559.300256 445.1524410000001 559.300256 524.763955 605.286957 524.763955 american-foulbrood 0
616.143223 245.9434290000001 529.456777 245.9434290000001 529.456777 310.0956200000001 616.143223 310.0956200000001 american-foulbrood 0