633.87234 25.60000000000004 3.1350958058172244e-15 25.6 4.075624547562392e-14 640 633.87234 640 capped-brood-cells 0
633.73617 45.92355600000003 2.893617000000005 45.92355599999999 2.893617000000041 632.874667 633.73617 632.874667 capped-brood-cells 0
218.60425500000005 514.289778 99.76170200000006 514.289778 99.76170200000007 615.352889 218.60425500000005 615.352889 worker-bee 0
475.2680850000001 496.4408890000001 423.59148900000014 496.44088899999997 423.59148900000014 545.422222 475.2680850000001 545.422222 worker-bee 0
556.434043 461.14133300000003 513.080851 461.14133300000003 513.080851 587.093333 556.434043 587.093333 worker-bee 0
345.838298 235.94666700000005 280.782979 235.94666700000005 280.782979 306.033778 345.838298 306.033778 worker-bee 0
417.387234 247.72266700000006 379.344681 247.72266700000006 379.344681 427.093333 417.387234 427.093333 worker-bee 0
345.04680900000005 419.143111 288.825532 419.143111 288.82553200000007 498.360889 345.0468090000001 498.360889 worker-bee 0
406.1191490000001 506.510222 352.1787230000001 506.510222 352.1787230000001 600.547556 406.1191490000001 600.547556 worker-bee 0
158.08510600000005 377.116444 134.95319100000006 377.116444 134.95319100000006 427.064889 158.08510600000005 427.064889 worker-bee 0
211.948936 109.92355600000003 180.221277 109.92355600000003 180.221277 160.81066700000002 211.948936 160.81066700000002 worker-bee 0
239.25957400000004 256.128 191.2765960000001 256.128 191.2765960000001 324.87822199999994 239.25957400000004 324.87822199999994 worker-bee 0
241.68510600000005 410.73777800000005 196.3063830000001 410.73777800000005 196.3063830000001 466.090667 241.68510600000005 466.090667 worker-bee 0
142.80851100000007 435.925333 91.71063800000006 435.925333 91.71063800000006 519.864889 142.80851100000007 519.864889 worker-bee 0