200.14799300000007 553.614619 167.79057600000004 553.614619 167.79057600000004 594.356191 200.14799300000007 594.356191 american-foulbrood 0
87.93019200000006 502.415315 51.12740000000006 502.415315 51.127400000000065 552.082072 87.93019200000006 552.082072 american-foulbrood 0
189.218848 107.58215900000003 155.375916 107.58215900000003 155.375916 183.63124599999998 189.218848 183.63124599999998 american-foulbrood 0
85.03324096212259 343.58995979879455 83.86457200000001 276.636988 13.12243003787742 277.8717972012054 14.291099000000003 344.824769 american-foulbrood 0
51.92600300000002 121.736121 22.014660000000013 121.736121 22.014660000000017 178.516583 51.92600300000003 178.516583 american-foulbrood 0
75.63281000000003 172.29568800000004 38.763002000000014 172.29568800000004 38.76300200000002 221.0571 75.63281000000003 221.0571 american-foulbrood 0
454.7433251782209 486.85675981255497 453.673997 425.594972 390.347076821779 426.70034718744495 391.41640499999994 487.962135 american-foulbrood 0
350.71553199999994 376.27370499999995 315.264223 376.27370499999995 315.264223 422.52650500000004 350.71553199999994 422.52650500000004 american-foulbrood 0
340.903316 267.363958 316.141012 267.363958 316.141012 331.578622 340.903316 331.578622 american-foulbrood 0
382.93891799999994 142.79113000000007 339.780803 142.79113000000007 339.780803 238.81924600000005 382.93891799999994 238.81924600000005 american-foulbrood 0
438.26038400000004 244.08044900000004 401.04432799999995 244.08044900000004 401.04432799999995 300.263201 438.26038400000004 300.263201 american-foulbrood 0
414.453054 139.95663000000005 390.539616 139.95663000000005 390.539616 169.72701500000005 414.453054 169.72701500000005 american-foulbrood 0
551.885515 414.78833300000014 514.825829 414.78833300000014 514.825829 477.27770500000014 551.885515 477.27770500000014 american-foulbrood 0
619.124607 311.36877700000014 587.470855 311.36877700000014 587.470855 376.5739870000001 619.124607 376.5739870000001 american-foulbrood 0
293.662827 51.14151800000003 265.382199 51.14151800000003 265.382199 82.40229700000003 293.662827 82.40229700000003 american-foulbrood 0