293.9534649264901 288.3746444202669 212.61430000000001 285.534218 210.86830507351004 335.53296757973317 292.2074700000001 338.3733940000001 american-foulbrood 0
459.8781536228187 235.59203500827093 380.44457800000004 232.81815300000005 378.60527337718145 285.4889379917292 458.0388490000001 288.26282000000003 american-foulbrood 0
448.0212169046476 129.3905456885131 395.895798 127.57028600000005 394.21359109535246 175.742390311487 446.33901000000003 177.56265000000008 american-foulbrood 0
344.1505508150481 137.0992897716557 271.72266600000006 134.57005200000003 270.22496918495193 177.45847222834436 342.65285399999993 179.98771000000005 american-foulbrood 0
110.5693190166397 410.45281246293155 44.160523000000055 408.133766 42.732412983360426 449.02948253706836 109.14120900000007 451.34852900000004 american-foulbrood 0
464.7879025211924 572.0644529006926 376.9842610000001 568.9982830000001 375.49183647880784 611.7357410993077 463.2954780000001 614.8019110000001 american-foulbrood 0
413.12037035951624 392.6630444816568 337.37437000000006 390.0179360000001 335.8007606404839 435.0802145183434 411.54676100000006 437.7253230000001 american-foulbrood 0
498.68989634829745 162.71932432010587 443.8931620000001 160.80578000000006 442.3142806517027 206.0190216798943 497.11101500000007 207.9325660000001 capped-brood-cells 0
453.4400515359556 231.14847617002934 451.9649996445146 182.04606253782168 384.28977705614705 184.0790474299774 385.76482894758794 233.1814610621851 chalk-brood 0
629.7931167234013 274.0976670904482 458.299253 268.10897000000006 453.50251227659874 405.46966590955185 624.996376 411.4583630000001 american-foulbrood 0
456.5683570806674 280.048714421121 393.5295884529987 274.10710360208714 389.1245233437376 320.8435676133194 452.16329197140624 326.7851784323533 chalk-brood 0
442.0523362805245 15.436808197598527 377.7022482921384 13.189652820894768 376.5951859673117 44.89175884781468 440.94527395569787 47.13891422451844 chalk-brood 0
617.428793 189.57553999999993 613.0385753850344 38.693569343189324 501.9873659999999 41.92483 506.3775836149655 192.8068006568106 capped-brood-cells 0
385.9470299999999 113.79350099999999 383.4435850902102 27.755658299548447 337.03475500000013 29.106016999999994 339.53819990978985 115.14385970045156 capped-brood-cells 0
499.043142 119.360171 497.4236922724574 63.70329679723734 446.763188 65.177367 448.38263772754266 120.83424120276266 capped-brood-cells 0
111.5978716391555 458.55331816097487 54.49293200000005 456.559169 53.13440836084463 495.4621818390251 110.23934800000006 497.456331 capped-brood-cells 0
218.02415257865982 460.10841116583106 156.54388500000005 457.96147300000007 155.16849242134035 497.34756483416913 216.6487600000001 499.4945030000001 capped-brood-cells 0
162.35608492874547 481.5392445262848 105.20882000000003 479.54361800000004 103.73484607125465 521.7527074737152 160.8821110000001 523.7483340000001 capped-brood-cells 0
445.31392800000003 606.966929 351.03311100000013 606.966929 351.03311100000013 640 445.31392800000003 640 american-foulbrood 0
291.726133 252.34666900000002 284.92558761944963 18.627099627173084 212.58365599999996 20.732035000000003 219.38420138055034 254.45160437282692 empty-cells 0
219.61448200000004 180.512688 216.91759288370008 87.82662625394988 160.96893599999999 89.454566 163.6658251162999 182.14062774605014 american-foulbrood 0
216.34784761886183 207.27246269917453 11.740273000000023 200.12740900000006 7.168107381138247 331.0571063008256 211.77568200000002 338.20216000000005 empty-cells 0
348.6483091857938 359.0033862639889 182.742998 353.209846 178.6357988142064 470.8246597360112 344.5411100000001 476.61820000000006 empty-cells 0
273.6527660000001 519.821356 19.645162000000063 519.821356 19.64516200000007 640 273.6527660000001 640 empty-cells 0
643.3833921325692 396.49457565642035 454.79348500000003 389.90887100000003 451.4100928671743 486.79654535093323 639.9999999997434 493.3822500073535 empty-cells 0
640 492.1041310000001 581.974504 492.1041310000001 581.974504 640 640 640 empty-cells 0
522.099403 640.0000000000001 518.3126090483944 509.85633778283375 452.69720899999993 511.765551 456.4840029516056 641.9092132171663 empty-cells 0