290.0234899328859 114.46644295302016 222.0114093959732 22.79798657718122 117.21476510067114 100.5503355704698 185.2268456375839 192.21879194630876 bee-larvae 0
425.1299270072992 60.20729927007304 307.0102189781021 46.57810218978106 293.9810218978102 159.49781021897815 412.1007299270073 173.12700729927008 bee-larvae 0
569.9114948731786 159.0971397733405 564.8235294117648 49.70588235294116 454.9681597409606 54.815434430653 460.05612520237446 164.2066918510523 bee-larvae 0
639.9195728349741 287.475888536626 627.3288836976473 166.29050558985483 519.9811446687802 177.4435174370098 532.5718338061071 298.628900383781 bee-larvae 0
502.3592356687898 285.05859872611467 498.1210191082803 166.38853503184717 369.7490445859873 170.97324840764333 373.98726114649685 289.64331210191085 bee-larvae 0
598.5294855708909 388.1606022584692 550.8168130489335 275.3851944792974 435.659974905897 324.1053952321205 483.37264742785436 436.8808030112923 bee-larvae 0
433.6798165137616 410.4339449541285 430.0211009174313 289.6963302752294 302.3201834862386 293.56605504587156 305.97889908256883 414.30366972477066 bee-larvae 0
345.8615384615385 201.10769230769236 255.89230769230772 189.8615384615385 244.4615384615385 281.3076923076923 334.43076923076933 292.55384615384617 bee-larvae 0
190.6192026037429 187.66395443449963 96.98209926769734 182.313262815297 91.71765663140766 274.44100895036615 185.35475996745328 279.7917005695688 bee-larvae 0
278.9925729442972 332.71989389920435 214.29867374005312 323.6928381962866 203.5305039787799 400.8647214854112 268.224403183024 409.891777188329 bee-larvae 0
357.9893491124261 426.1455621301776 231.8112426035504 416.91301775147934 223.32958579881665 532.8289940828404 349.5076923076924 542.0615384615386 bee-larvae 0
505.00000000000006 418.00000000000006 386.0000000000001 418 386.0000000000001 537 505.0000000000001 537 bee-larvae 0
640.1619352259098 447.9032387045183 556.4954018392643 446.2299080367854 555.3334666133546 504.3266693322671 639.0000000000001 506.0000000000001 bee-larvae 0
443.6302652106086 550.0608424336974 324.63650546021853 531.021840873635 308.19344773790965 633.7909516380656 427.1872074882997 652.829953198128 bee-larvae 0
278.0000000000001 542 151.00000000000006 542 151.00000000000006 640 278.0000000000001 640 bee-larvae 0
120.73136246786632 73.89331619537276 42.230077120822635 53.54113110539846 19.286632390745517 142.03727506426736 97.7879177377892 162.38946015424165 bee-larvae 0
98.00000000000004 291 14.000000000000037 291 14.000000000000043 395 98.00000000000006 395 bee-larvae 0