614.1837000056378 233.6641632146039 541.5777910251268 124.06374770290563 447.19556713753195 186.58821099957515 519.8014761180428 296.1886265112734 bee-larvae 0
591.6833963045026 313.5228312650397 478.76201209048656 299.8180856788346 464.4403825841622 417.8223359497994 577.3617667981782 431.5270815360045 bee-larvae 0
588.3768812048946 569.7778837085724 581.6140455503515 460.0877156365891 471.7476379779988 466.8614171581264 478.51047363254196 576.5515852301097 bee-larvae 0
468.5733123660635 634.097500950657 461.7884537927822 527.1640223105335 340.7021092763597 534.8468708734649 347.48696784964096 641.7803495135886 bee-larvae 0
470.28865755962215 503.6422157586059 467.1966152969339 375.1989388527546 348.4482213096575 378.05759414153374 351.5402635723458 506.50087104738486 bee-larvae 0
361.1805736522523 555.153754544197 313.60417887756495 439.23552579202703 200.49064860463244 485.6607863274444 248.06704337931978 601.5790150796144 bee-larvae 0
347.1458545536316 308.803640358192 226.09062308241406 305.8406221154268 222.95716603218045 433.8591955573337 344.012397503398 436.8222138000989 bee-larvae 0
448.6962630282957 260.7749025617885 357.24920679947707 248.79457140956194 345.4617552432444 338.76935854697365 436.908811472063 350.7496896992002 bee-larvae 0
457.25622685467033 102.20937210564787 365.1816159660654 96.15907822669925 359.03254631895425 189.73687897694646 451.1071572075591 195.78717285589508 bee-larvae 0
315.869460102373 221.02092334897804 239.52786931069951 205.27181067903996 226.30930492986448 269.3469274150653 302.650895721538 285.0960400850034 bee-larvae 0
224.4699440374078 238.7866430192147 110.87150490207134 220.54983462608556 90.53803728087578 347.20852041054445 204.13647641621225 365.44532880367353 bee-larvae 0
219.86793699186813 506.11238615044374 219.17809584335689 387.5393219496185 99.89929662798481 388.23326896362505 100.58913777649605 506.80633316445034 bee-larvae 0
189.53839100000005 557.966493 130.30804200000006 557.966493 130.30804200000006 640 189.53839100000005 640 bee-larvae 0
100.89394600000004 313.302537 4.003898748027722e-14 313.302537 4.751645801138585e-14 435.418898 100.89394600000006 435.418898 bee-larvae 0
96.70262400000001 151.255993 1.9094829256726614e-14 151.255993 2.688202398516081e-14 278.430534 96.70262400000001 278.430534 bee-larvae 0
589.777850401733 59.39903770736353 502.54772103225326 24.03421502552669 473.1684887507751 96.50041274254649 560.3986181202548 131.86523542438334 bee-larvae 0
351.221442653478 21.202109835330333 250.46684197708578 12.783483231769793 243.24279114487015 99.24133332313858 343.99739182126234 107.65995992669912 bee-larvae 0