538.0156476514811 524.0318728494482 471.68196072376924 432.22679412503135 365.06279588783013 509.2643872406752 431.396482815542 601.0694659650921 bee-larvae 0
357.26746794905284 466.08724865838747 238.11061390802502 463.44373017486123 235.6021052097352 576.5150049495522 354.75895925076304 579.1585234330785 bee-larvae 0
198.5393044644236 581.1616549372188 196.24124856790763 471.03038557026053 86.22545744050586 473.32603183824085 88.52351333702181 583.4573012051991 bee-larvae 0
125.63980929702149 350.0934556077923 13.466097005783343 346.9537162077708 10.154683922248333 465.26082746272294 122.32839621348649 468.4005668627444 bee-larvae 0
283.9977692120396 459.83054545074515 276.1472314208908 341.2776112969235 147.85695839656677 349.77295258731687 155.70749618771555 468.3258867411385 bee-larvae 0
208.06560987587505 319.45620704000646 171.52729858442015 201.63208822328266 51.94671900490601 238.71509368063988 88.48503029636089 356.5392124973637 bee-larvae 0
349.14769705327535 333.4309119127603 338.70553260720436 212.58975854413643 211.6121909467247 223.57218908723976 222.05435539279563 344.4133424558636 bee-larvae 0
406.1262123930936 345.6367719089052 316.0234607768101 336.30666431476135 306.5157036957961 428.12501325173065 396.6184553120796 437.4551208458745 bee-larvae 0
559.1955077345758 347.10859573203146 465.28769774818164 343.9913081398828 462.2295080193228 436.1188040704284 556.137318005717 439.23609166257705 bee-larvae 0
442.63214705183964 223.19575849257885 376.2468884362341 218.1541430529527 370.34506412636506 295.8661656786963 436.73032274197055 300.9077811183225 bee-larvae 0
420.476916702588 93.91052125327406 293.80114559494797 86.83686897097755 287.34415721060736 202.46935272573086 414.0199283182474 209.54300500802736 bee-larvae 0
263.83787792340667 210.1327782273973 253.07601309371637 90.41462386556466 136.10677263205523 100.92937964166325 146.86863746174552 220.64753400349588 bee-larvae 0
89.07809339404224 134.3921477513939 4.899002000000017 133.965079 4.608654634697325 191.1951557032508 88.78774602873955 191.6222244546447 bee-larvae 0
327.756523 3.3351199637731756e-14 206.04749300000003 2.5898670936890296e-14 206.04749300000003 93.29202600000004 327.756523 93.29202600000004 bee-larvae 0
490.716725 5.250348981213309e-14 362.69832899999994 4.466462386746417e-14 362.69832899999994 83.89200900000006 490.716725 83.89200900000006 bee-larvae 0
636.4385414593958 480.9444876344394 562.7971727218584 454.5192190932596 530.9928376456123 543.1508544975395 604.6342063831497 569.5761230387193 bee-larvae 0
638.2724516563961 229.7119004120774 551.0585646264086 224.59513331509808 545.174328796192 324.89031369516294 632.3882158261795 330.00708079214223 bee-larvae 0