377.9978185342054 5.512032658504911 191.37777797651376 3.3405119997267354 183.98025895906525 639.0817809035689 370.60029951675693 641.2533015623471 capped-brood-cells 0
618.7408904661598 9.51385791133005 397.6888890000001 6.941685000000049 392.53161853384034 450.15642908867017 613.5836200000001 452.7286020000002 capped-brood-cells 0
195.53936835426796 336.74806054344776 4.085620730620576e-14 334.4727540000001 -3.371395354267883 624.2097654565523 192.16797300000002 626.4850720000001 worker-bee 0
183.32265114229176 262.51057204267084 78.91906200000004 260.688201 77.53039185770832 340.24507695732916 181.93398100000002 342.067448 worker-bee 0
185.0188627169753 207.69331532769036 128.402684 207.03452599999997 127.67326728302473 269.7204036723096 184.289446 270.379193 worker-bee 0
92.97774837812666 1.6326023204715727 4.5430980000000005 0.08897000000000056 3.6538766218733514 51.032436679528445 92.08852700000001 52.57606900000002 worker-bee 0
236.61496304398474 36.16565352048062 165.163213 35.33423700000002 163.1762389560153 206.0943424795194 234.62798900000007 206.92575900000003 worker-bee 0
385.31858108752647 41.95219337882922 239.076582 40.25051400000003 237.27150991247353 195.37806262117087 383.513509 197.079742 worker-bee 0
273.57671513398117 275.04837753701514 213.24670500000002 274.3463740000001 211.8852728660189 391.34751446298503 272.215283 392.0495180000001 worker-bee 0
386.46087531222554 341.9461925038032 277.21891200000005 340.675047 275.89646668777453 454.32570449619686 385.13843 455.5968500000001 worker-bee 0
382.5317561796604 205.76527900930353 277.65424 203.93463500000001 275.8511618203396 307.23290599069657 380.72867799999995 309.0635500000001 worker-bee 0
459.04070085801914 249.2269180764356 383.49978400000003 248.34792000000004 381.852939141981 389.8774339235646 457.393856 390.75643200000013 worker-bee 0
558.9941384546805 316.09914213104173 470.593092 315.070503 469.45362254531943 412.9962858689583 557.854669 414.02492500000005 worker-bee 0
498.77191620566435 170.30018025284352 436.44670899999994 169.57496100000003 435.5720147943356 244.7460177471566 497.897222 245.4712370000001 drone-bee 0
600.9747493348646 259.37684769465574 519.820577 257.9602970000001 518.7875956651353 317.1397853053444 599.9417679999999 318.55633600000004 worker-bee 0
636.067941850957 349.0915234000692 540.733093 347.98220200000003 538.5926361490431 531.9326155999308 633.927485 533.0419370000001 worker-bee 0
443.1083695864436 454.5233528498368 367.231628 453.6404470000001 365.7040034135564 584.9241801501634 441.580745 585.807086 worker-bee 0
562.6220028341953 551.2235960761519 435.4990160000001 549.0046560000001 433.9817711658048 635.9275509238483 561.1047580000001 638.1464910000002 worker-bee 0
326.3743128869829 555.2610508867207 259.71024500000004 554.097425 258.65127811301704 614.7655841132794 325.315346 615.92921 worker-bee 0
389.69850101184585 608.7379269714315 321.70377400000007 607.9467370000001 321.33080066296856 639.9999999960784 389.32552767481434 640.7911899675098 worker-bee 0
628.3073373649004 113.59133466292873 546.938866 112.64452600000007 545.9573626350996 196.99465033707145 627.325834 197.94145900000012 worker-bee 0
441.0615169665514 7.698757812654828 379.377778 6.622064000000045 378.7413180334486 43.08482618734527 440.425057 44.16152000000005 worker-bee 0
551.7438820684766 42.111036820047474 392.86657800000006 39.33782300000005 390.4270399315236 179.09885717995266 549.3043440000001 181.8720710000001 capped-brood-cells 0
639.995872081344 10.676993992296126 555.0716049999999 9.688811000000067 553.9701689186559 104.346028007704 638.894436 105.33421100000007 capped-brood-cells 0
610.6977566720635 10.659768781878533 448.720988 7.8324540000000535 447.9461673279365 52.221904218121594 609.9229360000002 55.04921900000007 capped-brood-cells 0
365.55531377324667 6.38079170531165 163.209877 2.8488390000000194 162.69203622675323 32.51591729468842 365.0374729999999 36.04787000000005 capped-brood-cells 0
265.53231655209873 407.7662491645239 204.76770900000002 407.05918900000006 202.26601344790143 622.0543988354761 263.0306210000001 622.761459 capped-brood-cells 0
371.80123969112225 456.1762967709135 260.86231400000014 454.23985100000004 259.18612330887794 550.2687702290865 370.12504900000005 552.205216 capped-brood-cells 0
112.78475014202198 205.33204660179496 2.4868995751603507e-14 204.019677 -1.3406841420219204 319.2377723982051 111.44406600000003 320.5501420000001 capped-drone-cells 0
91.79837972692184 57.985231902972686 31.843704000000006 57.287596 30.45484927307818 176.64546509702728 90.40952500000002 177.343101 capped-drone-cells 0
152.2061863504198 142.2379835700196 90.61319200000001 141.16287299999996 89.59708264958022 199.3756924299804 151.19007700000003 200.450803 capped-drone-cells 0