446.17616972883184 301.31924353607855 436.1535169469805 139.76989914301774 336.39508046514504 145.9589937176458 346.4177332469964 307.5083381107066 bee-larvae 0
382.0325486376976 326.6262071580985 375.8732170818902 272.45494907813304 343.9454420335082 276.085172176735 350.1047735893156 330.25643025670047 varroa-mites 0
401.8240920611912 180.97035737783983 370.58822401261045 153.80688278341663 337.87439695141927 191.4252214055768 369.11026499999997 218.58869600000003 varroa-mites 0
435.825727415591 184.85534006150993 415.5818630176334 134.5507075263571 392.1097585806399 143.99647972288693 412.3536229785976 194.30111225803978 varroa-mites 0
490.3505067063193 3.965271556524425 390.710122422998 3.185241451457039 389.7458389050772 126.36200047590805 489.3862231883985 127.14203058097542 bee-larvae 0
440.6093106656484 68.51586213941002 412.2363970740031 28.79953740825107 385.79610375729203 47.688197491751936 414.16901734893725 87.40452222291088 varroa-mites 0
515.7667128612399 325.77449472771343 424.2651798414788 292.6418756273857 375.8344734046216 426.3917573008997 467.3360064243827 459.5243764012274 bee-larvae 0
388.74502587544225 334.16253672472214 296.55201184658193 320.99727799477847 275.16974096144577 470.73197293082586 367.36275499030614 483.89723166076953 bee-larvae 0
323.39664373648327 511.0577592784032 238.4094126867052 509.73979220932796 236.39141473904567 639.8675183565863 321.37864578882375 641.1854854256615 bee-larvae 0
215.04681298361572 480.17617256347694 121.08167651878075 473.48738768515625 109.32746619635165 638.6124435922814 203.2926026611866 645.3012284706019 bee-larvae 0
103.62578433572743 639.6406497550902 99.67863116438761 470.0549037253312 10.988694684524 472.1191854956928 14.93584785586382 641.7049315254519 bee-larvae 0
47.33819823542699 289.95056591388123 7.973886000000036 288.892841 3.309679026709196 462.4760640268195 42.67399126213615 463.5337889407008 bee-larvae 0
640 147.37662300000005 564.08058 147.37662300000005 564.08058 323.4039870000001 640 323.4039870000001 bee-larvae 0
608.0311513706199 3.3637297179676384 513.9670908995031 2.9982057582604646 513.5199133902087 118.07501853213508 607.5839738613255 118.44054249184225 bee-larvae 0