472.5993490000001 215.44561400000003 170.423453 215.44561399999998 170.423453 525.550877 472.59934900000013 525.550877 pollen 0
162.02215000000007 313.677193 4.523779000000039 313.677193 4.523779000000056 601.354386 162.02215000000007 601.354386 pollen 0
345.44886000000014 514.849123 193.00586300000006 514.849123 193.00586300000006 591.059649 345.44886000000014 591.059649 pollen 0
596.966775 206.0842110000001 490.074267 206.0842110000001 490.074267 324.32982500000014 596.966775 324.32982500000014 pollen 0
328.078176 100.82105300000003 119.171336 100.82105300000003 119.17133600000001 152.11929800000001 328.078176 152.11929800000004 pollen 0
77.94658 66.905263 8.193531617906184e-15 66.905263 1.0603292760271654e-14 106.259649 77.94658 106.259649 pollen 0
45.98827400000002 106.666667 1.306289923172666e-14 106.666667 1.9972485366591636e-14 219.50877200000002 45.98827400000003 219.50877200000002 pollen 0
272.495114 0.22456100000002288 100.935505 0.2245610000000124 100.935505 102.51228100000003 272.495114 102.51228100000003 empty-cells 0
640 344.0912280000001 595.179153 344.0912280000001 595.179153 639.992982 640 639.992982 empty-cells 0
574.035179 548.77193 378.0221500000001 548.77193 378.0221500000001 640 574.035179 640 empty-cells 0
114.07426700000002 98.48421099999999 29.706840000000014 98.48421099999999 29.706840000000025 297.192982 114.07426700000003 297.192982 empty-cells 0