468.36441376138475 282.0184467173147 464.38976 145.41845599999996 52.29247423861527 157.4092622826852 56.267128 294.00925299999994 queen-bee 0
646.0218721223954 487.2824274337549 640 280.324086 424.3902778776045 286.5976875662451 430.41215 493.55602899999997 worker-bee 0
583.2879964642083 623.353102950579 579.378161 488.9807710000001 7.261406535791723 505.62766804942095 11.171242 640 worker-bee 0
292.57411339015914 450.33604516758516 286.96604 257.59907300000003 2.397101609840921 265.8791838324149 8.005175000000001 458.61615600000005 worker-bee 0
342.3406724881264 632.514305661718 338.82109 430.87758 154.11407051187368 434.10165333828206 157.633653 635.738379 worker-bee 0
581.7013572818566 104.33506062502823 579.7221626676835 -9.052921364251315 61.080651385826876 1.0720431875554937e-8 63.05984600000001 113.387982 worker-bee 0
330.77204977153156 425.69913863574976 328.019214 267.989259 247.52626922846832 269.39426836425014 250.27910499999996 427.1041479999999 capped-brood-cells 0
406.92254222534916 441.0960952639682 404.519601 358.51235700000007 315.388440774651 361.1058087360318 317.79138200000006 443.68954700000006 capped-brood-cells 0
643.5847065568239 606.8569027141622 640 483.658503 534.251333443176 486.73547428583777 537.83604 609.933874 capped-brood-cells 0
228.4787857718673 174.66738645581788 226.324228 100.620034 71.18175822813272 105.13421854418215 73.336316 179.18157100000002 capped-brood-cells 0
640 7.497697391597049e-14 584.466907 7.157655268651038e-14 584.466907 102.62355300000009 640 102.62355300000009 capped-brood-cells 0