117.11261807810814 12.557048577994596 32.00477300000001 11.071485000000003 30.994504921891885 68.94968042200541 116.10235000000002 70.43524400000001 worker-bee 0
206.66051933414792 210.70520211134902 26.413792000000026 207.558984 24.590410665852175 312.020437888651 204.83713800000007 315.166656 worker-bee 0
61.4936881610557 318.78175649565446 4.217236000000038 317.781992 3.524280838944387 357.4813545043455 60.80073300000004 358.481119 worker-bee 0
65.59094001523344 80.375603872223 9.769962616701378e-15 79.23071000000002 -0.8839840152333971 129.87413112777702 64.70695600000003 131.01902500000003 worker-bee 0
236.74554385346988 409.4032178906822 4.884981308350689e-14 405.270809 -3.9308278540704933 630.4677831437346 232.81471599939934 634.6001920344168 worker-bee 0
219.7034906213927 323.5007026176112 143.91496600000005 322.61882300000013 142.9942143786074 401.74799838238897 218.78273900000005 402.6298780000001 worker-bee 0
641.3627594498165 12.949954058900632 325.8597280000001 7.442828000000036 321.67516655018346 247.17618594109956 637.178198 252.68331200000011 worker-bee 0
514.5826893571923 283.7282051733686 366.6867210000001 281.1466710000001 365.7770716428078 333.2604388266315 513.67304 335.84197300000005 worker-bee 0
356.04113284518115 372.4760412398696 275.4213390000001 371.0688180000001 274.220334154819 439.8743637601305 354.84012800000005 441.28158700000006 worker-bee 0
559.2203773398357 421.39990870650985 359.5952390000001 417.915439 357.37521666016437 545.1004352934904 557.000355 548.5849050000002 worker-bee 0
636.57673250485 343.160117344166 472.75221100000005 340.30055 471.39838249515003 417.86134165583405 635.222904 420.72090900000006 worker-bee 0
635.5132296004117 431.4811640435969 538.8551810000001 429.7939910000001 537.6433843995885 499.2177499564033 634.3014330000001 500.90492300000005 worker-bee 0
401.1139860762356 550.7433914544669 264.5328988613012 549.1541259983862 263.4758110000001 640.0000000000001 400.05689821493445 641.5892654560807 worker-bee 0
634.1780086338708 544.4750637167496 555.146151 543.095557 553.9956003661292 609.0105342832506 633.027458 610.3900410000002 worker-bee 0
543.8022568839582 546.8256996667754 398.83359800000005 545.138837 397.7297886965441 639.999999996469 542.6984475805023 641.6868626632445 capped-brood-cells 0
323.894911941546 15.364194814486767 125.530351 11.901728000000013 122.23998105845394 200.40686718551328 320.6045419999999 203.86933400000004 capped-brood-cells 0
361.78792455811777 220.53939417542904 222.15681200000003 218.91463900000002 220.4094494418824 369.08260382457104 360.0405620000001 370.707359 capped-brood-cells 0
359.5131745048371 418.0169345985414 240.77011800000002 416.635234 239.26158149516294 546.2785414014586 358.004638 547.660242 capped-brood-cells 0
153.6550147895155 324.6527339796937 64.67281800000005 323.617332 63.57909321048464 417.61177702030636 152.5612900000001 418.64717900000005 capped-brood-cells 0
127.32025472234432 127.3318621858891 0.9705080000000152 125.12641899999998 -0.31711672234426747 198.8943848141109 126.03263000000001 201.099828 capped-brood-cells 0
637.4607441853719 265.16492882583674 523.1846720000001 263.17023200000006 521.9361278146282 334.69926017416344 636.2122 336.69395700000007 capped-brood-cells 0
479.67908089006875 343.60539532403766 363.79964700000005 341.582712 362.5236881099313 414.68233767596246 478.40312200000005 416.7050210000001 capped-brood-cells 0