469.935516 122.69837500000006 167.80053254295896 115.66610531260494 160.54183999999995 427.529138 462.6768234570411 434.5614076873951 pollen 0
161.1226630000001 41.473721000000026 3.645616208798061 37.808402045432395 -3.0710531513012604 326.3839034443739 154.40599363990077 330.04922239894154 pollen 0
344.309761 54.970183000000034 191.42333857683178 52.30154098164182 190.092944 128.51980700000004 342.9793664231682 131.18844901835826 pollen 0
589.6194700000001 326.0902690000001 482.7414345008457 323.60265530579005 479.97476500000005 442.470067 586.8528004991545 444.95768069421 pollen 0
316.7226270000001 493.60732800000005 107.51731226982089 489.95563510342834 106.62180700000008 541.2590900000001 315.8271217301793 544.9107828965718 pollen 0
65.52363500000007 535.1009139999999 6.572520305780927e-14 533.9571939999998 -0.6870035545046882 573.315577301045 64.83663144549531 574.459297301045 pollen 0
36.20123200000005 421.293956 5.3290705182007514e-14 420.662061 -1.9698667710062718 533.5156268397244 34.23136522899372 534.1475218397244 pollen 0
259.9849480000001 542.2441389999999 87.83913009768273 539.2393226859385 86.08034600000008 640 258.2261639023174 643.0048163140614 empty-cells 0
639.999837 11.178260000000076 595.1850584322484 10.135184416189812 588.2918 306.29766300000006 633.1065785677515 307.3407385838103 empty-cells 0
574.035179 10.019821000000066 377.4913465410651 6.589135791560922 375.898793 97.82647100000004 572.4426254589348 101.25715620843918 empty-cells 0
106.09534500000007 344.798192 21.73934077064886 342.83478420030735 17.102920000000054 542.0343239999999 101.45892422935125 543.9977317996926 empty-cells 0