562.454675 3.449038274549509e-14 1.2202056175302453e-16 4.996687528435112e-17 3.713771648820586e-14 604.51219 562.454675 604.51219 capped-brood-cells 0
155.05992813831995 638.1523888352433 154.51067999900357 590.9501069143663 -0.5492481393163864 592.754392079123 0 639.956674 capped-brood-cells 0
326.52296528533884 636.1572353337897 325.95294899999993 587.170152 166.21092071466109 589.0289186662102 166.780937 638.0160019999998 worker-bee 0
464.4814528458409 634.5519431714738 463.827039 578.3117340000001 405.70913215415914 578.9879968285263 406.36354600000004 635.228206 worker-bee 0
633.0159070000001 395.9208370000001 553.2558906701096 395.4568070917305 552.513716 523.0258770000002 632.2737323298905 523.4899069082697 worker-bee 0
590.162362 171.47566100000006 542.1904215876798 171.1965681128894 541.847349 230.16567300000006 589.8192894123202 230.4447658871107 worker-bee 0
568.9935770580231 142.13585511022444 568.4962490000001 99.39557400000001 499.437171941977 100.19914888977559 499.93450000000007 142.93943000000002 worker-bee 0
539.1472979999999 18.726541000000065 481.228541695911 18.389578987231143 480.865676 80.76079300000006 538.7844323040889 81.097755012769 worker-bee 0
328.7946670000001 116.65499200000002 241.22095115105412 116.1455035639741 240.61089900000002 221.004672 328.184614848946 221.51416043602595 worker-bee 0
429.7685066004083 168.1672886138563 429.2395839999999 122.71183299999998 348.1678943995916 123.65518838614369 348.69681699999995 169.110644 worker-bee 0
213.5987790000001 460.03991700000006 115.91594474892875 459.47161491981285 115.28276800000006 568.3054580000002 212.96560225107135 568.8737600801874 worker-bee 0
83.21013300000007 387.867159 28.491051759607355 387.5488125625061 27.872513000000026 493.86654899999996 82.59159424039274 494.1848954374938 worker-bee 0
222.38267498712412 331.53809041756654 221.832543 284.259859 127.21019801287589 285.3608895824336 127.76033 332.63912100000005 worker-bee 0
162.08217260526465 206.54618295580724 160.983234 112.10364399999997 44.320240394735336 113.46114104419274 45.419179 207.90368 worker-bee 0
210.89334644286086 73.05902224132589 210.17110500000004 10.98973 127.65000155713918 11.949949758674116 128.372243 74.019242 worker-bee 0
92.08652 5.639382964648062e-15 1.220178675300664e-16 7.098665171257708e-19 5.5196920485010554e-15 88.150709 92.08652 88.150709 worker-bee 0
639.9566740000001 7.860379014346108e-14 576.7514983111563 -0.36771665381290974 575.9440647977012 138.41842899882315 639.1492404865451 138.78614565263612 worker-bee 0
637.4160230742319 632.5396674809101 636.656443 567.261531 565.7199079257681 568.08695251909 566.4794880000001 633.3650890000001 wax-sealed-honey-cells 0