641.1128426875989 34.152607281553976 205.04904500000004 21.46444700000003 197.68044031240117 274.7069717184461 633.744238 287.39513200000005 nectar 0
616.074743136734 382.6941605166749 85.88301800000005 367.267157 78.73198286326617 613.0322954833252 608.923708 628.4592990000001 bee-larvae 0
225.86983236291053 5.266174235738815 1.111307226797642e-18 0.008995 -6.547658362910505 281.3230667642612 219.32217400000008 286.58024600000005 bee-larvae 0
96.60488639920061 295.0129337743304 3.4638958368304884e-14 292.76443 -8.035473901894559 638.0011391033421 88.56941249730602 640.2496428776725 bee-larvae 0
459.954157921414 271.9313135194094 134.06793400000006 262.448993 130.75836407858606 376.1915354805906 456.644588 385.6738560000001 bee-larvae 0
640.0248822448666 17.553055319419716 456.272109 13.276162000000053 446.1939887551336 446.2732946805804 629.9467620000001 450.55018800000016 capped-brood-cells 0
457.3575692322702 13.307746540142578 186.16598599999998 5.416877000000023 179.4307387677298 236.89229945985747 450.62232199999994 244.78316900000004 capped-brood-cells 0
142.4250493941105 219.39993898908364 73.45856300000001 217.39321899999996 72.0271006058895 266.58938601091637 140.993587 268.596106 capped-brood-cells 0
193.36962445333484 9.915629173469439 6.661338147750939e-16 5.414901 -5.203857453334802 228.99382482653056 188.16576700000002 233.494553 bee-larvae 0
416.61230155924073 12.13117526084348 219.70047100000002 6.401626000000028 218.10687744075923 61.169882739156606 415.01870799999995 66.89943200000006 bee-larvae 0
628.6965220312304 276.8404980110245 554.4116330000002 275.11149800000015 551.2624999687698 410.41109098897573 625.5473890000001 412.1400910000001 bee-larvae 0
623.1360781202908 439.9314711310121 148.03500900000003 428.87337 143.1209816958006 639.9999999929196 618.2220508160914 651.0581011239316 bee-larvae 0
446.06186635149083 288.8961474479486 135.61223700000002 279.86298600000003 131.22684764850916 430.5790455520515 441.67647700000003 439.61220700000007 bee-larvae 0
136.29774200000006 275.926068 3.3791197597751493e-14 275.926068 5.6084296371591045e-14 640 136.29774200000006 640 bee-larvae 0