295.49637900000005 178.38297900000003 158.850139 178.382979 158.85013900000004 588.89078 295.4963790000001 588.89078 queen-bee 0
505.8228409999999 4.9268598212209075e-14 298.794429 3.659176410779111e-14 298.794429 218.41702100000006 505.8228409999999 218.41702100000006 worker-bee 0
640 69.44680900000007 505.582173 69.44680900000006 505.5821730000001 640 640 640 worker-bee 0
458.61615600000005 357.673759 265.813928 357.673759 265.81392800000003 640 458.61615600000005 640 worker-bee 0
640 308.86808500000006 440.512535 308.868085 440.51253500000007 493.5375890000001 640 493.53758900000014 worker-bee 0
115.16434500000003 60.414184000000006 7.398603705869924e-15 60.41418399999999 3.914978680873365e-14 578.950355 115.16434500000005 578.950355 worker-bee 0
434.166017 316.822695 277.392758 316.822695 277.392758 397.299291 434.166017 397.299291 capped-brood-cells 0
452.706407 241.94042600000006 370.094708 241.94042600000006 370.094708 330.110638 452.706407 330.110638 capped-brood-cells 0
625.265738 5.8893620000000695 502.025627 5.889362000000062 502.025627 113.07801400000005 625.265738 113.07801400000008 capped-brood-cells 0
181.22339800000006 415.546099 107.15097500000006 415.546099 107.15097500000006 569.82695 181.22339800000006 569.82695 capped-brood-cells 0
119.62117 7.32468414753807e-15 0 0 3.418588497331426e-15 55.82978700000001 119.62117 55.82978700000002 capped-brood-cells 0