643.8337132190454 617.9069397876737 637.796818 445.03287499999993 181.96131278095442 460.95100121232633 187.99820799999998 633.825066 wax-sealed-honey-cells 0
118.38628315998636 377.05358270323444 116.28756399999999 316.95414099999994 13.054254840013616 320.5591282967655 15.152973999999999 380.65857 wax-sealed-honey-cells 0
216.5787804049723 395.3919041397901 214.93554200000003 348.335727 136.46922859502774 351.0758318602101 138.11246700000004 398.13200900000015 wax-sealed-honey-cells 0
481.74610242062477 358.9244552981793 479.533409 295.56120899999996 369.12402857937525 299.4167897018207 371.336722 362.780036 wax-sealed-honey-cells 0
622.5532028923978 340.95417714336526 620.6440240000001 286.28245499999997 509.75714110760225 290.1547108566347 511.66632000000004 344.826433 wax-sealed-honey-cells 0
636.6714703998737 298.0158614493409 631.201108 141.36517900000004 219.4420406001264 155.74412255065923 224.91240300000004 312.3948050000001 capped-brood-cells 0
405.7320939632375 145.0313073405011 404.208258 101.39435399999999 214.03533603676252 108.03533865949893 215.559172 151.67229200000003 capped-brood-cells 0
640 6.183947269148316e-14 369.91523 4.5301550237535704e-14 369.91523 98.34248100000008 640 98.34248100000008 capped-brood-cells 0
636.3765005388807 145.68513513145214 634.0022390000001 77.69517699999999 527.1255834611196 81.42739186854786 529.4998450000002 149.41735000000003 capped-brood-cells 0
54.697042583232374 161.45734527520102 53.74056 106.66048399999997 1.8775674167676262 107.56575572479896 2.8340500000000004 162.362617 capped-brood-cells 0
209.57298783416985 277.1133628902104 208.43242699999996 211.77070599999996 158.92520816583013 212.6348581097895 160.065769 277.977515 capped-brood-cells 0
206.96470760135455 76.88517984405159 205.56945799999997 36.930468999999995 132.78215839864544 39.47225815594842 134.177408 79.42696900000001 capped-brood-cells 0
406.49162554262057 626.1951082496577 404.524416 569.861596 277.5545944573793 574.2954797503425 279.5218039999999 630.6289920000002 worker-bee 0
503.3948135954546 537.7111094969906 500.7508539999999 461.998007 317.8921974045453 468.3835715030094 320.53615699999995 544.0966740000001 worker-bee 0
639.4152374303985 612.4676373586279 636.9490670000001 471.18082000000004 508.9999715696017 473.41417964137213 511.466142 614.700997 worker-bee 0
228.2068189692472 585.1223623931742 226.52882699999998 488.99026899999996 180.58224403075275 489.7922696068257 182.26023599999996 585.9243629999999 worker-bee 0
91.57847817389322 428.04789009304307 89.92062800000001 380.57327599999996 5.873977826106792 383.5082499069569 7.531828000000001 430.982864 worker-bee 0
424.5341978557295 444.70571350036505 422.0413689999999 373.3204410000001 322.90769414427047 376.78226549963483 325.400523 448.1675379999999 worker-bee 0
536.5242924867028 413.2374635455956 535.6974600000001 365.86824 494.0488155132972 366.59521945440446 494.875648 413.9644430000001 worker-bee 0
643.0622832885613 435.98528373782216 640 348.292942 572.3686767114389 350.65467926217775 575.43096 438.3470209999999 worker-bee 0
204.80082034838938 236.92061845670054 200.22555500000004 105.902163 35.961091651610666 111.63840454329946 40.53635700000001 242.65686 worker-bee 0
133.08716335837974 108.85116678709268 131.45644999999996 62.153649 0.35819564162022566 66.73170121290734 1.9889090000000005 113.42921900000002 worker-bee 0
326.5132829552403 71.3532683759066 325.2345820404016 -1.9034566255799095 216.185627 4.440892098500626e-16 217.4643279148387 73.2567250014865 worker-bee 0
212.94576586392307 330.2289056766776 211.05913200000003 276.202772 95.85093313607697 280.2259303233224 97.73756700000001 334.252064 worker-bee 0
309.91442355171347 404.4825725307754 308.142423 302.96474800000004 244.23081544828653 304.08032946922464 246.00281600000002 405.598154 worker-bee 0
206.0344294279522 455.6036791084694 204.03507300000004 398.349606 55.44019357204788 403.53865389153066 57.439550000000004 460.792727 worker-bee 0
632.3389525954537 292.72683201081213 630.095365 228.478892 443.1941364045463 235.00562698918793 445.437724 299.25356700000003 worker-bee 0
595.9254578049215 228.70256875779143 593.6509759999999 163.569933 499.24666519507844 166.86660424220858 501.52114700000004 231.99924000000004 worker-bee 0
245.0854435063493 277.29580082087847 244.30135100000004 232.37518800000004 220.2580704936508 232.7948651791217 221.04216299999996 277.7154780000001 worker-bee 0
339.3168004376366 269.1025055279664 337.9545330000001 230.092265 277.62416856236354 232.19904747203358 278.986436 271.209288 worker-bee 0
314.165188850047 211.34622141705557 312.323226 158.599308 242.60252514995304 161.03400858294447 244.44448800000004 213.78092200000003 worker-bee 0
468.56370234227734 76.4520658232971 467.168453 36.497354 404.2328386577226 38.695114176702894 405.628088 78.649826 worker-bee 0
603.0362358984237 26.74983469300994 602.5382991257002 -1.7769563109571838 500.736496 0 501.2344327727236 28.526791003967126 worker-bee 0
192.35889275989192 29.31456601446223 191.83171024077112 -0.8876939764764855 140.97576648087923 9.061288164247117e-9 141.50294900000003 30.202260000000003 worker-bee 0
154.95229893557286 568.9889485662582 153.37502399999997 523.8217139999999 104.7304470644271 525.5204204337417 106.30772199999998 570.6876549999998 worker-bee 0
113.39790040564422 636.4241813167826 112.251892 603.606802 52.73074659435578 605.6853266832175 53.876755 638.502706 worker-bee 0