256.3244070000001 416.36457200000007 180.89505694585128 415.4868723041068 178.485882 622.5309230000001 253.91523205414893 623.4086226958934 capped-brood-cells 0
399.53599800000006 324.830179 334.81229782286005 324.0770506048291 331.23607100000004 631.4172520000001 395.95977117713994 632.1703803951709 capped-brood-cells 0
77.25485500000008 458.2972310000001 21.557487044352513 457.64913379735793 20.36147600000004 560.434128 76.0588439556476 561.082225202642 capped-brood-cells 0
132.3527770000001 533.659049 64.00055123469224 532.8636989054324 62.88445700000004 628.7806110000001 131.2366827653079 629.5759610945677 capped-brood-cells 0
95.26303100000005 132.41125700000006 17.574598914007197 131.50727020689845 16.336954 237.87021000000004 94.02538608599286 238.77419679310162 capped-brood-cells 0
146.97397700000002 193.415819 93.50570328129098 192.79365946419458 92.27778400000003 298.32081200000005 145.74605771870907 298.94297153580544 capped-brood-cells 0
539.706417 113.18412800000006 477.6716242284941 112.46228764044169 476.62663299999997 202.26859100000007 538.661425771506 202.99043135955841 capped-brood-cells 0
603.2944310000001 298.31354700000014 537.7210760470382 297.5505325099795 536.6429979999999 390.20040400000016 602.2163529529619 390.96341849002073 capped-brood-cells 0
286.92988600000007 0.2047680000000347 212.4001704056456 -0.6624639375735342 211.14612200000005 107.11017100000004 285.67583759435445 107.97740293757359 capped-brood-cells 0
347.57528164587166 250.7419960148963 336.49791365260694 192.30913783434912 280.8504267237828 202.85847103154308 291.9277947170475 261.29132921209026 bee-larvae 0
355.5483166616318 42.98905373598767 293.57943154445024 37.90212435301282 285.0697981435153 141.56633018546836 347.03868326069687 146.65325956844322 bee-larvae 0
405.10043114726227 150.0598680932229 350.1472090543553 149.5069304373476 349.6199534939831 201.90776008058617 404.57317558689004 202.4606977364615 bee-larvae 0
473.8546501925698 87.37542326373628 414.8786142064838 86.68917374040696 414.1565082882679 148.7466953425469 473.1325442743539 149.4329448658762 bee-larvae 0
536.315525595215 41.697053085372616 478.5848625955182 37.26252382440514 473.7467306500572 100.2474650559216 531.477393649754 104.68199431688907 bee-larvae 0
597.9959942512886 170.4574952347555 578.1918384479269 109.37364893949896 537.1647746142423 122.67514210987662 556.968930417604 183.75898840513315 bee-larvae 0
405.12233586077633 218.99743129339268 344.84160394647455 215.35960859669848 338.9347642131289 313.2392063984621 399.2154961274307 316.8770290951563 bee-larvae 0
339.25541890631416 362.1219678702875 336.0895805399991 290.1324242409765 272.702781319085 292.9199451888072 275.86861968540006 364.90948881811823 bee-larvae 0
337.857254755654 374.3691162303071 268.4249229925663 369.8138300162283 261.0257941311563 482.59242300023595 330.45812589424406 487.1477092143148 bee-larvae 0
335.35178944037483 507.83573574833144 264.6867449382805 498.75765192861013 253.19576121265044 588.2050388959431 323.86080571474474 597.2831227156644 bee-larvae 0
467.33021270548966 472.98377728693254 432.4886598255025 394.0216069275953 379.7097184153246 417.3099774184782 414.5512712953117 496.2721477778154 bee-larvae 0
536.431064361845 444.2323153952158 530.4320354298665 360.9296826739909 453.95056716427644 366.43748627992136 459.94959609625505 449.74011900114635 bee-larvae 0
475.9583476250507 281.9634400721353 408.6190851316181 272.57465431595335 394.1379534619964 376.43778976566136 461.4772159554291 385.8265755218434 bee-larvae 0
588.0957534333746 277.5298398348597 573.4159973307446 207.43811700258274 530.0582674083272 216.5188026342918 544.7380235109572 286.6105254665688 bee-larvae 0
167.12702517785863 185.62545136796598 155.47535752107987 90.99797718102005 89.80232400986374 99.08442741188487 101.4539916666425 193.71190159883082 bee-larvae 0
224.53545936520075 140.77997659313746 222.19240532176264 32.875314684447964 155.99016167585654 34.31283769703547 158.33321571929466 142.21749960572498 bee-larvae 0
166.66619395564004 22.490100125123327 109.59833408038891 17.757646430231883 104.13718841887153 83.61267966726803 161.2050482941227 88.34513336215947 bee-larvae 0
24.83429300000004 330.13659500000006 4.043007243481561e-14 330.13659500000006 4.4021589693946583e-14 388.790523 24.834293000000045 388.790523 bee-larvae 0
587.8417324815921 397.1778412014962 517.7845952402099 395.48958707751405 515.1103618648021 506.4617043287517 585.1674991061843 508.1499584527338 bee-larvae 0
604.9617355334533 57.04198272452237 580.9075322726144 -7.266219979893123 540.1500991576936 7.978920442434912 564.2043024185325 72.2871231468504 bee-larvae 0
350.802187 3.9601924692473333e-14 295.946324 3.624297184060255e-14 295.946324 36.342440000000046 350.802187 36.342440000000046 bee-larvae 0
472.4971860240323 173.1437375091427 412.26225124882234 169.43540962416716 406.32440088059764 265.884817747994 466.5593356558077 269.59314563296954 bee-larvae 0