511.11969098077566 168.10395040466466 435.303483 165.897924 433.74910301922444 219.31849759533537 509.565311 221.52452400000004 american-foulbrood 0
381.61411429164264 251.2575397129008 305.767885 249.05064 304.6389987083573 287.8479482870992 380.48522799999995 290.054848 american-foulbrood 0
281.47193681272375 170.6978946821435 165.337373 167.318724 164.32234518727626 202.20296731785652 280.456909 205.58213800000001 american-foulbrood 0
279.80918599999995 264.8819020000001 278.7792132284033 205.87482707372433 239.53268900000006 206.55987800000003 240.5626617715967 265.56695292627575 american-foulbrood 0
198.13202710696237 269.10516008547637 118.94143800000003 266.800949 117.83996189303772 304.6562229145237 197.03055100000006 306.9604340000001 american-foulbrood 0
207.258311 413.86327 205.4890705180813 312.5035719506113 137.15247 313.696392 138.92171048191867 415.0560900493888 american-foulbrood 0
96.40334376920441 188.47759471284718 15.94845500000002 186.136596 14.906438230795647 221.9483812871528 95.36132700000003 224.28938 american-foulbrood 0
90.227706 122.401229 88.51386217647726 24.215211536736042 0.44950900000000005 25.752381 2.163352823522744 123.93839846326398 american-foulbrood 0
148.45143584631313 39.320304150777666 98.91190600000002 37.878851000000004 98.1722471536869 63.299275849222354 147.711777 64.74072900000002 american-foulbrood 0
500.419573131122 31.009507502390534 434.901639 29.103130000000057 433.3261738688781 83.24834549760959 498.84410800000006 85.15472300000008 american-foulbrood 0
551.4116859897262 27.873351812189128 493.65494500000005 26.192802000000057 492.5378660102739 64.584310187811 550.294607 66.26486000000007 american-foulbrood 0
575.5290004330983 100.43336323390622 465.49288 97.23163900000006 463.6622875669018 160.14501776609393 573.6984080000001 163.3467420000001 american-foulbrood 0
404.33134000000007 125.049679 402.7032632986577 31.777240118523686 330.709506 33.033896000000006 332.3375827013424 126.30633488147635 american-foulbrood 0
292.3511678443027 87.4958060670186 263.4039862346284 78.64796542942292 258.07672678849934 96.07698037050305 287.02390839817366 104.92482100809873 chalk-brood 0
345.798048854224 119.24884246879189 277.37873200000007 117.25804400000004 276.31647414577606 153.76548453120822 344.735791 155.75628300000005 american-foulbrood 0
529.1568900219959 279.8901547569632 453.93674000000004 277.7014720000001 452.7808649780043 317.4263212430369 528.0010150000002 319.61500400000006 american-foulbrood 0
597.7072799734603 281.88476778864396 528.8230149999999 279.88044000000014 527.6401510265395 320.5328302113562 596.5244159999999 322.53715800000003 american-foulbrood 0
640 259.0242720000001 608.658738 259.0242720000001 608.658738 347.90964600000007 640 347.90964600000007 american-foulbrood 0
343.1784115285278 298.12930080175016 287.186373 296.500099 285.74753847147224 345.9496381982499 341.73957700000005 347.57884 american-foulbrood 0
640 473.82854700000007 581.678678 473.82854700000007 581.678678 545.425606 640 545.425606 american-foulbrood 0
617.8919983628773 552.5425574503435 522.8414680000001 549.776869 521.396307637123 599.4438005496568 616.4468380000002 602.2094890000002 american-foulbrood 0
331.87968150705285 500.1684571191755 215.83423900000008 496.79188000000005 214.05172049294737 558.0530748808246 330.09716300000014 561.4296520000001 american-foulbrood 0
187.049086 596.206323 185.36960223473798 499.98879879552294 123.67858000000001 501.06561999999997 125.35806376526203 597.283144204477 american-foulbrood 0
579.7499689868619 389.15692152107977 447.808802 385.31782600000014 446.4964770131383 430.4195144789203 578.4376440000001 434.25861 american-foulbrood 0
521.897338 568.077962 434.9547570000001 568.077962 434.9547570000001 640 521.897338 640 american-foulbrood 0
432.89353078717556 584.23468934864 346.966069 581.734456 345.6018752128245 628.6187636513602 431.529337 631.1189970000001 american-foulbrood 0
296.3805610000001 590.774888 99.83515000000008 590.774888 99.83515000000008 640 296.3805610000001 640 american-foulbrood 0
93.86944400000002 616.66697 90.85710975637343 444.09045268237423 7.78739 445.54044000000005 10.799724243626546 618.1169573176257 american-foulbrood 0
135.50961865935966 361.1673003973051 47.67122300000004 358.61146400000007 46.00171934064038 415.98858060269504 133.84011500000003 418.54441700000007 american-foulbrood 0
362.814708 306.46088900000007 336.21871394152924 298.34459870092036 329.6903105104043 319.7373005964139 356.28630456887504 327.8535908954936 chalk-brood 0