243.68607755763384 420.01624735899895 213.70204100000007 419.14380100000005 213.0314694423663 442.1898506410011 243.01550600000007 443.06229700000006 american-foulbrood 0
237.18795 364.666075 236.51125538445547 325.89826386986397 213.939288 326.292259 214.6159826155445 365.060070130136 american-foulbrood 0
69.804771 520.1864519999999 69.26243289878941 489.11594385860735 48.662859 489.475511 49.20519710121057 520.5460191413925 american-foulbrood 0
245.68498311329785 590.1534212451761 206.44379700000007 589.011619 205.4482308867024 623.226996754824 244.68941700000013 624.3687990000001 american-foulbrood 0
290.110576 224.080129 289.61798690053683 195.85970296313582 270.177084 196.19904500000004 270.6696730994631 224.41947103686425 american-foulbrood 0
538.553626 263.90145399999994 538.1145833135851 238.7486893429663 522.6361569999999 239.01886599999997 523.0751996864149 264.17163065703363 american-foulbrood 0
584.832254 149.193598 584.5081827184905 130.62758583923448 570.9048579999999 130.86503300000004 571.2289292815094 149.43104516076556 american-foulbrood 0
580.8333710000002 90.407251 580.3473176585943 62.561289195740514 564.143617 62.844125999999996 564.6296703414058 90.69008780425949 american-foulbrood 0
579.8737110000001 460.69522900000004 579.4205433492782 434.7332548947765 556.707058 435.12972 557.1602256507218 461.09169410522355 american-foulbrood 0
476.2716424336288 541.3104528367052 441.5167880000001 540.2991900000002 440.76352356637125 566.187213163295 475.518378 567.198476 american-foulbrood 0
64.541744 294.44542200000006 64.13093960904162 270.9104571743228 49.501616 271.165813 49.91242039095838 294.7007778256773 american-foulbrood 0
132.58793300000002 235.14077700000004 132.05746399560138 204.75026140428622 110.582254 205.12511300000003 111.11272300439866 235.51562859571385 american-foulbrood 0
124.14073000000002 347.0306290000001 123.56906195059607 314.279773742378 106.914275 314.570484 107.48594304940394 347.32133925762207 american-foulbrood 0
518.73194 61.21847000000001 518.2264188103494 32.257148628843154 494.884952 32.664575 495.3904731896506 61.625896371156855 american-foulbrood 0
640 545.971043 636.659141 545.971043 636.659141 573.282384 640 573.282384 american-foulbrood 0
591.9011179781131 564.4924298049915 554.3010530000003 563.39838 553.5178170218873 590.3164631950087 591.1178820000001 591.4105130000003 american-foulbrood 0