377.98518500000006 4.717825000000035 191.37777800000003 4.7178250000000235 191.37777800000003 640 377.9851850000001 640 capped-brood-cells 0
618.725926 198.07129900000007 397.688889 198.07129900000007 397.6888890000001 640 618.725926 640 capped-brood-cells 0
199.41728400000002 16.99577000000001 0.009877000000002082 16.99577 0.009877000000019754 305.595166 199.41728400000005 305.595166 worker-bee 0
185.87654300000003 301.177039 81.93580200000002 301.177039 81.93580200000002 380.741994 185.87654300000003 380.741994 worker-bee 0
187.39753100000004 372.891843 130.78518500000007 372.891843 130.78518500000007 435.248338 187.39753100000004 435.248338 worker-bee 0
92.68148100000008 589.041692 4.543210000000073 589.041692 4.543210000000076 639.990332 92.68148100000008 639.990332 worker-bee 0
236.98765400000008 437.210876 165.54074100000005 437.210876 165.54074100000005 607.555287 236.98765400000008 607.555287 worker-bee 0
385.728395 449.65317200000004 239.49629600000006 449.65317200000004 239.49629600000006 603.929909 385.7283950000001 603.929909 worker-bee 0
276.720988 252.780665 216.39506200000005 252.780665 216.39506200000005 369.430816 276.720988 369.430816 worker-bee 0
390.360494 191.21691800000005 281.125926 191.21691800000005 281.125926 304.232024 390.360494 304.232024 worker-bee 0
384.246914 337.643505 279.97037 337.643505 279.97037 440.952266 384.246914 440.952266 worker-bee 0
461.8469140000001 257.305136 386.311111 257.305136 386.311111 398.395166 461.8469140000001 398.395166 worker-bee 0
562.558025 235.79456200000007 474.162963 235.79456200000007 474.162963 333.20604200000014 562.558025 333.20604200000014 worker-bee 0
500.6518520000001 403.26767400000006 438.330864 403.267674 438.3308640000001 478.0761330000001 500.6518520000002 478.07613300000014 drone-bee 0
603.525926 331.9782480000001 522.716049 331.9782480000001 522.716049 391.1637460000002 603.525926 391.1637460000002 worker-bee 0
640 118.12930500000007 544.671605 118.12930500000006 544.671605 301.5250760000001 640 301.5250760000001 worker-bee 0
448.306173 62.01812700000005 372.434568 62.01812700000004 372.434568 192.86042300000005 448.306173 192.86042300000005 worker-bee 0
568.414815 11.775227000000061 441.797531 11.775227000000053 441.797531 98.70694900000005 568.414815 98.70694900000005 worker-bee 0
332.414815 29.873112000000038 266.103704 29.873112000000035 266.103704 90.54743200000003 332.414815 90.54743200000003 worker-bee 0
396.701235 4.4418695379543615e-14 328.711111 4.025550099303203e-14 328.711111 37.79093700000004 396.701235 37.79093700000004 worker-bee 0
629.501235 453.0465260000001 548.138272 453.0465260000001 548.138272 536.923263 629.501235 536.923263 worker-bee 0
440.8493830000001 603.533535 379.37777800000003 603.533535 379.37777800000003 640 440.8493830000001 640 worker-bee 0
551.308642 467.75105700000006 393.2444440000001 467.75105699999995 393.2444440000001 607.526284 551.308642 607.526284 capped-brood-cells 0
639.990123 545.836858 555.071605 545.836858 555.071605 640 639.990123 640 capped-brood-cells 0
610.439506 595.606042 448.7209880000001 595.606042 448.7209880000001 640 610.439506 640 capped-brood-cells 0
365.3827160000002 610.329909 163.20987700000006 610.329909 163.20987700000006 640 365.3827160000002 640 capped-brood-cells 0
270.222222 21.955287000000034 209.461728 21.955287000000027 209.46172800000002 236.59697900000003 270.222222 236.59697900000003 capped-brood-cells 0
376.474074 94.36616300000004 266.093827 94.36616300000003 266.093827 190.40483400000005 376.474074 190.40483400000005 capped-brood-cells 0
115.15061700000004 321.4598189999999 0.009877000000039368 321.4598189999999 0.009877000000046383 436.021752 115.15061700000005 436.021752 capped-drone-cells 0
92.45432100000005 464.27069500000005 32.503704000000056 464.27069500000005 32.50370400000006 583.279758 92.45432100000008 583.279758 capped-drone-cells 0
153.49135800000005 442.228399 92.23703700000004 442.228399 92.23703700000004 500.44713 153.49135800000005 500.44713 capped-drone-cells 0