368.672664 435.744679 362.2446606983152 159.57144792904816 254.26428799999994 162.084719 260.6922913016847 438.2579500709519 queen-bee 0
642.0417852348129 405.5403012435967 640.0000000000001 54.58715400000001 366.74628699563124 56.17689724906925 368.7880722304441 407.1300444926659 worker-bee 0
536.25747 636.966809 529.9527755560541 366.0914194960453 352.301873 370.22629 358.6065674439459 641.1016795039546 worker-bee 0
626.640687 636.440974 623.5020430043248 501.59200562418727 494.420686 504.596407 497.5593299956751 639.4453753758127 worker-bee 0
640.8039838794099 480.2685985644216 639.9999999997866 342.0753369633245 549.585927 342.60135000000014 550.3899108796232 480.79461160109724 worker-bee 0
403.653928 144.083305 402.80854189514963 -1.2262102686017105 192.04091900000003 0 192.88630510485035 145.3095152686017 worker-bee 0
222.43163199999998 239.01383800000002 216.76043256478016 -4.644049475008114 17.233101999999995 0 22.904301435219807 243.65788747500815 worker-bee 0
327.548625 638.1715440000002 318.47518469721825 248.33951781831405 109.47850899999999 253.20396900000003 118.55194930278176 643.0359951816863 worker-bee 0
141.817723 432.980844 137.0040898528147 226.16755538168695 5.342893999999999 229.23200399999996 10.15652714718529 436.04529261831306 worker-bee 0
574.9955430000001 499.341232 571.7258008640125 358.8597944687754 505.112304 360.4102410000001 508.3820461359876 500.8916785312248 capped-brood-cells 0
434.16768999999994 285.816984 433.7979633314146 222.26631639523634 353.08402000000007 222.73589600000003 353.4537466685854 286.28656360476367 capped-brood-cells 0
376.9584050000001 203.89773100000002 375.50039746237496 141.25574647275548 323.829082 142.458409 325.2870895376252 205.10039352724453 capped-brood-cells 0
182.38489200000004 101.81812699999998 180.77525485332532 32.66153753025446 114.92228899999999 34.194282 116.53192614667472 103.35087146974553 capped-brood-cells 0
404.860612 119.963822 403.1495225987983 46.44843562122038 369.37303499999996 47.234592 371.08412440120173 120.74997837877962 capped-brood-cells 0
640.4676180141063 331.7603870702071 638.6723533403513 254.62849468287152 581.110657 255.968258 582.905921673755 333.10015038733553 capped-brood-cells 0
639.956388 69.725363 639.5482554603534 -0.4265939770494338 566.2230500000001 0 566.6311825396466 70.15195697704944 capped-brood-cells 0
488.11476600000003 97.44680599999998 486.95023201555193 47.41368171352518 442.824569 48.440718000000004 443.9891029844481 98.47384228647482 capped-brood-cells 0
640.4944813897962 636.350878180025 639.9999999999436 551.3570839903039 622.476867 551.4590310000001 622.9713483898524 636.4528251897212 capped-brood-cells 0
372.7827060000001 596.302747 372.5539749870055 556.9871824838295 295.798721 557.4337310000001 296.02745201299456 596.7492955161705 capped-brood-cells 0
329.101395 468.340111 327.862352311045 415.10575827797027 277.682273 416.27371199999993 278.9213156889551 469.50806472202964 capped-brood-cells 0