335.91391600000003 640.0000000000001 331.6619135221626 396.402911508566 98.3439046302104 400.4754920064546 102.59590710804785 644.0725804978888 capped-brood-cells 0
392.0064477915269 274.63151563554186 180.32002600000004 268.4720689999999 176.59457620847314 396.5074563644581 388.28099800000007 402.66690300000005 capped-brood-cells 0
643.5952155787459 322.9899010827697 483.03671 318.318126 479.4414944137629 441.87767917468636 639.9999999925087 446.54945425745603 capped-brood-cells 0
365.8268986964738 106.30150511584155 165.97824000000003 100.48650400000001 161.95921430352615 238.61148088415854 361.807873 244.42648200000005 capped-brood-cells 0
550.0471517221814 46.422514631440265 405.3004450000001 42.21081600000005 403.4115082778187 107.12936636855984 548.158215 111.34106500000007 capped-brood-cells 0
122.44213571496444 228.54036848850512 20.098226000000032 225.56246500000003 17.999591285035635 297.687865511495 120.34350100000003 300.66576900000007 capped-brood-cells 0
187.343781 222.466094 183.50496939387182 2.5407180285266002 1.468347 5.718179000000001 5.307158606128195 225.6435549714734 worker-bee 0
99.422653 459.634105 97.25500424045677 335.449607852523 5.883134 337.04451000000006 8.050782759543225 461.229007147477 worker-bee 0
208.87719300000003 412.204864 206.1205824092071 254.27873702538605 102.63548399999999 256.08507599999996 105.39209459079294 414.01120297461387 worker-bee 0
108.229614 640 106.15939323725269 521.3971564842932 9.130583918383643 523.0908010014247 11.200804681130947 641.6936445171315 worker-bee 0
640 420.31481600000006 335.600585 420.314816 335.60058500000014 640 640 640 worker-bee 0
523.7477380075516 344.2545099563697 385.4535890000001 340.2305610000001 383.88582099244866 394.11125004363043 522.17997 398.1351990000001 worker-bee 0
644.113390447227 116.07867343791254 354.069116 107.63924700000004 349.95572555277306 249.00730756208756 640 257.44673400000005 worker-bee 0
641.7062786585084 259.963969629534 469.3985270000001 254.95032700000007 467.69224834149185 313.5913313704662 640.0000000000001 318.60497400000014 worker-bee 0
353.63117108186646 221.20202657848046 252.34489900000005 218.25489700000003 250.36877191813363 286.1699784215196 351.65504400000003 289.11710800000003 worker-bee 0
410.5487682362178 11.945749415426048 264.63076899999993 7.699969000000031 261.83709576378203 103.71228458457404 407.7550949999999 107.95806500000005 worker-bee 0
637.1202805552416 18.538306436761317 436.692308 12.706448000000051 435.3292714447583 59.55097556323882 635.7572439999999 65.38283400000009 worker-bee 0