415.363517 424.441028 414.98820590374123 392.1868262836505 398.7932840000001 392.375271 399.16859509625885 424.62947271634954 american-foulbrood 0
380.84058100000004 329.0341000000001 380.41769478789627 292.6913133950593 364.8426740000001 292.872545 365.2655602121039 329.2153316049408 american-foulbrood 0
348.570692 361.127634 347.8652683982807 300.5036458632977 312.1102460000001 300.919693 312.8156696017193 361.5436811367023 american-foulbrood 0
376.581071 419.194786 376.1941691471758 385.94451080905947 358.63767899999993 386.148799 359.0245808528242 419.39907419094055 american-foulbrood 0
483.074075 564.721255 482.8108860636798 542.1029155475065 465.520067 542.304113 465.7832559363202 564.9224524524935 american-foulbrood 0
447.09322599999996 605.1956729999999 446.82519165845565 582.1608495658278 431.9807689999999 582.33358 432.2488033415442 605.3684034341721 american-foulbrood 0
496.3457440000001 139.19305500000002 496.0441450485308 113.2737379907271 473.284911 113.53856600000002 473.5865099514692 139.45788300927293 american-foulbrood 0
156.342971 547.691596 155.98840167895295 517.2199345257334 141.04435299999997 517.393824 141.39892232104702 547.8654854742666 american-foulbrood 0
123.85208700000001 365.744694 123.56187233131875 340.8037620822242 110.44431700000003 340.95639900000003 110.73453166868129 365.89733091777583 american-foulbrood 0
217.398011 247.77425300000002 217.1154156983598 223.48805742405568 201.994251 223.66400800000002 202.2768463016402 247.95020357594436 american-foulbrood 0
183.938852 113.91477499999999 183.67519185414392 91.25592951302838 167.657385 91.44231399999998 167.9210451458561 114.1011594869716 american-foulbrood 0
289.9255360000001 477.102316 289.5606784291942 445.74649362380535 259.229792 446.099425 259.5946495708059 477.4552473761947 american-foulbrood 0
34.97169000000001 428.4475990000001 34.682605345197445 403.6037273425196 15.941660999999996 403.82179800000006 16.230745654802558 428.6656696574805 american-foulbrood 0