618.106475 40.88470600000004 4.826859000000005 40.884706 4.826859000000041 617.223529 618.106475 617.223529 capped-brood-cells 0
455.267146 30.12705900000003 0.00767400000000369 30.127059 0.007674000000040164 625.797647 455.26714600000014 625.797647 capped-brood-cells 0
554.198561 141.94823500000007 454.30024 141.94823500000007 454.30024000000003 608.96 554.198561 608.96 capped-brood-cells 0
622.795204 185.13882400000006 558.119904 185.13882400000006 558.119904 510.6164710000001 622.795204 510.6164710000001 capped-brood-cells 0
157.03021600000005 562.72 99.49160700000006 562.72 99.49160700000007 632.009412 157.03021600000005 632.009412 capped-drone-cells 0
74.69736200000006 478.550588 34.48633100000006 478.550588 34.486331000000064 526.550588 74.69736200000006 526.550588 capped-drone-cells 0
413.3755400000001 568.244706 362.2062350000001 568.244706 362.2062350000001 640 413.3755400000001 640 capped-drone-cells 0
364.27817700000014 608.112941 292.6964030000001 608.112941 292.6964030000001 640 364.27817700000014 640 capped-drone-cells 0
73.26235000000008 585.967059 20.941966000000072 585.967059 20.941966000000075 636.432941 73.26235000000008 636.432941 capped-drone-cells 0
601.131894 482.9835290000001 555.411031 482.9835290000001 555.411031 545.157647 601.131894 545.157647 capped-drone-cells 0
620.631175 388.8658820000001 575.263309 388.8658820000001 575.263309 447.6894120000002 620.631175 447.6894120000002 capped-drone-cells 0
445.866667 313.581176 411.856115 313.581176 411.856115 367.07764699999996 445.866667 367.07764699999996 capped-drone-cells 0
225.61918499999996 38.96470600000002 169.001439 38.964706000000014 169.001439 88.84705900000003 225.61918499999996 88.84705900000003 capped-drone-cells 0
274.739568 26.12705900000003 248.280096 26.127059000000024 248.280096 58.72941200000003 274.739568 58.72941200000003 capped-drone-cells 0