624.51236 6.097144891855215e-14 371.22696599999995 4.546219156690833e-14 371.22696599999995 434.5904760000001 624.51236 434.59047600000014 nectar 0
275.47865200000007 16.87074800000002 29.67191 16.870748000000006 29.671910000000032 545.632653 275.4786520000001 545.632653 bee-larvae 0
639.991011 414.1605440000001 359.99101100000007 414.160544 359.99101100000007 640 639.991011 640 bee-larvae 0
347.43370800000014 536.598639 2.696629000000066 536.598639 2.696629000000072 640 347.43370800000014 640 bee-larvae 0
381.62696600000004 174.69387800000007 267.865169 174.69387800000007 267.86516900000004 499.918367 381.6269660000001 499.918367 bee-larvae 0
640 5.192942750141411e-14 208.07191 2.5481459857397615e-14 208.07191 183.72789100000003 640 183.72789100000006 capped-brood-cells 0
640 183.98911600000005 408.485393 183.98911600000005 408.485393 453.83401400000014 640 453.83401400000014 capped-brood-cells 0
424.8898880000001 492.854422 375.6853930000001 492.854422 375.6853930000001 561.534694 424.8898880000001 561.534694 capped-brood-cells 0
634.588764 446.53061200000013 412.1348310000001 446.530612 412.1348310000001 639.989116 634.588764 639.989116 bee-larvae 0
639.991011 223.70612200000005 585.213483 223.70612200000005 585.213483 420.2993200000002 639.991011 420.2993200000002 bee-larvae 0
381.195506 5.289796000000038 246.32809000000003 5.28979600000003 246.32809000000003 79.56462600000005 381.195506 79.56462600000006 bee-larvae 0
215.72134800000003 7.053061000000013 1.842697000000001 7.053061 1.84269700000003 482.089796 215.7213480000001 482.089796 bee-larvae 0
364.26966300000004 188.39727900000003 213.52809000000002 188.397279 213.52809000000002 497.9700680000001 364.2696630000001 497.9700680000001 bee-larvae 0
364.2606740000001 497.284354 6.089976923921593e-14 497.284354 6.963858219232326e-14 640 364.2606740000001 640 bee-larvae 0