200.36389900000006 297.566839 79.01805100000003 297.566839 79.01805100000004 382.57962 200.36389900000006 382.57962 american-foulbrood 0
385.120578 380.462867 243.04981900000007 380.462867 243.04981900000007 419.725043 385.120578 419.725043 american-foulbrood 0
126.46353800000006 439.041105 32.820217000000056 439.041105 32.820217000000056 521.44525 126.46353800000006 521.44525 american-foulbrood 0
353.72130000000016 541.84456 162.20649800000007 541.84456 162.20649800000007 593.973057 353.72130000000016 593.973057 american-foulbrood 0
314.9169680000001 496.53057 217.64620900000006 496.53057 217.64620900000006 541.794819 314.9169680000001 541.794819 american-foulbrood 0
579.142238 404.78618300000005 430.209386 404.786183 430.209386 459.5343700000001 579.142238 459.53437000000014 american-foulbrood 0
499.69675100000006 148.34404100000006 423.289531 148.34404100000006 423.289531 210.1001730000001 499.69675100000006 210.1001730000001 american-foulbrood 0
566.20361 119.59930900000006 448.693141 119.59930900000006 448.693141 166.75371300000006 566.20361 166.75371300000006 american-foulbrood 0
553.264982 30.065630000000063 490.281588 30.065630000000056 490.281588 57.964767000000066 553.264982 57.96476700000007 american-foulbrood 0
259.477256 6.853195000000026 152.941516 6.85319500000002 152.941516 62.386183000000024 259.477256 62.38618300000003 american-foulbrood 0
161.55956699999996 63.23177900000002 76.696029 63.23177900000002 76.696029 108.38549200000001 161.55956699999996 108.38549200000003 american-foulbrood 0
505.218773 80.91744400000007 418.645487 80.91744400000007 418.645487 109.26977500000005 505.218773 109.26977500000005 american-foulbrood 0
466.437545 290.92918800000007 347.032491 290.929188 347.032491 328.6217620000001 466.437545 328.6217620000001 american-foulbrood 0
640 288.7184800000001 589.631769 288.7184800000001 589.631769 326.85319500000014 640 326.85319500000014 american-foulbrood 0
640 345.09153700000013 529.559567 345.09153700000013 529.559567 391.4279790000001 640 391.4279790000001 american-foulbrood 0
630.862094 456.73229700000013 511.06426 456.73229700000013 511.06426000000005 501.98549200000014 630.862094 501.98549200000014 american-foulbrood 0
569.900361 598.217617 312.3754510000001 598.217617 312.3754510000001 640 569.900361 640 american-foulbrood 0
484.9097470000001 547.37133 384.0115520000001 547.37133 384.0115520000001 592.204491 484.9097470000001 592.204491 american-foulbrood 0
640 493.21450800000014 568.837545 493.21450800000014 568.837545 544.447668 640 544.447668 american-foulbrood 0
362.963177 63.220725000000044 298.524188 63.220725000000044 298.524188 94.22590700000003 362.963177 94.22590700000006 american-foulbrood 0