109.18787900000001 10.77833900000001 41.520661 10.778339000000003 41.520661000000004 117.776173 109.18787900000001 117.776173 american-foulbrood 0
200.04848500000003 0.5198560000000202 129.683747 0.519856000000016 129.683747 80.80866400000002 200.04848500000003 80.80866400000002 american-foulbrood 0
159.32121200000003 154.547292 72.87713500000002 154.547292 72.87713500000002 259.535018 159.32121200000006 259.535018 american-foulbrood 0
536.877135 411.2519860000001 488.180716 411.2519860000001 488.180716 462.89097500000014 536.877135 462.89097500000014 american-foulbrood 0
599.546006 365.0657040000001 525.408264 365.0657040000001 525.408264 409.49602900000014 599.546006 409.49602900000014 american-foulbrood 0
483.614325 126.31335700000005 419.614325 126.31335700000005 419.614325 206.11696800000007 483.614325 206.11696800000007 american-foulbrood 0
543.136088 62.128520000000066 497.96584 62.12852000000006 497.96584 152.69891700000005 543.136088 152.69891700000005 american-foulbrood 0
375.519559 146.85343000000006 333.41707999999994 146.85343000000006 333.41707999999994 216.39855600000007 375.519559 216.39855600000007 american-foulbrood 0
621.478788 7.046624430097734e-14 529.322314 6.482328775573702e-14 529.322314 72.59494600000006 621.478788 72.59494600000008 american-foulbrood 0
198.48815400000007 544.750903 145.34876000000006 544.750903 145.34876000000006 621.065704 198.48815400000007 621.065704 american-foulbrood 0
582.311846 508.8115520000001 499.9404960000001 508.8115520000001 499.9404960000001 582.05343 582.311846 582.05343 american-foulbrood 0
384.9168040000001 565.279422 335.3741050000001 565.279422 335.3741050000001 619.020939 384.9168040000001 619.020939 american-foulbrood 0
488.304132 318.84476500000005 445.07327799999996 318.844765 445.07327799999996 362.2353790000001 488.304132 362.2353790000001 american-foulbrood 0
560.379063 254.65992800000006 517.57135 254.65992800000006 517.57135 308.8173290000001 560.379063 308.8173290000001 american-foulbrood 0
605.804959 246.96606500000004 560.652342 246.96606500000004 560.652342 319.0989170000001 605.804959 319.0989170000001 american-foulbrood 0
200.04848500000003 157.111913 155.1427 157.111913 155.1427 212.285921 200.04848500000003 212.285921 american-foulbrood 0
485.183471 18.495307000000057 445.090909 18.495307000000057 445.090909 62.32491000000006 485.183471 62.32491000000006 american-foulbrood 0