631.269773 500.20517700000005 6.125746689299852e-14 500.205177 6.981743101921457e-14 640 631.269773 640 wax-sealed-honey-cells 0
630.7124250000002 402.783588 223.8941624827914 400.4167880614368 223.238275 513.1542450000001 630.0565375172088 515.5210449385634 wax-sealed-honey-cells 0
618.813436 267.94980000000004 376.34172010734505 266.53914104740016 375.6366740000001 387.72629200000006 618.1083898926552 389.13695095259993 wax-sealed-honey-cells 0
639.438008 35.91990200000008 542.2205216414321 34.222964761370115 538.483889 248.29454300000006 635.7013753585678 249.99148023863 wax-sealed-honey-cells 0
468.07737799999995 141.48816200000002 373.5476517209331 139.83814023073185 371.582305 252.43282900000003 466.1120312790669 254.0828507692682 worker-bee 0
242.09341600000005 345.73815900000005 180.18331743383155 344.6575141848837 177.94580400000004 472.84457 239.85590256616854 473.9252148151163 worker-bee 0
230.12066400000006 209.87927600000006 155.62696327191054 208.57898342848418 153.855302 310.077375 228.34900272808952 311.37766757151593 worker-bee 0
231.73011100000002 59.03823500000002 141.59853644562224 57.46498306526285 139.41163799999995 182.75235500000002 229.54321255437773 184.32560693473718 worker-bee 0
312.9620710000001 161.33169400000008 242.39311011856228 160.0999081948716 237.35563800000006 448.69649000000004 307.9245988814379 449.92827580512846 worker-bee 0
528.1192480000001 569.909012 451.13998093555256 569.4611597601958 450.7295980000001 640 527.7088650644477 640.4478522398042 worker-bee 0
485.9331080000001 403.70988700000004 420.25098357628116 402.5634010394542 419.04114400000014 471.87505100000004 484.72326842371905 473.02153696054586 worker-bee 0
596.4679330000001 178.0562970000001 480.90378845637144 177.3839650404941 480.4086070000001 262.4984990000001 595.9727515436288 263.170830959506 worker-bee 0
553.386158 3.2195060000000657 477.2584211608048 1.890691404713821 475.34286800000007 111.63265800000008 551.4706048391953 112.96147259528632 worker-bee 0