194.21454800000006 436.237206 140.73968323910304 434.68124630760383 138.587948 508.631588 192.06281276089703 510.18754769239615 american-foulbrood 0
270.350721 306.446012 231.51398313740614 305.31597842497024 229.346513 379.80710100000005 268.18325086259387 380.9371345750298 american-foulbrood 0
192.79374700000002 165.94710500000002 157.87405091932834 164.9310456172356 154.53033299999998 279.84717699999993 189.45002908067167 280.86323638276434 american-foulbrood 0
250.00248000000005 240.53075500000006 192.36620314215205 239.52470960808796 191.68045600000005 278.81112 249.31673285784802 279.8171653919121 american-foulbrood 0
298.05347300000005 119.60310000000004 260.15972685705594 118.50050446538592 257.89398800000004 196.36888900000005 295.78773414294415 197.47148453461418 american-foulbrood 0
404.20655600000003 138.86615400000005 305.2337103090028 137.1385761897161 304.039678 205.54462700000005 403.0125236909972 207.272204810284 american-foulbrood 0
221.25750799999997 16.574399000000028 185.40932729764114 15.53132323212627 183.10472400000003 94.73538300000001 218.95290470235886 95.77845876787377 american-foulbrood 0
119.836735 2.0917579999999996 24.72661868465459 0.43160424681847337 23.187887000000007 88.585457 118.29800331534541 90.24561075318154 american-foulbrood 0
57.61321200000002 99.356222 32.16695247204657 98.61581144128324 30.751334000000007 147.26746099999997 56.19759352795346 148.00787155871674 american-foulbrood 0
58.029750000000064 435.84802900000005 3.8295068084546724 434.2709627262426 1.9781570000000386 497.89771800000005 56.17840019154543 499.4747842737575 american-foulbrood 0
35.92057700000006 494.32597999999996 6.039613253960852e-14 493.69898299999994 -0.9771360348412053 549.6789799999686 34.94344096515879 550.3059769999687 american-foulbrood 0
133.22641100000016 466.5925260000001 70.2490935027743 464.7600731397607 67.11130800000004 572.5987620000001 130.08862549722588 574.4312148602394 american-foulbrood 0
103.73163700000008 332.279053 12.973787017856562 330.6948686172197 11.715854000000052 402.7617930000001 102.47370398214356 404.34597738278035 american-foulbrood 0
84.78393420506384 290.9526623247437 82.10096135167166 259.8907018903199 64.12185674176988 261.4436447478224 66.80482959516203 292.5056051822462 chalk-brood 0
137.78413200000006 278.01683600000007 101.23958902694602 276.9534985751546 99.28589300000002 344.097687 135.83043597305408 345.16102442484555 american-foulbrood 0
291.33254100000005 454.63108000000005 251.56731947778948 453.4740302646959 249.41900900000007 527.306675 289.18423052221067 528.463724735304 american-foulbrood 0
290.08237100000014 529.5335670000001 249.38866585623867 528.3495008845534 247.425653 595.8138640000001 288.1193581437615 596.9979301154467 american-foulbrood 0
311.8673380000001 610.1951000000001 223.48443477477844 608.6523710356649 222.93726000000015 640 311.3201632252218 641.5427289643353 american-foulbrood 0
329.596953 288.05068800000004 280.09715835778275 286.6103911875117 278.51821200000006 340.875262 328.0180066422173 342.31555881248835 american-foulbrood 0
510.3782560000002 582.8994080000001 439.76388688816326 581.6668300629649 438.7456780000001 640.0000000000001 509.36004711183693 641.2325779370353 american-foulbrood 0
569.6281200000001 523.7095830000001 519.91071204337 522.2629539234266 517.1955 615.5787230000002 566.9129079566301 617.0253520765735 american-foulbrood 0
546.074333 216.90500600000007 484.7508785624911 215.12067592508217 481.436561 329.026396 542.760015437509 330.81072607491797 american-foulbrood 0
587.718054 125.30791000000009 493.65526657542443 123.666037319311 492.577351 185.41975600000006 586.6401384245756 187.06162868068915 american-foulbrood 0
404.7991810000001 448.597122 359.65165579361224 447.28346330070315 355.8583970000001 577.649324 401.0059222063878 578.9629826992968 american-foulbrood 0
625.9791800000002 436.3973920000001 543.3586272239767 433.9933795889439 540.8361449999999 520.685476 623.4566977760234 523.0894884110561 american-foulbrood 0
609.0718940000002 347.78554700000007 562.1399379487805 346.41996678622866 559.6873529999999 430.7098590000001 606.6193090512196 432.0754392137716 american-foulbrood 0
637.386563 100.73974200000008 585.5800663634054 99.23232683640427 579.865746 295.62077100000005 631.6722426365945 297.12818616359584 american-foulbrood 0
614.247315 10.732190000000049 444.5722459356281 7.770500722822218 443.12078499999996 90.92464400000009 612.795854064372 93.88633327717791 american-foulbrood 0
413.65520300000003 48.67410200000005 356.2197741667358 47.002901627942265 353.72225000000003 132.83723600000002 411.15767883326413 134.5084363720578 american-foulbrood 0
304.1934473982906 361.51824058147355 302.16940371409277 332.56503572441403 279.91481415976807 334.1207965341146 281.9388578439659 363.07400139117414 chalk-brood 0