327.3200324746458 212.90587482956334 277.20260800000005 212.61430000000001 276.7412445253543 291.9158951704367 326.8586690000001 292.20747 american-foulbrood 0
270.3756691573427 380.75173491038663 217.57986700000006 380.44457799999986 217.13022384265736 457.7316920896134 269.926026 458.038849 american-foulbrood 0
159.86345653271857 396.1767201832362 111.57701300000005 395.895798 111.28517746728153 446.0580878167638 159.57162100000005 446.33901000000003 american-foulbrood 0
166.63908836515913 271.9727755902642 123.64887000000002 271.722666 123.23766563484088 342.40274440973576 166.22788399999996 342.65285399999993 american-foulbrood 0
447.8099658937715 44.399011925436376 406.817181 44.16052300000005 406.4405221062286 108.90272007456373 447.43330700000007 109.14120900000006 american-foulbrood 0
597.1389098790181 377.233490358276 554.3000119999999 376.98426100000006 553.799318120982 463.0462486417241 596.6382160000002 463.29547800000006 american-foulbrood 0
421.8918204354815 337.6371568920065 376.722584 337.37437000000006 376.2925905645186 411.2839741079937 421.4618270000001 411.5467610000001 american-foulbrood 0
188.21516793181755 444.1568297158204 142.89461000000006 443.893162 142.58653106818255 496.84734728417965 187.90708900000004 497.11101499999995 capped-brood-cells 0
217.64234864199832 386.9545285114197 168.68311068582696 383.4854730251932 163.92234680697646 450.67476201846966 212.88158476314783 454.14381750469613 chalk-brood 0
387.42437136712084 459.1002911071732 249.73764200000005 458.299253 248.77248663287926 624.195337892827 386.4592160000001 624.9963760000002 american-foulbrood 0
309.427739575147 452.2547206514322 303.82468974674634 389.389793264803 256.81307499150984 393.5798628463227 262.41612481991046 456.44479023295196 chalk-brood 0
29.30721500000005 377.438662 4.6670289346464765e-14 377.438662 5.0584771806578346e-14 441.367012 29.30721500000005 441.367012 chalk-brood 0
167.85681280019136 506.24581267334145 21.50351500000006 501.98736599999995 18.268420199808745 613.1703463266585 164.62171800000004 617.428793 capped-brood-cells 0
99.54155300572808 339.4831322353241 15.396264000000041 337.034755 14.044302994272025 383.49865276467597 98.18959200000006 385.94703000000004 capped-brood-cells 0
100.62662330252519 448.32252507088367 47.03568700000005 446.76318799999996 45.55986769747492 497.4838049291163 99.15080400000005 499.043142 capped-brood-cells 0
493.87404041928784 54.71980041649453 454.878689 54.49293200000007 454.5556855807122 110.01247958350561 493.551037 110.23934800000008 capped-brood-cells 0
491.60059098163293 156.77357000912457 452.121014 156.54388500000005 451.77267101836713 216.41907499087554 491.25224800000007 216.64876000000007 capped-brood-cells 0
518.1314901657719 105.45496853177966 475.8222149999999 105.20882000000003 475.4997488342281 160.63596246822044 517.809024 160.882111 capped-brood-cells 0
638.0570108636301 351.29308075476166 593.372 351.03311099999996 592.8224791363698 445.4877362452384 637.50749 445.7477060000001 american-foulbrood 0
242.85692904250013 219.2983620474099 12.087466000000024 212.58365599999996 9.980032957499905 285.0114269525901 240.74949600000002 291.726133 empty-cells 0
173.40086542349187 163.5994376725024 82.99639200000003 160.968936 81.36652057650818 216.98398032749768 171.77099400000003 219.61448200000007 american-foulbrood 0
331.12657346605425 12.503807443843098 199.88610699999998 11.740273000000025 198.72677753394578 211.01214755615695 329.96724400000005 211.77568200000002 empty-cells 0
464.0706702090456 183.42888562424153 346.17669100000006 182.74299800000006 345.2393667909546 343.8552223757586 463.1333460000001 344.54111000000006 empty-cells 0
639.9824081460165 20.34531072871821 519.6370340000001 19.645162000000063 518.1618268539836 273.21179527128197 638.507201 273.9119440000001 empty-cells 0
468.9426768407739 455.35849839612916 371.8250339895195 454.793484999939 370.7475350000001 639.9999999999999 467.8651778512545 640.5650133961901 empty-cells 0
627.1609288476704 582.894916288984 468.9551086366691 581.9745039978862 468.6175270000001 640.0000000000002 626.8233472110014 640.9204122910979 empty-cells 0
631.0360918404889 456.6871191723596 493.911792 452.69720899999993 492.00031315951105 518.3904668276405 629.124613 522.3803770000001 empty-cells 0