539.1962411147629 285.31635111685375 536.0811069999999 17.602380000000004 101.4279108852371 22.660027883146235 104.54304499999999 290.37399899999997 capped-brood-cells 0
390.46916998217233 539.261255961978 387.36651699999993 272.619902 -3.102652982172343 277.16342203802196 -8.881784197001252e-16 543.804776 capped-brood-cells 0
528.164269650527 192.3537710816427 526.205638 24.02935399999999 152.52039134947304 28.377574918357332 154.47902300000004 196.70199200000008 capped-brood-cells 0
406.10548341503613 393.62410526562553 403.79849699999994 195.36215200000004 37.524033584963796 199.62414073437444 39.831019999999995 397.88609399999996 capped-brood-cells 0
324.6768264493603 507.1734435570305 323.304135 389.20461299999994 -1.3726914493604045 392.9825694429694 8.881784197001252e-16 510.95140000000004 capped-brood-cells 0
335.62313126696915 596.9762005373175 334.74856700000004 521.816322 216.66689773303088 523.1903264626826 217.54146200000002 598.3502050000001 capped-brood-cells 0
92.93601373850063 593.133663285496 92.17779100000001 527.972117 -0.7582227385006304 529.053524714504 0 594.215071 capped-brood-cells 0
223.91675800000007 483.96926400000007 108.52781395021424 481.2835567966438 105.02842500000006 631.63159 220.41736904978592 634.3172972033562 worker-bee 0
504.7562164231193 476.5252865523252 503.53039999999993 371.1788719999999 316.6419835768805 373.3535154476747 317.86779999999993 478.69993 worker-bee 0
629.9569164105546 580.850566452395 628.740461 476.3086149999999 452.77812958944537 478.35612154760497 453.99458500000003 582.898073 worker-bee 0
628.9524519271041 281.1207007279701 627.711034 174.43351299999995 422.089852072896 176.82613227202984 423.33126999999996 283.51331999999996 worker-bee 0
639.826667 7.815970093361102e-14 539.1021088947639 -2.3443898924021234 535.253449 163.00974700000006 635.9780071052362 165.3541368924022 worker-bee 0
472.19671471145864 634.3321609945608 471.683209 590.2015899999999 317.15900428854127 591.9996420054391 317.67251 636.130213 worker-bee 0