160.9228017441551 100.4602658291006 66.656844 97.16842699999998 65.31059525584489 135.71995817089936 159.57655299999996 139.011797 american-foulbrood 0
180.8545046224952 62.33418002951517 147.480462 62.140015000000005 147.25810837750478 100.35925197048485 180.63215100000002 100.55341700000001 american-foulbrood 0
101.83158804286296 197.4643162397728 42.520444000000026 195.39312600000002 41.18084795713707 233.75414776022726 100.49199200000002 235.82533800000004 american-foulbrood 0
275.96172800727135 193.5311220302243 201.30379100000002 190.924009 199.3353769927287 247.29200196977573 273.993314 249.89911500000002 american-foulbrood 0
196.79540126349704 390.86484929542894 149.29307000000006 390.588489 148.83857473650306 468.70964070457103 196.34090600000005 468.98600100000004 american-foulbrood 0
151.015612397913 246.4743197478374 93.07433000000003 246.13722700000005 92.6389696020871 320.9692722521627 150.58025200000006 321.3063650000001 american-foulbrood 0
104.96862181931431 318.97326124223014 30.637845000000034 318.540818 29.980700180685773 431.4945657577698 104.31147700000004 431.9270089999999 american-foulbrood 0
79.55750654480387 510.5981642893369 3.4971860000000596 507.94208 1.7123884551962654 559.0520067106629 77.77270900000008 561.708091 american-foulbrood 0
226.53090628891442 466.74805279468274 171.1850220000001 464.81533200000007 169.49389471108577 513.2428832053174 224.83977900000008 515.1756040000001 american-foulbrood 0
428.3782005380525 153.9602200927605 377.637074 153.66501700000006 377.05936646194755 252.9645569072396 427.8004930000001 253.25976000000003 american-foulbrood 0
503.6756264951398 253.79595664784387 445.287421 251.75699500000002 443.50501750486035 302.79833835215624 501.89322300000003 304.8373000000001 american-foulbrood 0
515.1575677668134 69.85157326751121 453.781972 69.49450000000006 453.41242123318665 133.0147927324889 514.788017 133.37186600000007 american-foulbrood 0
432.6405098539843 54.294167939719316 327.3874740000001 50.61865100000004 325.3506701460157 108.94508306028078 430.603706 112.62060000000005 american-foulbrood 0
564.7862286259473 162.4244614295098 507.8339649999999 160.43564500000005 505.9592223740526 214.1212615704903 562.911486 216.11007800000004 american-foulbrood 0
638.3806470028718 300.6923980097741 596.3145619999999 300.44766500000003 595.9622159971283 361.010875990226 638.0283010000002 361.25560900000005 american-foulbrood 0
483.2933349918596 485.7321622708678 425.32914200000005 483.7080080000001 423.77000500814063 528.3558487291325 481.7341980000001 530.3800030000001 american-foulbrood 0
448.81529201873013 529.0549667192588 375.468021 526.493623 373.31811998126994 588.0587192807412 446.6653910000001 590.6200630000001 american-foulbrood 0
340.47900006670744 280.77795014577254 299.2927450000001 280.538336 298.9788029332927 334.5005008542276 340.16505800000004 334.7401150000001 american-foulbrood 0