196.95772900000003 352.83128 194.61577450725167 151.56416668732598 32.635628999999994 153.44897599999996 34.97758349274834 354.71608931267394 american-foulbrood 0
408.74410000000006 345.7676370000001 408.0367936442787 224.1919670114913 236.97571000000005 225.187171 237.6830163557214 346.7628409885088 american-foulbrood 0
640 6.412354110743601e-14 407.216898 4.9869687069441424e-14 407.216898 151.74304200000006 640 151.74304200000006 american-foulbrood 0
475.272525 570.02157 473.961651147549 457.3653467680307 405.98403099999996 458.156338 407.29490485245094 570.8125612319693 american-foulbrood 0
125.68951499999999 96.49845200000001 125.19624255637781 11.712175228201447 0.14474899999999988 12.439703999999981 0.6380214436221743 97.22598077179855 american-foulbrood 0
501.37436199999996 330.640483 501.0811678995463 280.24470324761245 386.412863 280.91182399999997 386.7060571004537 331.30760375238754 american-foulbrood 0
67.639172 600.8489639999999 66.88020992636562 535.6238775895346 6.240758999999997 536.329481 6.99972107363437 601.5545674104653 american-foulbrood 0
70.12613138485152 334.6095466792542 22.309860019751667 309.4242765441951 -2.6004134161652246 356.71844444484225 45.21585794893463 381.90371457990136 chalk-brood 0
414.8267106765893 424.0263835821718 313.43995994636816 418.8261631613122 310.37219454402594 478.6372367262784 411.758945274247 483.83745714713797 chalk-brood 0
474.38831459449284 635.660981519373 472.61271858564487 572.3538159750293 376.0395972466073 575.0624327222358 377.81519325545526 638.3695982665795 chalk-brood 0
640.7552339525881 574.479693608107 639.6064930918504 517.9305621194862 546.2135872200823 519.8277485882035 547.36232808082 576.3768800768242 chalk-brood 0
290.95653939206375 181.96127582661114 192.31646869131646 167.21782169473596 183.73696369711695 224.6184126034566 282.3770343978643 239.36186673533174 chalk-brood 0
208.0087011707225 88.67296778609337 126.99236825431373 77.47300533485551 119.39505735410953 132.42910646824623 200.4113902705183 143.6290689194841 chalk-brood 0