86.50158700000004 313.662136 0.010159000000038412 313.662136 0.010159000000043269 393.00970899999993 86.50158700000006 393.00970899999993 worker-bee 0
640 9.102913000000056 284.596825 9.102913000000035 284.596825 111.25436900000005 640 111.25436900000008 worker-bee 0
632.624762 100.08543700000007 376.746667 100.08543700000006 376.746667 313.67767000000003 632.624762 313.6776700000001 worker-bee 0
640 308.6912620000001 487.771429 308.6912620000001 487.77142900000007 576.497087 640 576.497087 worker-bee 0
605.348571 377.4912620000001 568.309841 377.4912620000001 568.309841 434.43883500000015 605.348571 434.43883500000015 bee-larvae 0
164.23619000000002 4.644660000000011 8.137143 4.644660000000002 8.137143000000018 295.906796 164.23619000000005 295.906796 bee-larvae 0
217.11238100000003 216 156.119365 216 156.11936500000002 284.256311 217.11238100000006 284.256311 bee-larvae 0
156.67809500000007 306.454369 87.21269800000003 306.454369 87.21269800000005 640 156.67809500000007 640 bee-larvae 0
302.3746030000001 565.001942 158.34412700000004 565.001942 158.34412700000004 640 302.3746030000001 640 bee-larvae 0
377.81333300000017 547.231068 331.02222200000017 547.231068 331.02222200000017 607.565049 377.81333300000017 607.565049 bee-larvae 0
347.0628570000001 0.21747600000003167 169.93523799999997 0.21747600000002082 169.93523800000003 560.497087 347.0628570000001 560.497087 capped-brood-cells 0
481.71682500000003 219.93009700000005 353.53396799999996 219.93009700000005 353.5339680000001 633.320388 481.7168250000001 633.320388 capped-brood-cells 0