314.50076464972216 63.304817319403185 226.44526780314658 60.284487715445394 223.15651592410586 156.16563934027582 311.21201277068144 159.1859689442336 bee-larvae 0
281.86744682948824 185.40692919494694 210.470043965351 131.68301985732273 155.4859308101734 204.75519435967684 226.88333367431062 258.47910369730107 bee-larvae 0
221.51508483505137 225.41440370929104 128.36469369687381 219.02422984922313 121.0206787709788 326.0788856147967 214.17106990915636 332.4690594748646 bee-larvae 0
72.51231500000004 308.085106 3.8250670233289735e-14 308.085106 4.429573532999862e-14 406.80851099999995 72.51231500000006 406.80851099999995 bee-larvae 0
314.3938615627987 424.52943082903226 228.11850494707022 406.09089358385575 207.100507859836 504.4357443677128 293.37586447556447 522.8742816128894 bee-larvae 0
464.67166885013467 388.8884151468683 416.2520222470538 316.4515983527083 340.1821930652823 367.2996947924604 388.60183966836325 439.73651158662045 bee-larvae 0
496.8345353887091 434.65354400023966 410.89007757319746 413.56224038128465 389.8118669196988 499.45334597932936 475.75632473521046 520.5446495982843 bee-larvae 0
628.3889074714252 249.08092134826853 626.861379049581 222.20244624079396 564.906510678143 225.72339830115345 566.4340390999872 252.60187340862808 varroa-mites 0
650.5685437652959 222.30790164609277 599.4673055898315 148.7366183907772 524.7670282877397 200.622034728294 575.868266463204 274.19331798360963 bee-larvae 0
458.3849540229057 8.875673032442783 372.4409369575207 1.7371151770546085 366.97571004294184 67.53521680037312 452.9197271083268 74.67377465576129 bee-larvae 0
250.10131974344785 224.79879208647537 229.4559556646615 188.57331583408762 200.0750562826998 205.31786766486738 220.72042036148613 241.54334391725516 varroa-mites 0
197.044335 284.25531900000004 184.78326245130154 268.1689526819919 148.48200455829664 295.83787105897056 160.74307710699514 311.9242373769787 varroa-mites 0