634.2918403659039 3.6902019632695007 0 0 -0.813515365903831 139.8314140367306 633.478325 143.52161600000008 wax-sealed-honey-cells 0
411.2873694869576 130.5806126204237 3.8134190000000157 128.209998 3.157642513042428 240.92837637957638 410.631593 243.29899100000003 wax-sealed-honey-cells 0
262.7106947924211 256.00942354398563 19.534147000000036 254.59466399999997 18.829220207578956 375.7613064560143 262.00576800000005 377.176066 wax-sealed-honey-cells 0
104.30966600000002 608.3692190000002 101.81213534433665 393.73193027227967 4.594649 394.863158 7.092179655663353 609.5004467277205 wax-sealed-honey-cells 0
269.882204 502.7853190000001 268.56564523786597 389.64055881474576 174.03591899999998 390.74051199999997 175.35247776213401 503.8852721852543 worker-bee 0
457.2604119999999 298.345508 455.7646285538055 169.79819575999667 393.85452999999995 170.51858500000003 395.3503134461944 299.0658972400034 worker-bee 0
485.7691819999999 434.2776150000001 484.58309671260594 332.3457428963526 410.08939599999997 333.212556 411.275481287394 435.1444281036475 worker-bee 0
504.18874600000004 585.209653 502.7247925449184 459.39780414015263 412.593218 460.44658 414.0571714550816 586.2584288598475 worker-bee 0
400.4284170000001 482.8023590000001 397.0655138726284 193.79513489210967 326.49655300000006 194.61627900000002 329.85945612737174 483.62350310789043 worker-bee 0
179.41854009064997 1.9841134017030535 101.998531 1.5336970000000125 101.57805690935004 73.80705959829699 178.998066 74.25747600000003 worker-bee 0
215.54848599999997 240.39572899999996 214.73752442679842 170.7018741452902 149.0554 171.466155 149.86636157320154 241.16000985470976 worker-bee 0
160.96959565690122 381.233553958033 44.91042100000004 380.558342 44.41532334309896 465.658472041967 160.4744980000001 466.33368400000006 worker-bee 0
170.19309700000002 640 168.9219968396375 530.7619384199124 92.79426000000001 531.6477650000002 94.06536016036253 640.8858265800877 worker-bee 0