465.7268830000001 548.8657690000001 433.3804176911236 548.4893838448706 432.9019670000001 589.607341 465.2484323088765 589.9837261551295 american-foulbrood 0
583.0086090000001 493.6713330000001 546.2182732679115 493.2432387594597 545.635367 543.3380900000001 582.4257027320886 543.7661842405405 american-foulbrood 0
483.33382000000006 102.42584100000008 449.50234247440454 102.03217633231931 448.61285100000003 178.47492900000006 482.44432852559555 178.86859366768084 american-foulbrood 0
623.6413356344855 334.11843414425766 622.472905 267.179061 550.9516953655144 268.4274678557424 552.1201259999999 335.3668410000001 american-foulbrood 0
616.558265 111.85551900000009 586.6570457821605 111.5075869473367 585.992297 168.63598000000002 615.8935162178395 168.9839120526634 american-foulbrood 0
599.2167950000002 163.12123300000007 562.359465960794 162.69235902640537 561.787085 211.88264500000008 598.6444140392063 212.3115189735948 american-foulbrood 0
244.60831597229912 490.42418301786654 243.53920399999998 429.174838 179.49943802770088 430.2926569821335 180.56855 491.542002 american-foulbrood 0
320.28620300000006 376.7271830000001 284.8468928630476 376.31480898622544 284.30389400000007 422.97998300000006 319.74320413695256 423.3923570137746 american-foulbrood 0
320.6786860000001 267.661468 295.92476304014116 267.3734303531981 295.17420699999997 331.876132 319.9281299598589 332.16416964680195 american-foulbrood 0
298.479894 144.23500800000005 255.33638630705633 143.73298762364323 254.21315599999997 240.263124 297.35666369294364 240.76514437635683 american-foulbrood 0
236.02652500000002 247.559325 198.8230651594709 247.12642330612198 198.16428200000001 303.742078 235.36774184052913 304.174979693878 american-foulbrood 0
247.74766200000002 142.83658800000003 223.84231770897006 142.55842476675187 223.492672 172.60697200000004 247.39801629102996 172.88513523324815 american-foulbrood 0
120.23557900000006 422.23660699999994 83.18843620450457 421.8055247981566 82.45629100000004 484.72597899999994 119.50343379549552 485.15706120184336 american-foulbrood 0
48.780292000000046 321.25873699999994 17.137253532923445 320.8905370010756 16.374238000000037 386.463948 48.01727646707664 386.83214799892437 american-foulbrood 0
373.9630700000001 49.72844400000005 345.692013855765 49.39948054752933 345.3244339999999 80.98922300000004 373.59549014423493 81.31818645247077 american-foulbrood 0