363.242553 147.08586200000005 295.753191 147.08586200000005 295.753191 360.56024 363.242553 360.56024 queen-bee 0
525.3954578219945 509.5301494974817 523.2340429999999 416.6669819999999 395.0130531780054 419.6513595025183 397.174468 512.514527 worker-bee 0
341.95744700000006 370.95716400000003 233.12340400000005 370.95716400000003 233.12340400000005 537.893142 341.9574470000001 537.893142 worker-bee 0
313.021277 184.57817900000006 202.485106 184.57817900000003 202.48510600000003 385.414767 313.021277 385.414767 worker-bee 0
197.17355486690815 352.6192457479288 195.56595699999997 283.55028 123.94984913309186 285.2171632520712 125.557447 354.2861290000001 worker-bee 0
252.03337733661724 217.44165898161 250.03404300000003 131.542095 137.8559846633828 134.15306801838997 139.855319 220.052632 worker-bee 0
125.88936200000005 234.84578 73.87234000000002 234.84578 73.87234000000004 389.611098 125.88936200000006 389.611098 worker-bee 0
96.10212800000002 192.066744 2.365835694670673e-14 192.066744 2.973894071946065e-14 291.370213 96.10212800000002 291.370213 worker-bee 0
178.757447 1.2348824338340309e-14 3.265722756648285e-17 1.403087573725176e-15 1.0497568144848505e-14 170.904965 178.757447 170.904965 worker-bee 0
270.723404 2.583327277714861e-14 151.165957 1.8512490538009642e-14 151.165957 102.19504800000003 270.723404 102.19504800000003 worker-bee 0
638.6608349196896 461.3903232659327 636.280851 359.1364980000001 530.0540590803104 361.6089537340674 532.434043 463.86277900000005 worker-bee 0
530.331915 199.33298400000007 374.655319 199.33298400000007 374.655319 415.200368 530.331915 415.2003680000001 worker-bee 0
597.86383 5.70404000488631e-14 333.676596 4.0863597524178455e-14 333.676596 245.41940700000004 597.86383 245.41940700000004 worker-bee 0
641.3837481072642 291.0347489162597 640 231.583268 555.7907198927359 233.5432600837403 557.174468 292.994741 wax-sealed-honey-cells 0
357.614351065303 112.91331252000433 355.7021280000001 30.756402 247.0154369346971 33.28611247999568 248.92766 115.44302300000001 wax-sealed-honey-cells 0
298.67234 111.58449400000003 256.391489 111.58449400000003 256.391489 166.49199600000006 298.67234 166.49199600000006 wax-sealed-honey-cells 0
143.82127700000004 167.36458 93.42127700000003 167.36458 93.42127700000003 243.249709 143.82127700000007 243.249709 wax-sealed-honey-cells 0
594.357447 144.43000700000005 555.293617 144.43000700000005 555.293617 189.02717100000007 594.357447 189.02717100000007 wax-sealed-honey-cells 0