229.73488 153.7577 188.782872 153.7577 188.782872 224.039425 229.73488 224.039425 american-foulbrood 0
153.17752 0.27269000000001514 94.681178 0.27269000000001153 94.681178 54.50184800000002 153.17752 54.50184800000002 american-foulbrood 0
53.10401400000002 87.231211 0.0028550000000106823 87.231211 0.0028550000000158024 170.845175 53.10401400000002 170.845175 american-foulbrood 0
117.30098100000004 153.813552 76.97127600000003 153.813552 76.97127600000003 204.244764 117.30098100000004 204.244764 american-foulbrood 0
267.669581 30.166735000000028 190.31008 30.166735000000024 190.31008 159.66488700000002 267.669581 159.66488700000005 american-foulbrood 0
342.25727 53.266530000000046 294.203033 53.266530000000046 294.203033 111.04394300000003 342.25727 111.04394300000003 american-foulbrood 0
381.904728 4.378506686083751e-14 333.159679 4.0800293449230964e-14 333.159679 39.28049300000004 381.904728 39.28049300000004 american-foulbrood 0
387.57109700000007 445.9466120000001 278.851026 445.9466120000001 278.85102600000005 497.770842 387.5710970000001 497.770842 american-foulbrood 0
243.12292600000006 493.49979500000006 93.50223000000005 493.49979500000006 93.50223000000007 613.792197 243.12292600000006 613.792197 american-foulbrood 0
512.473863 411.975359 453.57787700000006 411.975359 453.57787700000006 513.21232 512.473863 513.21232 american-foulbrood 0
444.5002680000001 547.853799 395.73238200000003 547.853799 395.73238200000003 615.421766 444.5002680000001 615.421766 american-foulbrood 0
555.906512 80.44024600000006 486.636931 80.44024600000006 486.636931 163.95564700000006 555.906512 163.95564700000006 american-foulbrood 0
630.488492 155.17043100000006 589.348082 155.17043100000006 589.348082 210.7071870000001 630.488492 210.7071870000001 american-foulbrood 0
523.803747 305.99425100000013 499.625335 305.99425100000013 499.625335 337.9219710000001 523.803747 337.9219710000001 american-foulbrood 0
640 278.5445590000001 593.367351 278.5445590000001 593.367351 347.70924000000014 640 347.70924000000014 american-foulbrood 0
558.738269 546.490349 513.789831 546.490349 513.789831 599.937577 558.738269 599.937577 american-foulbrood 0
636.152007 542.416427 607.057984 542.416427 607.057984 583.628747 636.152007 583.628747 american-foulbrood 0
212.94415700000005 299.978645 164.15914400000005 299.978645 164.15914400000005 370.6940450000001 212.94415700000005 370.6940450000001 american-foulbrood 0