320.45488947831063 577.8082964542149 311.575633 196.31923 4.7454565216893805 203.46078154578515 13.624713 584.949848 capped-brood-cells 0
592.7278565265507 600.3595923658339 586.6047580000001 337.286327 339.08418247344946 343.04743263416617 345.2072810000001 606.1206980000001 capped-brood-cells 0
153.39341183032923 556.4694269546189 151.387645 470.29353000000003 70.54852016967078 472.1750820453812 72.55428700000002 558.3509790000002 bee-larvae 0
356.21399971956964 532.8607915449784 354.13598099999996 443.58059800000007 288.8973892804302 445.09904245502173 290.9754079999999 534.379236 bee-larvae 0
345.6743729534862 380.63152227739096 343.44114499999995 284.68296 269.89014904651367 286.394878722609 272.123377 382.343441 bee-larvae 0
551.3181666819551 176.8764739908633 546.9183272780442 -12.158563999735549 24.536849596089077 9.401131095820858e-9 28.936689 189.035038 bee-larvae 0
645.4883316405112 331.11944923744727 639.9999999919393 173.9541927691696 368.5802123514281 183.4323805317223 374.068544 340.59763699999996 bee-larvae 0
552.4021893792044 567.239668510459 544.099504 329.481873 5.3378646207956235 348.295844489541 13.640549999999998 586.05364 capped-brood-cells 0
292.66852625696197 355.214504116717 286.01132000000007 69.19381100000001 5.142636743038068 75.73110288328307 11.799843000000001 361.75179600000007 capped-brood-cells 0
158.09587180358486 567.9876550608304 155.799009 469.30508700000007 70.66579819641512 471.28658493916964 72.96266099999997 569.969153 bee-larvae 0
369.2948530403277 553.7946413777984 366.50362700000005 433.872212 264.1152819596723 436.2553276222018 266.906508 556.1777570000002 bee-larvae 0
340.85134235793817 360.75234299998704 338.44270800000004 291.77807200000007 268.44135064206193 294.22257300001297 270.84998500000006 363.19684399999994 bee-larvae 0
640 6.422045916526182e-14 408.79969000000006 5.006352318509303e-14 408.79969000000006 326.578906 640 326.5789060000001 bee-larvae 0
368.2594117921846 122.76672778364556 365.338588881732 -2.7237562184386857 248.314895 0 251.23571791045262 125.49048400208423 bee-larvae 0
246.00292929751507 125.68548835260475 241.73261000000002 3.399546000000001 44.43029970248495 10.289494647395244 48.700619 132.57543700000002 bee-larvae 0
432.9040403426246 289.21142986174846 427.602302 61.42713 275.18194465737525 64.97475313825149 280.4836829999999 292.75905299999994 worker-bee 0
640 421.53610400000014 562.269003 421.53610400000014 562.269003 620.725626 640 620.725626 worker-bee 0
374.21513766985765 619.0347411224373 370.781079 520.6961559999999 186.24234433014226 527.1403898775626 189.676403 625.478975 worker-bee 0