466.367713 304.40796800000004 322.755157 304.407968 322.755157 431.7195220000001 466.367713 431.7195220000001 capped-brood-cells 0
512.315695 149.45657400000005 382.364126 149.45657400000005 382.364126 317.15697200000005 512.315695 317.1569720000001 capped-brood-cells 0
593.650224 25.89322700000006 428.74260100000004 25.893227000000046 428.74260100000004 210.42231100000006 593.650224 210.42231100000006 capped-brood-cells 0
620.16861 273.0326690000001 534.701345 273.0326690000001 534.701345 409.75298800000013 620.16861 409.75298800000013 capped-brood-cells 0
183.56233200000005 396.583267 40.17937200000004 396.583267 40.17937200000006 527.464542 183.56233200000005 527.464542 capped-brood-cells 0
406.29955200000006 412.29004 247.70583000000005 412.29004 247.70583000000005 587.12988 406.2995520000001 587.12988 capped-brood-cells 0
628.993722 418.1545820000001 530.295964 418.1545820000001 530.295964 527.464542 628.993722 527.464542 capped-brood-cells 0
308.749776 0.01274900000002879 161.463677 0.012749000000019772 161.463677 110.90358600000003 308.749776 110.90358600000003 queen-cell 0
66.62600900000002 215.305179 0.01435000000002637 215.305179 0.0143500000000326 317.093227 66.62600900000002 317.093227 queen-cell 0
252.06816100000003 173.79442200000003 153.399103 173.794422 153.39910300000003 302.20239 252.06816100000003 302.20239 worker-bee 0
94.95246600000003 149.443825 3.5443950000000193 149.443825 3.544395000000023 219.716335 94.95246600000003 219.716335 worker-bee 0
369.320179 26.10996000000004 302.306726 26.109960000000036 302.306726 97.91235100000006 369.320179 97.91235100000006 worker-bee 0
377.42780300000004 465.83585700000003 219.46547100000006 465.83585700000003 219.46547100000006 551.942629 377.42780300000004 551.942629 worker-bee 0
579.616143 480.14023900000007 391.8636770000001 480.14023899999995 391.8636770000001 639.987251 579.616143 639.987251 worker-bee 0
640 7.383994147168348e-14 565.897758 6.930248779793635e-14 565.897758 73.07729100000007 640 73.07729100000009 worker-bee 0
497.26278 30.623108000000055 391.906726 30.62310800000005 391.906726 402.99601600000005 497.26278 402.9960160000001 capped-brood-cells 0
609.607175 44.95298800000006 509.503139 44.95298800000006 509.503139 214.0047810000001 609.607175 214.0047810000001 capped-brood-cells 0
610.884305 311.2159360000001 552.997309 311.2159360000001 552.997309 414.4573710000002 610.884305 414.4573710000002 capped-brood-cells 0
640 431.47729100000004 535.289686 431.47729100000004 535.289686 519.853386 640 519.853386 capped-brood-cells 0
386.626009 372.780876 285.517489 372.780876 285.517489 460.29004 386.626009 460.29004 capped-brood-cells 0
277.15157 306.919522 179.1713000000001 306.919522 179.1713000000001 377.803984 277.15157 377.803984 capped-brood-cells 0
193.60717500000007 405.698805 37.36681600000004 405.698805 37.36681600000005 516.411155 193.60717500000007 516.411155 capped-brood-cells 0