572.113879 297.5668390000001 448.2944120000001 297.566839 448.2944120000001 382.5796200000001 572.113879 382.5796200000001 american-foulbrood 0
409.16293199999996 380.462867 265.949761 380.462867 265.949761 419.725043 409.16293199999996 419.725043 american-foulbrood 0
622.35229 439.04110500000013 526.311253 439.04110500000013 526.311253 521.44525 622.35229 521.44525 american-foulbrood 0
495.0763530000001 541.84456 302.0447660000001 541.84456 302.0447660000001 593.973057 495.0763530000001 593.973057 american-foulbrood 0
438.1184100000001 496.53057 339.5305960000001 496.53057 339.5305960000001 541.794819 438.1184100000001 541.794819 american-foulbrood 0
223.16169900000006 404.786183 72.63583700000005 404.786183 72.63583700000005 459.53437 223.16169900000006 459.53437 american-foulbrood 0
222.82376 148.344041 144.61962 148.344041 144.61962 210.100173 222.82376 210.100173 american-foulbrood 0
196.158896 119.59930900000002 77.27637400000003 119.599309 77.27637400000003 166.753713 196.158896 166.753713 american-foulbrood 0
151.405014 30.065630000000017 87.609838 30.065630000000013 87.609838 57.96476700000001 151.405014 57.96476700000001 american-foulbrood 0
488.873737 6.8531950000000545 380.72215200000005 6.8531950000000466 380.72215200000005 62.38618300000005 488.873737 62.38618300000006 american-foulbrood 0
566.457667 63.23177900000006 480.28029 63.23177900000006 480.28029 108.38549200000006 566.457667 108.38549200000006 american-foulbrood 0
224.53393900000003 80.91744400000003 137.135684 80.91744400000003 137.135684 109.26977500000004 224.53393900000003 109.26977500000004 american-foulbrood 0
302.529426 290.929188 182.02763000000004 290.929188 182.02763000000004 328.621762 302.529426 328.621762 american-foulbrood 0
59.878688000000025 288.71848 8.400850000000036 288.71848 8.400850000000037 326.853195 59.87868800000004 326.853195 american-foulbrood 0
121.82982400000003 345.091537 10.041138000000043 345.091537 10.041138000000045 391.427979 121.82982400000006 391.427979 american-foulbrood 0
143.54202600000005 456.732297 22.427459000000056 456.732297 22.42745900000006 501.985492 143.54202600000005 501.985492 american-foulbrood 0
346.2466470000001 598.217617 87.5059940000001 598.217617 87.5059940000001 640 346.2466470000001 640 american-foulbrood 0
273.2198390000001 547.37133 171.01713200000006 547.37133 171.01713200000006 592.204491 273.2198390000001 592.204491 american-foulbrood 0
87.00426400000006 493.214508 14.35107600000006 493.214508 14.351076000000065 544.447668 87.00426400000006 544.447668 american-foulbrood 0
344.217506 63.22072500000004 278.876358 63.22072500000003 278.876358 94.22590700000003 344.217506 94.22590700000003 american-foulbrood 0