449.02026741045694 13.07499467029572 55.050037 1.6116319999999995 46.13819858954309 307.89165932970434 440.108429 319.3550220000001 capped-brood-cells 0
303.16845666292767 339.42801798585293 30.026609000000043 331.480402 22.83740933707253 578.5571710141471 295.97925700000013 586.5047870000001 capped-brood-cells 0
170.42024734431345 64.42857445716427 80.955995 61.82543000000001 78.60803365568658 142.51960954283575 168.072286 145.12275400000001 bee-larvae 0
194.31363744997273 283.77685064353153 102.37968500000001 281.101846 100.48483955002726 346.22346435646847 192.418792 348.898469 bee-larvae 0
353.53411973065874 273.11913256529476 254.593667 270.24026000000003 252.45738926934132 343.6593784347054 351.397842 346.5382510000001 bee-larvae 0
640 37.61375200000007 450.67945 37.613752000000055 450.67945000000003 565.008735 640 565.008735 bee-larvae 0
458.4515069999999 640 452.1794898376962 370.52859084185127 295.14192600000007 374.183681 301.4139431623038 643.6550901581486 bee-larvae 0
304.27619 544.4856120000001 291.5109835837548 -3.959699036820559 53.94635999999999 1.5696790000000003 66.71156641624516 550.0149900368206 capped-brood-cells 0
575.6546765328611 20.124783689409334 278.20887400000004 11.469995000000036 270.0510834671391 291.8350783105908 567.4968860000002 300.4898670000001 capped-brood-cells 0
171.48181146376112 64.59721470662532 69.336216 61.62508199999999 66.86353453623892 146.6056482933747 169.00913000000003 149.57778100000004 bee-larvae 0
204.95449362818368 259.54679011772384 80.86713500000002 255.93621699999997 77.89328037181632 358.14097888227616 201.980639 361.751552 bee-larvae 0
344.36281299999996 341.177663 342.66812723705857 268.36704258799324 273.7498959999999 269.971132 275.4445817629413 342.78175241200677 bee-larvae 0
640 417.1722740000001 308.664279 417.172274 308.6642790000001 640 640 640 bee-larvae 0
643.398937122694 266.6661959891514 511.62011100000007 262.83182300000004 508.22117387080925 379.6456922341312 639.9999999935031 383.48006522328257 bee-larvae 0
633.7885610000001 259.73507 629.0803742589658 57.45215777308485 506.89378600000003 60.296082 511.6019727410343 262.57899422691514 bee-larvae 0
578.0409307978739 290.0814686936254 344.056513 283.27321700000005 339.6294852021262 435.42028330637464 573.613903 442.22853499999997 worker-bee 0
211.23820000000006 551.945846 12.846682000000067 551.945846 12.846682000000072 640 211.23820000000006 640 worker-bee 0
115.130437 361.477712 110.74202762657725 172.93373091914515 12.483340000000002 175.220727 16.87174937342276 363.76470808085486 worker-bee 0