167.20252399999998 20.127640000000014 108.865615 20.127640000000014 108.865615 104.04674200000001 167.20252399999998 104.04674200000002 pollen 0
301.3653 178.34427000000002 174.092114 178.34427 174.09211400000004 258.092584 301.3653 258.092584 pollen 0
369.07507899999996 4.652584000000041 303.772871 4.652584000000037 303.772871 104.04674200000004 369.07507899999996 104.04674200000005 pollen 0
99.49779200000006 458.232809 35.87129300000006 458.232809 35.871293000000065 572.354157 99.49779200000006 572.354157 pollen 0
405.718612 72.13303400000002 64.610726 72.133034 64.61072600000001 180.18516900000003 405.718612 180.18516900000006 nectar 0
404.47192400000006 180.54471900000004 309.98612 180.54471900000004 309.9861200000001 521.010337 404.4719240000001 521.010337 nectar 0
353.54447900000014 479.25213499999995 149.24921100000006 479.25213499999995 149.24921100000006 639.640449 353.54447900000014 639.640449 nectar 0
582.73817 302.2525840000001 473.827129 302.2525840000001 473.82712900000007 618.398202 582.73817 618.398202 nectar 0
626.210726 199.35640400000005 535.944479 199.35640400000005 535.944479 337.7546070000001 626.210726 337.7546070000001 nectar 0
634.286435 461.5478650000001 573.21388 461.5478650000001 573.21388 565.271011 634.286435 565.271011 nectar 0
65.33753900000002 97.582022 12.57287100000001 97.582022 12.572871000000013 183.73033700000002 65.33753900000004 183.73033700000002 nectar 0