637.5318271014714 636.2170429272061 635.3564669988564 262.3044438034379 -2.175360102615021 266.01349587623184 4.440892098500626e-16 639.9260950000001 capped-brood-cells 0
269.5433006186333 134.35118651482216 269.106507 59.272772999999994 83.73136538136671 60.35125448517781 84.168159 135.429668 capped-brood-cells 0
424.57339144814944 269.3596793446543 424.0412959999999 177.90019699999993 156.73519555185052 179.45533765534572 157.267291 270.91482 capped-brood-cells 0
336.3312324353529 441.4433749970449 335.97377099999994 380.000999 239.42921956464704 380.56267900295495 239.78668099999996 442.00505499999997 bee-larvae 0
526.9707909509204 337.8377133529026 526.7114319999998 293.25767699999994 251.39960604907947 294.85939364709736 251.658965 339.43943 bee-larvae 0
557.7500683927319 264.13742039339115 557.1608330000001 162.856427 413.3594666072682 163.69303860660887 413.948702 264.974032 bee-larvae 0
394.76303712350983 102.43698890914354 394.36243600000006 33.57945999999999 310.7270558764902 34.06603609085646 311.127657 102.923565 bee-larvae 0
639.935007 6.604719743997597e-14 436.524849 5.3591917494538104e-14 436.524849 124.47588500000006 639.935007 124.47588500000008 bee-larvae 0
155.66464929046722 619.911541440942 155.000229 505.7075069999999 7.959709709532746 506.56296455905795 8.624129999999997 620.766999 worker-bee 0
469.79293828222285 614.0376108060261 469.064431 488.817798 266.38135471777724 489.99697319397376 267.109862 615.216786 worker-bee 0
630.9670484162482 578.1084951392377 630.686327 529.856533 534.9519295837518 530.4134988607623 535.232651 578.6654609999999 worker-bee 0
282.5616677081545 406.4528193910965 281.501417 224.211201 14.296174291845498 225.76575560890353 15.356425000000002 408.007374 worker-bee 0
354.8340816935391 218.90929318864517 354.16758799999997 104.34876199999998 17.9766343064609 106.30466381135477 18.643127999999997 220.86519499999994 worker-bee 0
332.9863857930899 104.66807064457615 332.414261 6.3281839999999985 -0.5721247930899368 8.265442355423827 0 106.605329 worker-bee 0
639.923451 0.6621040000000793 417.72441607431887 -3.2163951740487207 413.0305949999999 265.69239300000004 635.229629925681 269.5708921740488 bee-larvae 0
635.7743436204848 324.96751449633217 635.396453 260.01363599999996 441.9651373795151 261.1389865036678 442.34302799999995 326.092865 drone-bee 0
104.08097200000003 138.290674 26.185574666312238 136.93100431879498 24.601156000000003 227.70225799999997 102.4965533336878 229.06192768120502 drone-bee 0
618.3096373301266 470.93508637420285 617.988368 415.713595 261.4426966698734 417.78791762579715 261.76396600000004 473.009409 capped-brood-cells 0
514.3407020512182 411.95826848690893 513.8264430000002 323.564667 326.048303948782 324.65712851309104 326.562563 413.05073000000004 capped-brood-cells 0
590.9215776620849 549.5087466246842 590.503865 477.71011199999987 446.5031723379151 478.5478843753156 446.920885 550.346519 capped-brood-cells 0
583.2801122214098 636.54158273679 582.969213 583.102579 430.90276477859004 583.98727626321 431.213664 637.42628 capped-brood-cells 0
259.38034500000003 508.1127500000001 157.34381148535726 506.3316958718757 155.23209900000006 627.311636 257.2686325146428 629.0926901281244 capped-brood-cells 0
222.02561238714924 121.98045333969107 221.71461 68.523625 116.50057761285078 69.13574166030894 116.81157999999999 122.59257000000002 capped-brood-cells 0
553.5698841038491 156.62948473568753 553.337695 116.71956899999998 467.719471896151 117.2176812643125 467.95166100000006 157.12759700000007 capped-brood-cells 0
609.9732913127579 203.35171375229726 609.603489 139.788177 539.9378676872421 140.1934802477027 540.30767 203.75701700000002 capped-brood-cells 0
452.82417001701924 118.54321158138619 452.437776 52.127692999999994 357.26677998298067 52.68138141861381 357.6531739999999 119.0969 capped-brood-cells 0
402.3437697724544 282.9650756532788 402.06242599999996 234.60616399999998 274.26516222754555 235.34966634672116 274.54650599999997 283.708578 capped-brood-cells 0
333.37498596404384 325.193831575047 333.152027 286.87033 278.3229310359562 287.18931542495307 278.54589 325.51281700000004 bee-larvae 0
303.21325195673063 416.3327705130717 303.044425 387.3138589999999 253.1413300432693 387.60418648692826 253.31015699999998 416.623098 bee-larvae 0
633.3689863304566 419.02878184037326 633.1769299999999 386.0170959999999 563.8601476695433 386.4203691596266 564.052204 419.432055 bee-larvae 0
578.5407165919754 366.28128717829213 578.360275 335.26598799999994 512.2295814080245 335.65072482170774 512.4100229999999 366.666024 bee-larvae 0
380.6759410000001 3.7390050000000485 321.6106295362591 2.7080162412683855 319.949844 97.85436400000006 379.0151554637408 98.8853527587317 bee-larvae 0
300.9147405107748 109.66753991326493 300.752032 81.700297 236.50360248922516 82.07408308673509 236.666311 110.04132600000003 bee-larvae 0
190.01585239566597 75.18760806552525 189.781486 34.903369000000005 131.32436360433405 35.243461934474745 131.55873000000003 75.527701 bee-larvae 0
161.41682011405544 140.57745077802429 161.250067 111.91503699999998 49.086085885944556 112.56758822197571 49.252838999999994 141.230002 bee-larvae 0