545.3675561224131 565.4258998721197 472.88228254773435 565.0041905287663 472.5394101963275 623.9386120317266 545.0246837710063 624.3603213750799 small-hive-beetle 0
463.78226599999994 625.4213430000001 461.55069002652164 581.7337129623318 413.046477484508 584.2113212745226 415.2780534579863 627.8989513121909 small-hive-beetle 0
308.69955289367 597.9402475412594 253.98101134932722 509.0879454763305 208.15507171054932 537.3092579652364 262.8736132548921 626.1615600301652 small-hive-beetle 0
639.7069150986345 453.75219607295764 597.695556097989 381.7562056145757 534.564500210839 418.594666146597 576.5758592114846 490.59065660497885 small-hive-beetle 0
614.9684555821927 336.4289712647802 562.3739438550159 335.31013529892965 561.1074532141714 394.8456337056302 613.7019649413483 395.96446967148074 small-hive-beetle 0
555.8321064055694 483.4235106409807 542.3778333623419 411.78904400368106 501.9423984990643 419.383563887897 515.3966715422919 491.01803052519665 small-hive-beetle 0
582.2641268831186 369.2177328329726 554.87579213691 316.98488886547807 488.50750828022785 351.78515315760444 515.8958430264363 404.01799712509893 small-hive-beetle 0
514.7621038943909 411.05619409730025 468.8340307496097 403.30067805021326 459.7948289011793 456.83072313613434 505.72290204596044 464.5862391832213 small-hive-beetle 0
465.0344381617265 410.1910501643014 410.0456098134641 409.87113555538247 409.6868162562123 471.54270910073734 464.67564460447466 471.8626237096563 small-hive-beetle 0
434.0259054465515 502.7666766132204 386.98708049928985 424.8736702313613 344.41307101910473 450.5836982847642 391.4518959663664 528.4767046666233 small-hive-beetle 0
493.0468111717391 402.1451886233174 488.71984624734114 344.0013996122873 424.8722223284899 348.75283452738404 429.1991872528878 406.896623538414 small-hive-beetle 0
531.5136999714059 328.886336691099 481.3891823021874 237.70075132860913 438.214688511487 261.43367653020306 488.33920618070556 352.61926189269286 small-hive-beetle 0
575.0683870987439 304.0711299452681 563.6788718954951 201.66237076403277 511.2055586814814 207.49825436807265 522.5950738847301 309.90701354930803 small-hive-beetle 0
638.3438242414392 322.2448312665011 613.5626913633021 321.74814503318345 612.221586121863 388.6598187666824 637.0027190000001 389.15650500000004 small-hive-beetle 0
354.2873210333597 601.7060433772992 324.74363977484654 499.037269485225 278.07478730956586 512.4665688687377 307.61846856807904 615.1353427608118 small-hive-beetle 0
357.26204193238686 423.6133068186092 324.8380288070307 417.14079050239934 307.6665768075079 503.16102711726455 340.0905899328642 509.6335434334745 small-hive-beetle 0
408.9533929935949 367.9083994684472 340.1035241089303 335.26474691505075 313.29128681867826 391.8153739908279 382.14115570334286 424.4590265442244 small-hive-beetle 0
451.94310129455516 305.81134002636304 411.9999314946921 287.2689452497139 368.50881283803596 380.9555029038778 408.45198263789905 399.497897680527 small-hive-beetle 0
426.3920987715576 394.8593694058076 399.29047316260994 388.2996050334111 386.95665440830857 439.2567003239504 414.05828001725615 445.8164646963469 small-hive-beetle 0
426.7272987995922 275.55304639081436 389.98312114922896 236.79419513699298 321.0020403080025 302.1896598360196 357.74621795836583 340.94851108984096 small-hive-beetle 0
421.91267828390653 88.65834921881165 378.17156483486315 88.4038716910076 377.4708817746825 208.841450174497 421.21199522372586 209.09592770230105 small-hive-beetle 0
387.99591965743025 213.9022352379485 347.7779063805127 143.18089796112787 305.13524309536945 167.43105023769016 345.353256372287 238.1523875145108 small-hive-beetle 0
403.9805787975898 58.44390149035277 338.714733907393 21.564955525646724 305.5168153374965 80.3163690322535 370.78266022769327 117.19531499695955 small-hive-beetle 0
424.76795400000003 4.838506006253542e-14 365.420043 4.475104860042382e-14 365.420043 48.356128000000055 424.76795400000003 48.356128000000055 small-hive-beetle 0
368.3626642900965 257.2313990966915 336.9941403489415 212.12974479245958 282.485959058845 250.04057569576804 313.854483 295.14223 small-hive-beetle 0
317.0979552476809 376.54712545571505 309.73174778780117 264.0596656206297 263.0372462777678 267.1174410016619 270.40345373764757 379.6049008367473 small-hive-beetle 0
360.03204436950165 341.74506057013105 337.60152559536914 291.1491653411123 302.3567968254475 306.77409986958605 324.78731559958 357.3699950986048 small-hive-beetle 0
322.59012663620183 424.6799123622148 282.16129826890824 414.3627784722149 264.2178239228564 484.67626401810014 304.64665229015 494.99339790809995 small-hive-beetle 0
241.57358939819864 401.1883717604793 209.3874955759647 292.32453670965526 158.837324514695 307.2699274149195 191.02341833692896 416.13376246574353 small-hive-beetle 0
290.0962771442463 433.2314645425091 266.78588792183655 371.1183541980526 193.08589215112931 398.7771781979759 216.39628137353907 460.89028854243236 small-hive-beetle 0
267.5803972664718 267.86406922596404 229.4461848849449 265.6102899148841 225.790913272586 327.4579177161484 263.9251256541129 329.7116970272283 small-hive-beetle 0
218.7094981408331 160.91581254937867 153.30420642634652 130.63899771487633 124.53027348449385 192.79769862585624 189.93556519898044 223.07451346035856 small-hive-beetle 0
257.87060208751103 81.72940768630744 219.76722777851427 38.250247521059606 154.98447660517894 95.02322582474774 193.08785091417573 138.50238598999556 small-hive-beetle 0
180.82044234089005 61.038099039711796 119.90209749910034 44.909781624279134 95.47920523895317 137.15760477996014 156.3975500807429 153.2859221953928 small-hive-beetle 0
187.31337099999996 1.9507362001749534e-14 131.266027 1.6075451980234006e-14 131.266027 61.15782300000001 187.31337099999996 61.15782300000002 small-hive-beetle 0
134.74247053039804 483.3177840440215 128.7731583851271 384.7456199844239 84.63296797993632 387.4186522465641 90.60228012520727 485.9908163061617 small-hive-beetle 0
208.04146821189914 446.93427443538167 207.16693955120456 393.212680497127 163.10602625371024 393.9299438668499 163.98055491440488 447.65153780510457 small-hive-beetle 0
213.70378618292136 482.6737614129444 204.05900838921275 440.79128245788195 150.3682731836007 453.1552882082242 160.01305097730932 495.0377671632865 small-hive-beetle 0
175.92572261584837 431.55223204790434 140.10034362442116 418.45876232649266 121.48506072424723 469.39251626039373 157.31043971567445 482.4859859818054 small-hive-beetle 0
281.7349550041441 471.93474237179487 274.1245183339194 429.33569035597213 216.70407830993742 439.59400836306395 224.3145149801622 482.1930603788866 small-hive-beetle 0
208.5296696293916 316.6360210967012 208.1358648996001 248.946891919051 167.7898372825777 249.1816187754445 168.1836420123692 316.8707479530946 small-hive-beetle 0
187.7473073577028 207.62223791823595 124.68148808407966 201.05971738778894 117.13904622964117 273.54258013342803 180.20486550326433 280.105100663875 small-hive-beetle 0
172.59131856106058 316.4609694260918 131.00336501570916 306.04858039426017 112.96952063748773 378.0772646811014 154.55747418283914 388.48965371293303 small-hive-beetle 0
156.11584922503565 279.5584391512969 119.03143963131623 275.6716929827496 113.0853795642235 332.4045274501326 150.16978915794292 336.29127361867984 small-hive-beetle 0
120.97085454941703 387.1366146823669 120.23967147255195 261.4565164385606 79.0067922446525 261.69640154306916 79.73797532151757 387.37649978687546 small-hive-beetle 0
58.99799108547191 454.6564317060313 19.12199268542645 452.1068810469783 11.802874597895595 566.5808335890815 51.678872997941056 569.1303842481345 small-hive-beetle 0
24.15694900000007 550.802429 6.868572836026212e-14 550.802429 7.414087043939457e-14 639.89166 24.156949000000076 639.89166 small-hive-beetle 0
53.20004200000001 49.65615 6.081124515548084e-15 49.65615 1.110230908253292e-14 131.658317 53.20004200000001 131.658317 small-hive-beetle 0
100.62995036769578 65.41142921063994 68.25599354273774 -13.185712344996086 27.255303400558716 3.702364577200896 59.62926022551676 82.29950613283691 small-hive-beetle 0
140.30727208323427 149.56361646180056 76.91912117505942 143.79119752236812 70.9366908308338 209.48552799913426 134.32484173900863 215.2579469385667 small-hive-beetle 0
121.4595440272654 271.19460487472554 118.23920408871517 203.58491597469276 80.25186032159509 205.39430398228401 83.47220026014531 273.00399288231677 small-hive-beetle 0
128.69962 1.265926011668851e-14 78.041787 9.557362464928952e-15 78.041787 45.73939200000002 128.69962 45.73939200000002 small-hive-beetle 0
119.76820124287508 117.00815545986129 107.22614427866068 46.59912291518667 78.17205627504643 51.77456722417383 90.71411323926084 122.18359976884844 small-hive-beetle 0
639.7405028608433 35.73149814006701 613.5378482088113 35.36670013287997 612.366921347968 119.47185299281303 638.569576 119.83665100000007 small-hive-beetle 0