118.36526210607036 200.4071318062721 107.07237590479355 150.68382203435618 63.425608791699204 160.596637096804 74.71849499297599 210.3199468687199 varroa-mites 0
282.259352 3.24389486029023e-14 244.90135299999997 3.01514309080073e-14 244.90135299999997 18.387375000000027 282.259352 18.38737500000003 varroa-mites 0
550.6863871860102 46.07714304141456 334.9468755874144 -25.23077729187372 300.39287711269714 79.31108453597875 516.1323887112928 150.61900486926703 bee-larvae 0
393.08652127156364 38.21765016650234 386.1280879142027 17.88168142570619 350.50721423924386 30.070207025715064 357.4656475966048 50.40617576651121 varroa-mites 0
328.0745400969731 37.443585498870135 315.1377257852016 25.817240002926383 292.92353852783856 50.53530947159035 305.86035283961 62.161654967534105 varroa-mites 0
155.49925771963214 513.2336771265047 135.23166648317593 493.52562092952644 112.338891541946 517.0683488444274 132.6064827784022 536.7764050414057 varroa-mites 0
246.6966382362348 493.7688567460508 246.35303701080238 464.23987599567556 211.5633630175666 464.6446910049548 211.90696424299904 494.17367175533 varroa-mites 0
144.19983287774556 371.42543458258507 125.68008748041731 352.3798903491408 101.85577919127971 375.54647033100844 120.37552458860796 394.5920145644527 varroa-mites 0
100.6419909250402 367.9702201589855 63.67878963083989 362.9719194566285 60.32024719853311 387.8088565224454 97.28344849273343 392.8071572248024 varroa-mites 0
74.74772032020826 348.8562169096481 74.08179455430125 325.9698086587281 46.09591420120239 326.784113752144 46.761839967109395 349.6705220030639 varroa-mites 0
253.44608982026756 341.9129821209689 248.4642631959058 294.4028225071758 133.24579577115537 306.484415861119 138.22762239551713 353.99457547491204 bee-larvae 0
126.30283156872875 307.5752443913256 87.1898317692961 307.3568333138628 87.12927013281784 318.2021956596965 126.24226993225048 318.4206067371593 varroa-mites 0
256.97722229174224 372.9455444031963 176.2941715192 335.6709757953061 154.4539536641903 382.94544393512325 235.13700443673252 420.22001254301347 bee-larvae 0
200.70452656223364 415.62653607182483 200.2883222757868 401.3225304002615 170.69314375851695 402.1836626201356 171.10934804496372 416.48766829169904 varroa-mites 0
352.1830074461274 364.3121076948107 350.9745781185608 260.460051486313 236.16865088957707 261.79594077446967 237.37708021714369 365.64799698296736 bee-larvae 0
303.4899490788292 337.5216943490608 263.6508144831056 336.3624929113497 263.0719191113834 356.257819021728 302.91105370710704 357.4170204594391 varroa-mites 0
252.5229504711449 285.58930260824815 236.40058025353704 284.3805153922357 234.2727595719464 312.76062425742816 250.39512978955426 313.96941147344063 varroa-mites 0
340.533728623799 281.21070084396916 307.12842624415777 278.7134016434318 305.64245813383155 298.5905609526849 339.04776051347284 301.08786015322227 varroa-mites 0
290.6704479052543 276.3008248158747 285.3617649014851 261.5394615740325 247.74512923575537 275.067669717545 253.05381223952452 289.82903295938723 varroa-mites 0
288.1936474792724 243.89398701433072 285.85506939864206 231.57645205887712 243.6715118443314 239.58532261749826 246.01008992496176 251.90285757295192 varroa-mites 0
317.0958905880316 171.63560277824325 172.45424865724607 161.57211094005993 167.53140310979285 232.32771688725393 312.17304504057824 242.39120872543722 bee-larvae 0
460.615673666197 178.47110751381302 452.05548005793116 55.43629153714662 237.0496580177979 70.39540249251185 245.6098516260638 193.43021846917824 bee-larvae 0
228.2794751762231 175.52308251063934 227.99849454764416 164.60970417343088 192.31903036042388 165.52832331820156 192.60001098900284 176.44170165541001 varroa-mites 0
405.1997612113315 193.7893104388163 404.85014984983144 181.77394613541392 365.57989559307083 182.91659372482368 365.92950695457097 194.93195802822606 varroa-mites 0
640 116.68819600000009 514.558575 116.68819600000008 514.558575 234.18610000000007 640 234.18610000000007 bee-larvae 0
640 112.89926600000008 619.029927 112.89926600000008 619.029927 131.85536100000004 640 131.85536100000004 varroa-mites 0
500.33640978148776 25.08395212022235 477.11703673931225 18.58968772435746 474.7314609578244 27.11899460413518 497.950834 33.61325900000007 varroa-mites 0
515.7375578749068 589.3900291875589 514.1027038726626 450.49560624274545 279.2688340764376 453.2597135680005 280.90368807868174 592.154136512814 bee-larvae 0
78.42260287394777 248.29535779197985 2.9561357799216106 247.4172262227846 2.1973261797851555 312.62918503188126 77.66379327381131 313.5073166010765 bee-larvae 0
247.18725764096615 165.18852968904946 239.36358412458785 60.965799135158534 93.27241514950019 71.93240501482448 101.09608866587848 176.15513556871537 bee-larvae 0
113.36169820270231 63.52361353542052 46.31810268043448 27.87754826163227 19.266471280311222 78.7566177992447 86.31006680257909 114.40268307303296 bee-larvae 0
188.882162 2.029271678852452e-14 97.684391 1.4708463871298356e-14 97.684391 50.451563000000014 188.882162 50.45156300000002 bee-larvae 0