410.487667 394.280969 378.233363 394.280969 378.233363 410.480277 410.487667 410.480277 american-foulbrood 0
316.232948 361.483737 279.890063 361.483737 279.890063 377.062976 316.232948 377.062976 american-foulbrood 0
349.936079 308.650519 289.311866 308.650519 289.311866 344.4152250000001 349.936079 344.4152250000001 american-foulbrood 0
406.6251219999999 354.19238800000005 373.374735 354.19238800000005 373.374735 371.75363300000004 406.6251219999999 371.75363300000004 american-foulbrood 0
548.486216 459.2719720000001 525.867769 459.2719720000001 525.867769 476.5674740000002 548.486216 476.5674740000002 american-foulbrood 0
590.176431 425.26228400000014 567.141514 425.26228400000014 567.141514 440.1107270000001 590.176431 440.1107270000001 american-foulbrood 0
122.44905000000006 472.027682 96.52959000000007 472.027682 96.52959000000007 494.79308 122.44905000000006 494.79308 american-foulbrood 0
542.803159 135.04221500000006 512.331403 135.04221500000006 512.331403 149.99031100000005 542.803159 149.99031100000005 american-foulbrood 0
361.874263 106.49134900000004 336.933249 106.49134900000004 336.933249 119.61245700000005 361.874263 119.61245700000006 american-foulbrood 0
240.63628700000004 199.41868500000004 216.349996 199.418685 216.349996 214.54394500000004 240.63628700000004 214.54394500000006 american-foulbrood 0
107.91156000000002 166.615917 85.25261400000002 166.615917 85.25261400000002 182.638062 107.91156000000002 182.638062 american-foulbrood 0
467.879254 254.07335600000005 436.523241 254.07335600000005 436.523241 284.4124570000001 467.879254 284.41245700000013 american-foulbrood 0
427.836916 11.244291000000054 402.992927 11.24429100000005 402.992927 29.990311000000048 427.836916 29.990311000000048 american-foulbrood 0