384.96511332946403 251.2830774737357 274.6041732495098 226.49701900997042 243.2753887189175 365.989714769281 353.6363287988717 390.77577323304627 bee-larvae 0
302.8187919999999 365.925926 299.1808257570544 332.9644867871798 267.5153097122797 336.45942151052566 271.15327595522524 369.42086072334587 varroa-mites 0
256.7802293737115 232.33213578655582 163.5599552717201 222.80550971063667 151.6397610112707 339.44741078376876 244.8600351132621 348.974036859688 bee-larvae 0
484.11644341507747 434.24642790860025 460.26660252074373 303.3581297997889 361.78692065352897 321.30262734306893 385.63676154786265 452.19092545188033 bee-larvae 0
409.0373265609153 527.5393547934564 364.13554101888406 405.49087543185834 259.1650558676323 444.10964591682284 304.0668414096635 566.1581252784208 bee-larvae 0
490.7382550000001 494.81481500000007 376.9127520000001 494.814815 376.9127520000001 600 490.7382550000001 600 bee-larvae 0
308.18791900000014 499.25925899999993 193.28859100000005 499.25925899999993 193.28859100000005 640 308.18791900000014 640 bee-larvae 0
190.67991393136182 566.3972696871904 138.28915111505373 516.3573699824884 77.44160263427693 580.0635224572634 129.83236545058503 630.1034221619653 bee-larvae 0
394.09396000000004 640 381.2061869770205 537.762967148711 301.19370825498544 547.8491622975422 314.08148127796494 650.0861951488312 bee-larvae 0
640 263.70370400000013 548.724832 263.70370400000013 548.724832 481.4814810000001 640 481.4814810000001 bee-larvae 0
57.98657700000003 235.55555599999997 2.921009402183937e-14 235.55555599999997 3.664868936495587e-14 357.037037 57.98657700000004 357.037037 bee-larvae 0
50.46979900000002 139.259259 1.9231490470963447e-14 139.259259 2.5490796319664957e-14 241.481481 50.46979900000003 241.481481 bee-larvae 0