617.338485 123.29330400000009 533.4193820869009 121.34006597874746 532.0615760000001 179.67697500000008 615.9806789130992 181.63021302125273 pollen 0
457.603691 184.8372700000001 377.85537701006433 182.98110756759726 374.893061 310.2542940000001 454.64137498993574 312.1104564324029 pollen 0
628.2770240000001 318.56074600000005 528.8828652986072 316.24732198367496 527.36294 381.5495300000001 626.7570987013929 383.86295401632526 pollen 0
180.9322772811762 40.10197100654446 66.810929 37.445767000000004 65.33000571882378 101.07226599345555 179.45135399999998 103.72847000000002 pollen 0
566.3631350000002 77.82797600000008 458.3110000144163 75.31303438061698 450.37162499999994 416.42092100000013 558.4237599855837 418.9358626193832 nectar 0
452.240274 320.68005999999997 111.77465543824536 312.755634986925 109.57547400000004 407.241439 450.0410925617547 415.165864013075 nectar 0
157.274051 152.99065900000002 1.7763568394002505e-14 149.330065 -4.755024936442265 353.6253335712464 152.5190260635577 357.2859275712465 nectar 0
326.7189676384302 481.68828701485955 10.573349000000063 474.3299159999999 8.038416361569922 583.2409569851404 324.18403500000005 590.599328 nectar 0
428.1693502647215 546.2005730061613 289.771147 542.9793189999999 287.6701767352785 633.2455659938386 426.06838000000005 636.46682 nectar 0
165.11043400000005 577.3674000000001 61.38728748420843 574.9532169879949 59.96580800000008 636.0257720000002 163.6889545157917 638.4399550120054 nectar 0
542.125341715129 25.19779001664487 455.97702599999997 23.192665000000055 454.748914284871 75.95733298335524 540.8972299999999 77.96245800000005 nectar 0