417.12142496073704 328.50176529058797 381.68172191699466 212.36004266057654 339.87933328152513 225.11570192076852 375.31903632526746 341.2574245507799 small-hive-beetle 0
433.5144181019697 177.92838752699782 369.545647287596 128.82442143291632 328.1134539285649 182.79901232935558 392.0822247429386 231.90297842343705 small-hive-beetle 0
350.4032771588469 253.139038511303 346.1764172351376 192.5684307581952 268.6403325818656 197.9792096989998 272.86719250557496 258.54981745210756 small-hive-beetle 0
254.39181184554738 211.32080178469548 251.5442521004751 159.38674285539307 167.5181945513951 163.99391633550954 170.3657542964674 215.92797526481195 small-hive-beetle 0
144.50130675933232 74.91684132110542 97.87687829525053 38.68678302189343 42.62382503769037 109.79188607620584 89.24825350177217 146.02194437541783 small-hive-beetle 0
378.77550999999994 11.697128000000044 322.176871 11.697128000000042 322.176871 85.22193200000004 378.77550999999994 85.22193200000005 small-hive-beetle 0
640.4016508656998 139.39694560612287 586.841172646015 137.89642182206666 584.9882747803152 204.0347242159438 638.548753 205.53524800000002 small-hive-beetle 0
533.4788761553576 470.56644618248725 529.3145346552543 393.8468730605567 449.2782377433894 398.19124646074437 453.4425792434927 474.91081958267495 small-hive-beetle 0
611.0096357862574 448.0268449642839 590.6368307415585 400.8444751552089 530.7556071988256 426.70049930174275 551.1284122435245 473.8828691108177 small-hive-beetle 0
491.1207307302425 469.0494327590228 447.5059260338418 461.12001440529514 440.0455742343056 502.1547753660717 483.6603789307063 510.0841937197994 small-hive-beetle 0
571.305215 2.882507000000063 458.093424 2.882507000000056 458.093424 377.40783300000004 571.305215 377.4078330000001 empty-cells 0
355.93288 262.032376 223.69523800000002 262.032376 223.69523800000002 399.991645 355.93288 399.991645 empty-cells 0
315.827664 86.24960800000002 244.411791 86.24960800000002 244.411791 175.29817200000002 315.827664 175.29817200000002 empty-cells 0
233.87573699999996 0.8689300000000235 151.74966 0.8689300000000186 151.74966 116.30287200000001 233.87573699999996 116.30287200000001 empty-cells 0
639.992744 215.82872100000006 582.363719 215.82872100000006 582.363719 391.2187990000001 639.992744 391.2187990000001 empty-cells 0