232.64715999999999 103.84493400000002 156.419966 103.84493400000002 156.419966 169.83259900000002 232.64715999999999 169.83259900000004 american-foulbrood 0
350.083305 330.19207 326.84061999999994 330.19207 326.84061999999994 372.567401 350.083305 372.567401 american-foulbrood 0
347.46161799999993 211.37621100000007 311.551119 211.37621100000007 311.551119 251.76387700000006 347.46161799999993 251.76387700000006 american-foulbrood 0
174.4963860000001 518.921586 154.24991400000005 518.921586 154.24991400000005 550.442291 174.4963860000001 550.442291 american-foulbrood 0
540.133563 479.7744490000001 505.9855420000001 479.7744490000001 505.9855420000001 523.587665 540.133563 523.587665 american-foulbrood 0
500.830293 31.03436100000006 462.298107 31.03436100000006 462.298107 100.74361200000006 500.830293 100.74361200000006 american-foulbrood 0
459.764544 109.32158600000005 419.6901889999999 109.32158600000005 419.6901889999999 165.62467000000004 459.764544 165.62467000000004 american-foulbrood 0
391.62822700000004 594.410573 362.88881200000003 594.410573 362.88881200000003 640 391.62822700000004 640 american-foulbrood 0
527.295009 608.394714 491.79208300000016 608.394714 491.79208300000016 640 527.295009 640 american-foulbrood 0
564.852324 63.18237900000006 503.804475 63.182379000000054 503.804475 153.31806200000005 564.852324 153.31806200000005 american-foulbrood 0
333.2296040000001 466.72070500000007 305.7790020000001 466.72070500000007 305.7790020000001 525.702203 333.2296040000001 525.702203 american-foulbrood 0