647.146771063779 18.830047795211012 6.127659999999999 0.17829700000000082 -11.743503063778924 614.3703472047891 629.2756080000001 633.0220980000001 capped-brood-cells 0
643.8094921139931 25.861894433605663 6.139457 7.3075920000000005 -10.933295115358298 594.0600436133178 626.7367399986348 612.6143460469235 capped-brood-cells 0
540.9836588044424 40.40064581937975 420.96552799999995 36.90847500000005 418.02588719555763 137.93738018062038 538.044018 141.42955100000006 worker-bee 0
215.32740644636056 100.89120122632089 163.08105400000002 99.37098700000004 161.65632455363954 148.33574177367916 213.90267700000007 149.85595600000002 worker-bee 0
126.00446716968067 56.09507473888898 82.64246799999998 55.33818800000002 80.43515983031935 181.79475026111106 123.79715900000002 182.55163700000003 worker-bee 0
353.40083495439535 343.6612284345137 288.3323 342.525453 287.0957090456047 413.36970556548636 352.16424400000005 414.50548100000003 worker-bee 0
256.9467473157542 220.04820699911687 218.89646599999998 219.38403700000003 215.75781168424578 399.19745800088316 253.80809299999999 399.861628 worker-bee 0
348.7135693151778 151.20291707474337 292.4808709999999 150.221372 291.08669868482207 230.09347692525665 347.3193969999999 231.07502200000002 worker-bee 0
287.1435899589215 47.199407041555624 233.192206 46.25768200000003 231.53982004107849 140.92279695844442 285.491204 141.864522 worker-bee 0
501.3347122315655 227.36125340446813 478.198098 226.95740200000006 477.32154476843453 277.175065595532 500.458159 277.5789170000001 worker-bee 0
451.42088744174856 492.1982679616583 419.6867830000001 491.64434700000004 418.79209955825155 542.9007170383418 450.5262040000001 543.454638 worker-bee 0
443.2326807244674 327.6198494306233 395.2399550000001 326.7821330000001 394.0301672755329 396.09080156937694 442.0228930000001 396.92851800000017 worker-bee 0
440.6672366587417 186.29136224602183 395.279295 185.49911300000002 394.3038883412583 241.38013875397826 439.6918299999999 242.17238800000007 worker-bee 0
546.202776492118 135.49400424837899 495.0945229999999 134.60190600000004 493.61897150788195 219.1361597516211 544.727225 220.02825800000005 worker-bee 0