458.509641 377.86434999999994 457.50365268444466 204.94965432878428 160.600228 206.67698799999997 161.6062163155553 379.5916836712157 capped-drone-cells 0
516.741617 185.90443199999999 515.6736956216058 94.1275244358195 429.60772699999995 95.12899299999998 430.6756483783942 186.90590056418046 capped-drone-cells 0
382.53362599999997 157.34991199999996 382.06653694081115 77.06420155336214 298.153294 77.55239499999999 298.6203830591889 157.83810544663783 capped-drone-cells 0
641.2853959960871 421.7237597811577 639.9180719648281 186.70083892489578 459.200246 187.752225 460.5675700312589 422.77514585626193 capped-brood-cells 0
471.252202 637.3016610000001 468.71724003034376 419.4475787256385 320.276007 421.174849 322.8109689696563 639.0289312743615 capped-brood-cells 0
640.3626015442771 636.3069204462048 639.9999999993431 573.9810008871107 461.1217439999999 575.021684 461.48434554493394 637.3476035590942 capped-brood-cells 0
230.193823 612.0900509999999 229.34720338266055 539.3317704315266 164.49005599999998 540.0864519999999 165.33667561733944 612.8447325684732 capped-drone-cells 0
218.537448 167.44749000000007 217.555903168256 -1.2657034580011126 0 0 0.9815448317440135 168.71319345800114 wax-sealed-honey-cells 0
137.555084 446.664032 134.35553504769553 171.69546150510223 2.0157760000000002 173.23537399999998 5.215324952304485 448.2039444948978 worker-bee 0
600.8819099999998 87.28582700000001 600.3659406653866 -1.4017868230669892 359.419202 -4.440892098500626e-16 359.9351713346133 88.68761382306698 worker-bee 0
640.4963446797244 186.09879635278088 639.9999999982992 100.7843437076628 517.780079 101.495398 518.2764236814252 186.8098506451181 worker-bee 0
641.0462626325595 596.8553750257784 640 417.017995 473.97236099975873 417.98391495853775 475.0186236323184 597.8212949843162 worker-bee 0
280.292446 557.6888010000001 279.71947722505615 459.20383456255433 179.08496999999997 459.789309 179.65793877494383 558.2742754374458 worker-bee 0
377.31374099999994 637.8481790000001 376.8778086308124 562.9177518187488 283.06751700000007 563.463524 283.5034493691876 638.3939511812513 worker-bee 0
294.831855 460.280618 294.2032865934927 352.2388660955883 185.06189800000004 352.8738320000001 185.69046640650737 460.9155839044118 worker-bee 0
167.83516499999996 636.280306 166.57861683560645 528.2928266905627 111.66951299999997 528.9317519999998 112.92606116439347 636.9192313094371 worker-bee 0
191.92808099999996 385.84836599999994 190.67783084967124 278.4020705875159 138.98902199999998 279.00352399999997 140.2392721503287 386.44981941248403 worker-bee 0
458.4618160000001 199.21852200000006 457.98624129018026 117.47425818683783 345.3670770000001 118.129458 345.84265170981996 199.8737218131622 worker-bee 0
315.24858500000005 128.395161 314.81898537716046 54.553205659900584 225.34323099999997 55.07375999999999 225.77283062283954 128.91571534009938 worker-bee 0
210.81864100000004 153.755413 209.7067713446327 58.201595698008944 144.213769 58.96367600000001 145.32563865536736 154.51749330199104 worker-bee 0