366.6207234991548 15.741933491846346 100.83595300000002 8.00838600000001 94.01080350084527 242.5735445081537 359.79557400000004 250.30709200000004 capped-brood-cells 0
175.19638700000004 570.802361 66.11501800000006 570.802361 66.11501800000008 640 175.19638700000004 640 capped-brood-cells 0
133.943593 464.35817599999996 132.78572579944466 265.3376116312609 62.117352 265.748748 63.27521920055531 464.769312368739 capped-brood-cells 0
305.79551699999996 498.573435 305.230042457032 401.376534152449 214.85161699999998 401.90234 215.41709154296794 499.0992408475511 capped-brood-cells 0
486.1366939312615 435.75538303843564 317.81391500000007 430.85769100000005 315.5050580687387 510.2079669615645 483.82783700000016 515.1056590000001 capped-brood-cells 0
540.6523637389026 337.42151795479685 366.41482700000006 332.351723 363.6536352610975 427.24772004520327 537.8911720000001 432.31751500000007 capped-brood-cells 0
447.8955980000001 557.812733 355.41695800000014 557.812733 355.41695800000014 640 447.8955980000001 640 capped-brood-cells 0
589.7562681531546 17.16015503048102 367.88433699999996 10.704341000000044 362.8685248468453 183.08661896951907 584.740456 189.54243300000005 worker-bee 0
643.1283739579634 215.84826038100806 310.917374 206.18190800000002 307.7890000374281 313.69715277737777 639.9999999953915 323.3635051583858 worker-bee 0
367.74180195626195 504.95586981665986 162.91453600000006 498.9960050000001 159.01545804373816 632.9986211833403 363.8427240000001 638.9584860000001 worker-bee 0
176.92740077050627 466.3364494848875 23.014494000000056 461.85804100000007 19.96964422949388 566.5027335151126 173.8825510000001 570.981142 worker-bee 0
93.195604 223.091896 92.27158957927978 64.26722532264434 19.598803999999994 64.690023 20.522818420720228 223.5146936773557 worker-bee 0
640 433.4601530000001 474.255583 433.4601530000001 474.25558300000006 640 640 640 worker-bee 0
642.3131963468738 340.3795461446849 536.271855 337.29405800000006 533.9586586374148 416.7934543952836 639.9999999842887 419.8789425399684 worker-bee 0
312.32704813683387 257.4608971680172 121.24604000000004 251.90100699999994 116.87184786316618 402.2322218319828 307.952856 407.7921120000001 worker-bee 0