579.1352279999999 538.5135129999999 578.6861841680919 499.922809998044 485.541961 501.00664199999994 485.991004831908 539.5973450019559 american-foulbrood 0
498.97212000000013 577.2945659999999 498.53869798995333 540.0464131365869 465.17030499999987 540.43469 465.60372701004667 577.682842863413 american-foulbrood 0
601.5428657271249 439.19192799153916 601.096041 400.791928 542.9010872728752 401.46908800846074 543.3479120000001 439.8690879999999 american-foulbrood 0
442.934265 451.0507809999999 442.2776975388273 394.6255129937301 369.259902 395.475152 369.91646946117277 451.90042000626977 american-foulbrood 0
491.429079 249.01940899999997 490.5361399975378 172.28043378839612 443.04185000000007 172.83308 443.93478900246225 249.5720552116038 american-foulbrood 0
550.1342840053017 390.814719455619 549.283152 317.668593 491.35167799469843 318.342686544381 492.20281 391.48881300000005 american-foulbrood 0
611.269254 315.524481 609.9800849969623 204.73353873893592 535.661891 205.59830899999997 536.9510600030377 316.38925126106403 american-foulbrood 0
635.088258 124.91118399999999 634.4929361749581 73.74932499796418 559.919762 74.617062 560.5150838250419 125.77892100203582 american-foulbrood 0
468.25518475390254 175.83167999122753 467.691106 127.35492199999999 413.75431924609745 127.98253400877245 414.318398 176.459292 american-foulbrood 0
267.35861800000004 496.5075330000001 266.22034299457124 398.68440953344987 215.487806 399.27473599999996 216.6260810054288 497.09785946655023 american-foulbrood 0
198.03775799999997 401.59106399999996 197.4432347040344 350.4978579918078 140.54018 351.15998499999995 141.13470329596555 402.2531910081921 american-foulbrood 0
192.7289250057533 584.1996014944345 192.01058 522.465155 130.6453739942467 523.1792035055653 131.36371899999997 584.9136499999998 american-foulbrood 0
319.3757910324667 597.1870069996222 318.69641200000007 538.80131 215.14050196753342 540.0062920003777 215.819881 598.391989 american-foulbrood 0
137.12291644199078 495.7990609948571 136.49759299999997 442.05889500000006 81.10742055800921 442.7034180051431 81.732744 496.4435840000001 american-foulbrood 0
46.25298 359.943496 45.56250599798703 300.6042828270057 3.5035419999999973 301.093683 4.194016002012971 360.4328961729943 american-foulbrood 0
213.93625068881983 168.77385999198484 213.41619799999995 124.08065300000001 156.7511243111802 124.74001100801513 157.27117700000002 169.433218 american-foulbrood 0
263.020364313791 123.67892699634871 262.303262 62.05127499999999 190.74735168620904 62.883903003651284 191.464454 124.511555 american-foulbrood 0
343.4412230077145 366.0218496629817 342.827261 313.25808299999994 301.6479779922855 313.7372473370183 302.26194 366.50101399999994 american-foulbrood 0