620.819567 625.2885209999998 617.1930894028565 1.9498956893603854 40.91278799999998 5.302596 44.539265597143626 628.6412213106395 capped-brood-cells 0
633.7426619711987 7.381937097903608 30.127103999999996 0.35823400000000366 24.830756028801368 455.5252579020965 628.446314 462.5489610000001 capped-brood-cells 0
613.3464191833363 461.40641704225004 144.59127600000005 455.951957 143.42908981666375 555.82999195775 612.1842330000001 561.2844520000001 capped-brood-cells 0
514.9922005662079 564.0745984131055 188.38587100000007 560.274189 187.63345843379224 624.9363555868946 514.2397880000001 628.7367650000001 capped-brood-cells 0
633.592373121692 106.8573861772131 563.2988249999999 106.03944700000005 562.629438878308 163.56637182278703 632.9229870000001 164.38431100000008 capped-drone-cells 0
527.4529680551987 40.62146753768536 478.751224 40.05477100000006 478.28342094480143 80.25763646231479 526.985165 80.82433300000007 capped-drone-cells 0
640.5952876279155 369.63571579595464 570.3519600000001 368.8183610000001 569.7566723720099 419.977275210464 639.9999999999253 420.79463000641863 capped-drone-cells 0
640 299.77243800000014 609.815799 299.77243800000014 609.815799 371.7005910000001 640 371.7005910000001 capped-drone-cells 0
636.859169 80.66791800000001 636.549653680205 27.46673798625045 586.0888960000001 27.760310000000004 586.3984113197951 80.96149001374955 capped-drone-cells 0
549.1868328422056 561.7637994017857 486.2148159999999 561.0310530000002 485.68291315779453 606.7426315982145 548.6549300000001 607.4753780000001 capped-drone-cells 0
451.8279349150919 580.4818597198447 392.21266600000007 579.788173 391.6848700849082 625.1468262801553 451.300139 625.840513 capped-drone-cells 0
370.0672913672663 416.134356411522 315.977285 415.504962 315.58161663273364 449.508607588478 369.67162299999995 450.13800200000003 capped-drone-cells 0
90.15967299999998 226.653014 89.82521593845513 169.16465678897816 39.947928 169.454834 40.28238506154484 226.94319121102185 capped-drone-cells 0
60.635621534832694 248.96884805092824 27.571510000000032 248.584112 27.263688465167366 275.0382109490718 60.32780000000004 275.422947 capped-drone-cells 0