404.3334545191229 477.9109683149952 316.3101713904095 474.4403883053527 312.5543199388722 569.6989257225916 400.5776030675856 573.1695057322341 bee-larvae 0
473.6096010760789 425.8829583295129 402.827255768858 373.9309883179526 347.8470722624452 448.8391454704016 418.62941756966615 500.7911154819619 bee-larvae 0
510.3048351695743 306.1698898329131 417.5010848971837 299.24128750114926 409.4933368480503 406.4994349039921 502.2970871204409 413.42803723575594 bee-larvae 0
634.5500040353047 222.98280759191996 562.1063938752301 221.29666348710288 559.8130613903646 319.82755656225294 632.2566715504393 321.51370066707 bee-larvae 0
429.3752444492786 130.68063074729207 344.3923293160605 110.04315711977418 320.79451391955627 207.21644389730193 405.7774290527744 227.85391752481985 bee-larvae 0
293.7574468069332 267.73224094209706 246.87995359042475 196.21200064212377 168.91045228993679 247.3166215575199 215.78794550644523 318.8368618574932 bee-larvae 0
246.16986746997867 138.0216129397118 161.59187321305376 115.7136181143492 138.85091216214536 201.9331500901202 223.42890641907024 224.24114491548278 bee-larvae 0
67.03182473080781 408.0089642664688 62.64351968164892 382.3607757886637 0.41468641367352177 393.00788653761333 4.802991462832409 418.65607501541837 varroa-mites 0
83.93917433147038 385.57221663304915 2.9135327891821987 378.3347864541354 -5.670126313386831 474.4319464090988 75.35551522890134 481.6693765880126 bee-larvae 0
254.70773583492593 565.5656318287848 169.66523637263668 563.5862481294959 168.10145009848628 630.7729656044087 253.14394956077552 632.7523493036977 bee-larvae 0
429.86092013487854 427.11762725746166 410.34035950142567 391.65354041991645 380.1649248775319 408.2630587733654 399.6854855109848 443.7271456109105 varroa-mites 0
482.91367652763677 341.655116369448 478.8522770010429 323.3659412105699 431.5357104302923 333.8733303848271 435.597109956886 352.16250554370515 varroa-mites 0