439.120719774802 305.4238648006229 435.760858 161.070532 308.4320622251979 164.03414319937707 311.79192399999994 308.38747599999994 capped-brood-cells 0
323.90942132619205 248.38555434415866 320.12885700000004 118.45597999999998 151.67255167380804 123.35755765584132 155.45311600000002 253.28713200000004 capped-brood-cells 0
216.29862366225376 205.10682391809937 211.50111400000003 40.22711199999998 26.01278833774625 45.62427108190063 30.810298 210.503983 capped-brood-cells 0
412.7009915279135 93.3615953969877 410.21456900000004 7.908796000000001 272.9970994720865 11.901416603012311 275.483522 97.35421599999998 capped-brood-cells 0
541.4432472322893 585.2345253507772 538.088247 441.0900170000001 407.18924676771064 444.13672464922286 410.54424700000004 588.281233 capped-brood-cells 0
597.183143188032 375.18359254826606 592.569318 216.616713 416.806962811968 221.730875451734 421.420788 380.29775500000005 capped-brood-cells 0
530.0327358343584 94.99241815328097 527.7625376715906 -2.544561866205827 418.437773 0 420.70797116276776 97.5369800194868 capped-brood-cells 0
122.05666093165247 475.9545895781464 118.61352100000002 328.023259 7.707666068347546 330.6046214218536 11.150806000000003 478.535952 queen-cell 0
332.3765284677619 630.7479047597426 330.4386549999999 564.14752 228.26313653223815 567.1205242402574 230.20101 633.720909 queen-cell 0
314.1020942380036 477.7910059877046 311.231604 379.138648 182.24969376199638 382.8916380122954 185.120184 481.5439959999999 worker-bee 0
234.5395209821621 630.4714012554296 232.40245700000006 538.6544420000001 162.12043001783798 540.2902747445705 164.257494 632.107234 worker-bee 0
106.16205612393034 334.83297377218514 104.212494 267.83086299999997 32.02029587606964 269.93144122781484 33.969857999999995 336.93355199999996 worker-bee 0
561.7423404222827 404.9756612607584 558.054065 246.5123069999999 471.93563157771723 248.5167357392416 475.6239069999999 406.98009 worker-bee 0
645.4621142696766 229.5233417042492 640 41.80265300000001 480.4535617303234 46.444980295750824 485.9156760000001 234.16566899999998 worker-bee 0
74.81193684338979 72.40111871955601 73.08718791376624 -1.7011232820820277 0 0 1.7247489296235443 74.10224200163803 worker-bee 0
409.3832912196311 236.3494561708555 406.318262 131.01123399999997 33.3325137803689 141.86401082914446 36.39754299999999 247.20223299999998 capped-brood-cells 0
217.624419095443 124.2530150879427 214.71218200000004 24.165922000000002 45.07809890455703 29.101769912057268 47.990336 129.18886299999997 capped-brood-cells 0
416.81910050630535 74.93341546285214 415.135046 17.056217000000004 311.5568914936947 20.07003353714785 313.24094600000006 77.94723199999999 capped-brood-cells 0
522.3025147598623 90.09835163899379 520.1575688419775 -2.0572553629174486 431.769505 0 433.91445091788484 92.15560700191122 capped-brood-cells 0
468.5525633357987 341.59862069155247 466.187385 239.98091899999997 378.6663696642012 242.01799330844744 381.03154799999993 343.63569499999994 capped-brood-cells 0
388.53949086744547 450.24817646506665 386.2493749999999 351.855457 315.35531313255433 353.5055345349333 317.6454289999999 451.89825399999995 capped-brood-cells 0
530.4525917426603 588.2513462698437 526.801063 431.366795 416.0737192573395 433.9440027301564 419.72524799999985 590.828554 capped-brood-cells 0