265.23652500000003 51.718190000000035 181.57128700228662 51.23143960696966 180.48514500000005 237.92328500000002 264.15038299771345 238.4100353930304 american-foulbrood 0
366.0473010000001 4.0592800000000455 275.4333220066603 3.5321028551813916 274.7253139999999 125.22824100000005 365.3392929933397 125.75541814481869 american-foulbrood 0
61.77118700074522 79.48308187190992 9.658940314238862e-15 79.12370799999998 -0.5658620053212556 176.38722791464932 61.20532499542396 176.74660178655927 american-foulbrood 0
62.6347110000639 507.2519399890318 6.261657858885883e-14 506.88754199999994 -0.6376140000637589 616.4841090109683 61.997097000000075 616.848507 american-foulbrood 0
236.968323343134 493.7901580019963 104.96608600000005 493.022191 104.36402765686614 596.5071689980036 236.36626500000006 597.275136 american-foulbrood 0
470.8805850000001 416.35693500000014 405.7294200040111 415.9778963105698 405.0806990000001 527.4834770000001 470.2318639959891 527.8625156894304 american-foulbrood 0
394.87781110406763 423.95280500060545 270.194121 423.227417 269.63708789593244 518.9733389993946 394.3207780000001 519.6987270000001 american-foulbrood 0
425.37959300000017 557.6043050000001 386.7529390007763 557.379581866579 386.30613000000005 634.1795820000001 424.93278399922394 634.4043051334212 american-foulbrood 0
508.3712410019648 321.69458466229975 476.1207280000001 321.50695700000006 475.9157409980354 356.7412923377004 508.1662540000001 356.92892000000006 american-foulbrood 0
635.7746720000001 311.17704700000013 593.5155850039771 310.9311903164302 593.1327760000001 376.730333 635.3918629960232 376.97618968356994 american-foulbrood 0
601.3969180006181 267.5523968937822 561.6429570000001 267.32111500000013 561.3442449993821 318.6653211062181 601.0982060000001 318.89660300000014 american-foulbrood 0
639.8390780000001 31.383497000000077 600.7352570016191 31.155997721703294 600.161804 129.7242380000001 639.265624998381 129.9517372782969 american-foulbrood 0
533.092959 104.73921900000008 467.6077770001933 104.35823696677082 467.172513 179.1736870000001 532.6576949998066 179.55466903322935 american-foulbrood 0
606.4660960012893 164.66681677840697 549.671315 164.33639500000004 549.2378499987109 238.8428332215932 606.0326310000002 239.1732550000001 american-foulbrood 0
481.17911000251524 3.122175567674911 423.50157000000013 2.7866180000000513 423.0607539974849 78.55657543232522 480.7382940000001 78.89213300000007 american-foulbrood 0
533.032529206954 539.071164001204 480.29366600000003 538.764338 480.0331867930461 583.5368709987961 532.7720500000001 583.8436970000001 american-foulbrood 0
617.5062480001199 529.2618399794087 576.9649620000001 529.0259780000001 576.6829099998803 577.5066650205914 617.224196 577.742527 american-foulbrood 0