261.24000000000007 422.44500000000005 185.78000000000006 422.44500000000005 185.78000000000006 626.855 261.2400000000001 626.855 capped-brood-cells 0
403.42500000000007 334.22 338.675 334.22 338.67500000000007 639.3 403.4250000000002 639.3 capped-brood-cells 0
82.61000000000007 460.22 26.890000000000057 460.22 26.890000000000065 561.06 82.61000000000007 561.06 capped-brood-cells 0
138.60000000000005 536.885 70.22000000000006 536.885 70.22000000000007 630.415 138.60000000000005 630.415 capped-brood-cells 0
96.83000000000004 134.665 19.110000000000014 134.665 19.11000000000002 238.315 96.83000000000004 238.315 capped-brood-cells 0
149.26500000000001 196.89 95.77500000000003 196.89 95.77500000000003 300.55 149.26500000000004 300.55 capped-brood-cells 0
541.17 125.78000000000006 479.11 125.78000000000006 479.11 213.42000000000007 541.17 213.42000000000007 capped-brood-cells 0
606.93 312.4400000000001 541.33 312.4400000000001 541.33 402.8000000000002 606.93 402.8000000000002 capped-brood-cells 0
287.01 6.885000000000031 212.45 6.885000000000026 212.45 112.05500000000004 287.01 112.05500000000004 capped-brood-cells 0
349.8378378378378 259.0270270270271 340 199.99999999999997 283.5675675675676 209.4054054054054 293.4054054054054 268.43243243243245 bee-larvae 0
358.158904109589 51.49041095890415 296.57808219178077 45.00821917808223 285.72328767123287 148.1287671232877 347.3041095890411 154.61095890410962 bee-larvae 0
407.91453940066594 159.56381798002224 352.3762486126526 157.7125416204218 350.6315205327414 210.05438401775814 406.1698113207547 211.90566037735857 bee-larvae 0
475 97.00000000000006 416 97.00000000000006 416 160.00000000000006 475 160.00000000000006 bee-larvae 0
537.7459016393444 53.79508196721321 479.59016393442624 48.508196721311535 473.86885245901635 111.44262295081973 532.0245901639346 116.7295081967214 bee-larvae 0
600 184 579.4 122.19999999999993 538.9 135.69999999999996 559.5 197.50000000000003 bee-larvae 0
407.83145400593475 227.45519287833832 347.3899109792285 224.50682492581606 342.6160237388724 322.3715133531157 403.0575667655786 325.319881305638 bee-larvae 0
343.48 368.6399999999999 339.46769230769235 296.41846153846154 276.2184615384615 299.9323076923077 280.23076923076917 372.1538461538461 bee-larvae 0
342.35979606700664 381.3437727603788 272.7254187909688 377.57975236707944 266.62490895848515 490.4391842680262 336.259286234523 494.2032046613256 bee-larvae 0
343.17324955116703 516.056552962298 271.870736086176 505.25314183123885 258.42369838420115 594.0035906642729 329.72621184919217 604.8070017953321 bee-larvae 0
472.6366336633664 483.2663366336634 437.0217821782179 403.81782178217816 385.0514851485149 427.1148514851485 420.6663366336635 506.56336633663364 bee-larvae 0
540.1424332344212 456.919881305638 536.0640949554895 373.3139465875371 459.02789317507415 377.07181008902074 463.10623145400587 460.67774480712166 bee-larvae 0
479.4786545924968 292.26649417852536 411.72056921086676 283.5795601552394 398.4767141009056 386.8816300129367 466.23479948253566 395.5685640362226 bee-larvae 0
591.3838229683327 290.8355589469668 575.7546737886303 219.79397176650127 532.7939717665013 229.24532621136967 548.4231209462037 300.2869133918352 bee-larvae 0
167.4752475247525 189.75247524752479 157.95049504950495 94.50495049504951 92.50495049504951 101.04950495049505 102.02970297029705 196.29702970297032 bee-larvae 0
226.20088790233075 145.02663706992232 222.59267480577137 36.78024417314095 156.46614872364037 38.98446170921199 160.07436182019978 147.23085460599333 bee-larvae 0
167.005076142132 25.92893401015231 109.72588832487313 21.83756345177666 105.11675126903555 86.36548223350255 162.39593908629445 90.4568527918782 bee-larvae 0
29.000000000000043 330 4.0413344371862656e-14 330 4.402605242934735e-14 389 29.00000000000005 389 bee-larvae 0
595.0778210116732 411.7548638132296 524.6653696498055 407.3540856031128 517.7548638132296 517.9221789883269 588.1673151750973 522.3229571984436 bee-larvae 0
605.6513207547171 70.78037735849054 580.76 5.680000000000007 540.5758490566038 21.0445283018868 565.4671698113208 86.14490566037733 bee-larvae 0
351 3.949485927250214e-14 294 3.6004615894932184e-14 294 44.00000000000004 351 44.00000000000004 bee-larvae 0
474.7057356608479 182.88528678304246 414.3067331670823 179.86533665835418 409.4763092269327 276.47381546134665 469.8753117206983 279.49376558603495 bee-larvae 0