475.96377100000007 449.99051600000007 272.81117722717323 448.80860903736726 271.8686450000001 610.8161720000002 475.0212387728269 611.998078962633 american-foulbrood 0
407.972658 237.71204600000004 286.4504739720986 234.8835851798213 282.43607399999996 407.35854000000006 403.95825802790137 410.1870008201788 american-foulbrood 0
639.999834 3.7305220000000787 485.95041981646176 0.14498268883432353 480.469272 235.63748100000004 634.5186861835382 239.22302031116578 american-foulbrood 0
175.52369599999997 172.43637500000003 62.07619962964684 171.77635766859 61.680651000000026 239.76548400000001 175.1281473703532 240.42550133141003 american-foulbrood 0
615.5632550000001 519.092817 530.814278681336 517.1202633266397 527.954222 640.0000000000001 612.7031983186641 641.9725536733604 american-foulbrood 0
353.54238000000004 144.58281300000002 303.16877136040813 143.41035391780377 300.48619499999995 258.66474000000005 350.85980363959186 259.83719908219626 american-foulbrood 0
90.18584800000008 579.959581 24.258847395751836 579.5760289136596 23.907311000000078 640.0000000000001 89.83431160424831 640.3835520863404 american-foulbrood 0
312.2937080852586 605.2601582869752 269.48363949018614 574.883886392762 236.93560794945944 620.7546722398736 279.7456765445319 651.1309441340868 chalk-brood 0
211.69861423625343 333.7506529781392 208.25368996796652 231.99938195669628 148.32996319803257 234.02817922402906 151.77488746631948 335.77945024547193 chalk-brood 0
61.046763322346436 175.65484832738935 1.5491666010800067 172.28612082797653 -3.902676174367807 268.5751625797605 55.59492054689862 271.94389007917334 chalk-brood 0
117.56112988641107 1.0810427638433633 60.69534470595187 -0.24252409838659728 58.37238588056437 99.5611815678156 115.23817106102356 100.88474843004556 chalk-brood 0
461.28339484681624 452.9479180168697 448.2387723517718 354.24517121357565 390.50715280263546 361.87502152105344 403.5517752976799 460.5777683243475 chalk-brood 0
543.5818103286124 438.73576202346715 489.5593128718973 437.4783748955557 487.60279536989026 521.5383747396385 541.6252928266055 522.7957618675499 chalk-brood 0