640 5.4361344035184653e-14 247.788121 3.0345292924938705e-14 247.78812100000005 253.15850500000005 640 253.15850500000005 capped-brood-cells 0
645.0707076915371 424.8967079885448 638.7367010000002 243.514485 348.8316293084631 253.63819301145526 355.16563600000006 435.02041599999995 capped-brood-cells 0
205.8746890255744 448.5736353999538 200.36729699999998 133.05534599999996 46.05410997442557 135.7488926000461 51.56150199999999 451.26718199999993 capped-brood-cells 0
408.7790904577282 598.4695211662894 404.984328 489.80173799999994 241.85034954227177 495.49850183371063 245.64511199999998 604.166285 capped-brood-cells 0
177.87250380783775 47.93897083051915 176.9986222038847 -2.1256751589388094 55.218767396046985 1.0542038575422907e-8 56.092649 50.064646 capped-brood-cells 0
237.7754196291221 125.70823246214849 236.28848500000004 83.12800100000001 169.66569037087797 85.45452053785154 171.15262500000003 128.034752 bee-larvae 0
155.55692127042818 67.48648006683618 154.829285 46.64969599999999 105.24029872957183 48.38138093316381 105.96793499999998 69.218165 bee-larvae 0
164.6753754955011 99.18756185503665 164.100865 82.73573400000001 133.66945850449892 83.79842214496335 134.243969 100.25025 bee-larvae 0
306.52867937575934 71.25911468909372 305.09182799999996 30.113060999999988 251.67473662424067 31.978426310906272 253.11158799999998 73.12448 bee-larvae 0
316.09430228474434 147.21072216415783 314.794458 109.98805000000002 253.7372997152557 112.12021283584221 255.03714400000004 149.34288500000002 bee-larvae 0
576.8081294423062 83.43391422239301 575.6884670000001 51.370983999999986 525.9035275576938 53.10951277760698 527.0231899999999 85.172443 bee-larvae 0
643.9703391799763 578.711284710855 640 465.01563799999997 532.8399168200236 468.75775028914506 536.810256 582.4533970000001 wax-sealed-honey-cells 0
148.70666358521206 598.7625166710613 146.694978 483.5131059999999 40.86050141478792 485.36045332893866 42.872187 600.609864 capped-brood-cells 0