452.369836 193.42889300000002 217.657705 193.428893 217.65770500000002 309.685553 452.369836 309.685553 pollen 0
640 10.04427800000004 9.731148 10.044278 9.731148000000005 93.05215800000005 640 93.0521580000001 wax-sealed-honey-cells 0
43.43606600000002 101.739587 1.2459505956612365e-14 101.739587 1.989727080550203e-14 223.207505 43.436066000000025 223.207505 wax-sealed-honey-cells 0
640 333.694559 379.63016400000004 333.694559 379.63016400000004 469.87167000000005 640 469.8716700000001 bee-larvae 0
515.86623 475.93546000000003 404.7055740000001 475.93546 404.7055740000001 530.101313 515.86623 530.101313 bee-larvae 0
416.90754100000004 509.100188 375.7272130000001 509.100188 375.7272130000001 534.183865 416.90754100000004 534.183865 bee-larvae 0
438.3055740000001 558.84728 390.77770500000014 558.84728 390.77770500000014 640 438.3055740000001 640 bee-larvae 0
547.965902 468.9110690000001 523.415082 468.9110690000001 523.415082 505.0896810000001 547.965902 505.0896810000001 bee-larvae 0
519.879344 527.597749 466.0144260000001 527.597749 466.0144260000001 571.953471 519.879344 571.953471 bee-larvae 0
383.2183610000001 389.739587 240.20459000000005 389.739587 240.20459000000005 640 383.21836100000013 640 bee-larvae 0
317.161967 304.054034 211.64590200000006 304.054034 211.64590200000006 394.734709 317.161967 394.734709 nectar 0
227.63541000000006 361.467917 149.90163900000005 361.467917 149.90163900000005 458.356473 227.63541000000006 458.356473 nectar 0
114.03016400000006 398.571107 83.50950800000005 398.571107 83.50950800000005 455.522702 114.03016400000006 455.522702 pollen 0
54.76196700000006 508.10956799999997 7.874098000000062 508.10956799999997 7.874098000000066 566.177861 54.76196700000007 566.177861 pollen 0
486.940328 116.77898700000006 375.276066 116.77898700000006 375.276066 188.01951200000005 486.940328 188.01951200000005 pollen 0
575.847869 203.35309600000005 515.761311 203.35309600000005 515.761311 318.08480300000014 575.847869 318.08480300000014 pollen 0
640 482.4915570000001 547.399344 482.4915570000001 547.399344 639.993996 640 639.993996 capped-drone-cells 0
539.425574 554.050281 455.5540980000001 554.050281 455.5540980000001 640 539.425574 640 capped-drone-cells 0
239.36524600000007 515.181989 159.93180300000006 515.181989 159.93180300000006 622.024765 239.36524600000007 622.024765 nectar 0