211.784084 2.2741078920463794e-14 159.345231 1.9530125246593365e-14 159.345231 44.808413000000016 211.784084 44.80841300000002 american-foulbrood 0
57.25682400000002 78.98382100000002 10.430207890664487 78.71139146961431 10.108600000000006 133.991042 56.93521610933554 134.26347153038571 american-foulbrood 0
170.63776492396687 359.17918071728343 169.581462 313.796105 99.35882107603314 315.4305552827166 100.41512400000002 360.81363100000004 american-foulbrood 0
299.2973959984688 411.8128670287887 296.8522329999999 306.75869399999993 185.29183900153112 309.3552909712113 187.73700200000002 414.409464 american-foulbrood 0
497.46061533179585 335.5949182900041 495.7976379999999 264.146631 404.28691466820396 266.2765667099959 405.9498919999999 337.724854 american-foulbrood 0
573.9742290000002 342.36531600000006 506.83765897450473 341.97472702112344 506.213217 449.307229 573.3497870254953 449.6978179788766 american-foulbrood 0
494.93062022657824 201.11652662134355 493.99862199999995 161.074079 442.9791887734217 162.26156937865647 443.911187 202.304017 american-foulbrood 0
639.816877 16.580050000000078 603.0090898779071 16.365908476201277 602.75679 59.73255700000007 639.5645771220929 59.94669852379887 american-foulbrood 0
427.59476000000006 433.960904 397.4181413305675 433.78534206693837 397.137349 482.049581 427.31396766943254 482.22514293306165 american-foulbrood 0
344.9142853341224 491.93910311317995 343.641925 437.2733109999999 282.93742166587765 438.68622388682 284.209782 493.352016 american-foulbrood 0
99.37043000000006 417.174051 69.53818304781751 417.0004919727338 69.28582600000004 460.376961 99.11807295218259 460.5505200272662 american-foulbrood 0
522.5796692065838 593.0418169872509 521.5100410000001 547.0862390000001 440.5613557934163 548.9703410127493 441.630984 594.925919 american-foulbrood 0
307.0153310000001 522.239221 242.87399794612526 521.8660576328565 242.35881300000005 610.418826 306.5001460538749 610.7919893671435 american-foulbrood 0