186.54457800000003 1.1800676839770431e-14 6.1751000000000005 7.562316449414821e-16 6.175100000000039 640 186.54457800000006 640 worker-bee 0
640 448.491049 360.86747 448.491049 360.8674700000001 640 640 640 worker-bee 0
431.19036100000005 359.218414 294.040161 359.218414 294.040161 463.25524299999995 431.19036100000005 463.25524299999995 bee-larvae 0
402.403213 237.01278800000006 178.37751000000003 237.012788 178.37751000000003 354.111509 402.403213 354.111509 bee-larvae 0
309.89236900000003 424.699744 251.20000000000005 424.699744 251.20000000000005 506.917647 309.8923690000001 506.917647 bee-larvae 0
355.72690800000004 462.37954 287.280321 462.37954 287.2803210000001 616.748849 355.7269080000001 616.748849 wax-moth-larva 0
483.95823300000006 124.61994900000005 278.618474 124.61994900000005 278.618474 285.99488500000007 483.95823300000006 285.9948850000001 worker-bee 0
440.790361 62.41227600000005 336.025703 62.412276000000034 336.025703 154.14015300000005 440.790361 154.14015300000005 bee-larvae 0
348.273092 6.768286000000031 152.674699 6.768286000000019 152.674699 142.80511500000003 348.273092 142.80511500000006 capped-brood-cells 0
270.830522 128.99028100000004 170.666667 128.990281 170.666667 231.864962 270.830522 231.86496200000005 capped-brood-cells 0
640 10.041944000000067 439.6915660000001 10.041944000000054 439.6915660000001 407.38209700000004 640 407.38209700000016 capped-brood-cells 0
292.073896 337.399488 203.21927700000006 337.399488 203.21927700000006 430.076726 292.073896 430.076726 capped-brood-cells 0