437.269980876984 307.93721230094667 434.7502850000001 163.58390399999996 307.4258011230161 165.8063606990533 309.945497 310.15966899999995 capped-brood-cells 0
322.40995675485624 250.23636944696077 319.3857100000001 120.30239500000002 150.92937824514388 124.22325955303924 153.95362500000002 254.15723399999996 capped-brood-cells 0
215.0690967623029 206.33743765589045 211.23134899999997 41.452141999999995 25.74299123769707 45.76943134410952 29.580739 210.65472699999998 capped-brood-cells 0
412.08814949800865 95.74997632039378 410.0991460000001 10.294282999999997 272.8816605019914 13.488055679606214 274.870664 98.94374900000001 capped-brood-cells 0
537.9477424116228 588.3052767142447 535.431691 444.160795 404.5371235883772 446.4455682857555 407.053175 590.59005 capped-brood-cells 0
594.8999465765241 378.60709748716766 591.209136 220.034848 415.4467494234758 224.12576351283238 419.13756000000006 382.69801299999995 capped-brood-cells 0
529.3905346022108 98.06317316122974 527.6622008717379 -0.9529682650173843 418.34113926952693 0.9552385737528777 420.0694729999999 99.97138000000001 capped-brood-cells 0
119.26773117140482 476.6002222223694 116.68558000000002 328.6689139999999 5.7834808285951596 330.60471777763047 8.365631999999978 478.53602599999994 queen-cell 0
328.65170058376606 632.5962042431912 327.10150699999997 565.9935639999999 224.92597641623388 568.3717257568087 226.47617 634.974366 queen-cell 0
311.2700021638808 479.5536988806961 308.97376500000007 380.89800000000014 179.9918348361193 383.900088119304 182.288072 482.55578700000007 worker-bee 0
230.83284592404328 631.7505250570075 229.23017499999997 539.93358 158.95052807595667 541.1603159429925 160.55319899999998 632.977261 worker-bee 0
104.19662906405676 335.4052658383886 102.637085 268.40088600000007 30.44487393594325 270.08117816161155 32.004418 337.08555800000005 worker-bee 0
559.2918320743048 408.18892692799517 556.525844 249.72559000000004 470.41032692569524 251.22874207200482 473.17631499999993 409.69207900000004 worker-bee 0
644.3693959814594 233.23926916846534 640 45.512223 480.1020790185406 49.23388883153466 484.471475 236.960935 worker-bee 0
74.37817180213365 72.82654384280194 73.08471261025991 -1.275698153848888 -1.9187373600262542e-7 3.349167863544093e-9 1.2934589999999995 74.102242 worker-bee 0
407.9393601861849 238.6991735218814 405.487503 133.357384 32.501734813815155 142.03872347811864 34.95359200000001 247.380513 capped-brood-cells 0
216.8649223396228 125.5022905735003 214.53529 25.411807999999986 44.90118666037722 29.360086426499727 47.230819000000004 129.45056900000003 capped-brood-cells 0
416.31273932712196 77.34825151487696 414.9655870000001 19.469092999999997 311.38742167287813 21.87990148512305 312.734574 79.75906000000002 capped-brood-cells 0
521.6900865652481 93.12480175572605 520.0376578960601 -1.5427672325932305 431.65258733081197 1.168072039092749e-8 433.305016 94.66756900000001 capped-brood-cells 0
466.4864425186456 344.27830653913054 464.71269899999993 242.66062099999996 377.19464748135437 244.18825446086944 378.968391 345.8059400000001 capped-brood-cells 0
385.8549780873938 452.4476504344251 384.137527 354.054945 313.2458659126062 355.2923635655749 314.963317 453.685069 capped-brood-cells 0
526.9414000425361 591.2577519097271 524.202971 434.37322199999994 413.4793769574639 436.30590909027273 416.2178059999999 593.1904389999999 capped-brood-cells 0