235.401383 203.78718400000002 206.490733 203.787184 206.490733 226.86446600000005 235.401383 226.86446600000005 american-foulbrood 0
230.93997200000007 282.053592 208.34965400000004 282.053592 208.34965400000004 319.770097 230.93997200000007 319.770097 american-foulbrood 0
60.75574000000002 121.58135900000002 40.139419000000004 121.58135900000002 40.139419000000004 151.692427 60.75574000000002 151.692427 american-foulbrood 0
233.90982000000002 22.437282000000025 196.262241 22.437282000000025 196.262241 56.69902900000003 233.90982000000002 56.69902900000003 american-foulbrood 0
286.344675 424.25165 266.887967 424.25165 266.887967 451.566602 286.344675 451.566602 american-foulbrood 0
534.218534 391.64271800000006 518.727524 391.64271800000006 518.727524 416.0745630000001 534.218534 416.0745630000001 american-foulbrood 0
582.523928 507.75611700000013 568.909544 507.75611700000013 568.909544 525.688544 582.523928 525.688544 american-foulbrood 0
579.549654 566.455922 563.33278 566.455922 563.33278 593.547184 579.549654 593.547184 american-foulbrood 0
572.122822 195.95184500000005 549.390871 195.95184500000005 549.390871 220.85592200000005 572.122822 220.85592200000005 american-foulbrood 0
465.85449499999993 86.35650500000006 432.305394 86.35650500000006 432.305394 112.27961200000007 465.85449499999993 112.27961200000007 american-foulbrood 0
59.43236500000004 347.283883 44.79114800000004 347.283883 44.79114800000004 370.137476 59.43236500000004 370.137476 american-foulbrood 0
128.54882400000005 408.599612 107.05615500000006 408.599612 107.05615500000006 437.989903 128.54882400000005 437.989903 american-foulbrood 0
118.14329200000003 296.40699 101.47496500000003 296.40699 101.47496500000003 328.38213600000006 118.14329200000003 328.38213600000006 american-foulbrood 0
517.926418 593.85165 494.5659750000001 593.85165 494.5659750000001 621.725825 517.926418 621.725825 american-foulbrood 0
640 85.05786400000008 627.447856 85.05786400000008 627.447856 112.28582500000009 640 112.28582500000009 american-foulbrood 0
581.089903 65.49747600000008 544.743568 65.49747600000006 544.743568 92.45203900000007 581.089903 92.45203900000008 american-foulbrood 0