444.0541730229937 226.6988109450419 327.78177 225.34585900000002 325.0349039770065 461.4109420549582 441.3073070000001 462.76389400000005 pollen 0
629.8537306030498 23.427514953152524 546.8346100000001 22.461500000000072 539.6488987950188 639.999999997615 622.6680193980685 640.9660149507674 wax-sealed-honey-cells 0
538.7657008626796 12.539910704826692 416.7924949999999 9.70095300000005 415.7817831373203 53.125258295173424 537.754989 55.964216000000064 wax-sealed-honey-cells 0
301.9064845647997 385.1747237335619 165.71093300000007 383.589945 162.7273318649835 639.9999999984291 298.92288342978316 641.5847787319909 bee-larvae 0
159.36269893627656 407.89385594724433 105.18951100000002 407.263494 103.88870506372353 519.0545130527555 158.06189300000008 519.6848749999999 bee-larvae 0
126.53122673236587 378.482025227657 101.44415300000006 378.190111 100.96158026763425 419.66235377234295 126.04865400000006 419.95426800000007 bee-larvae 0
77.15849730442378 392.6794245994405 4.796163466380676e-14 390.88354000000004 -1.1059243044236826 438.39854040055957 76.05257300000005 440.19442500000014 bee-larvae 0
165.2840415928228 527.4038683302107 128.81983300000005 526.555155 128.24856140717728 551.0993276697893 164.7127700000001 551.948041 bee-larvae 0
106.98568846744917 468.1144223901088 62.623960000000054 467.59822700000007 61.991178532550975 521.9793396098914 106.35290700000007 522.4955350000002 bee-larvae 0
249.12904539834818 246.06818824429286 2.930988785010413e-14 240.26964500000003 -3.3277814045786673 383.2446940233989 245.8012639937695 389.0432372676918 bee-larvae 0
333.4955226195089 218.4098234352155 242.80256800000006 217.354515 241.56249738049115 323.92588756478455 332.255452 324.98119600000007 nectar 0
277.6920885882358 156.4055920834032 179.89926400000002 154.12943900000005 178.09048041176428 231.84216291659686 275.883305 234.11831600000005 nectar 0
240.81221576619976 89.13709173484106 183.50557700000002 87.80326500000001 182.79539323380027 118.31565726515898 240.10203200000004 119.64948400000003 pollen 0
132.34425116404492 10.956577311777579 73.73051600000001 9.59232700000001 72.63948383595508 56.467500688222444 131.253219 57.831751000000025 pollen 0
518.8639281050338 386.6251002441334 447.613756 385.796029 446.3047768949662 498.2893607558666 517.554949 499.1184320000001 pollen 0
431.3444589564165 525.9406499676952 315.91377100000005 523.2539699999999 314.5156190435836 583.3242590323047 429.94630700000005 586.010939 pollen 0
151.13887500000007 547.547598 6.705524132715217e-14 547.547598 7.271631823629139e-14 640 151.13887500000007 640 capped-drone-cells 0
80.65978815054459 456.61603862766384 5.595524044110789e-14 455.67747699999995 -0.9868541505444819 540.487514372336 79.67293400000005 541.4260759999999 capped-drone-cells 0
123.88107716038084 162.85848129488107 16.11426000000002 160.35018100000002 14.265926839619208 239.76211670511896 122.03274400000004 242.270417 nectar 0