327.8477550000001 86.50158700000003 326.31387278493764 -1.3744366472298086 246.99046799999996 0.010159000000000695 248.52435021506244 87.88618264722982 worker-bee 0
642.0676990040981 639.9639081767576 635.8336290415691 282.81430765724366 533.713287 284.596825 539.947356962529 641.7464255195139 worker-bee 0
550.957069 632.624762 546.4256437135526 373.0195369198054 332.8984679999999 376.746667 337.4298932864474 636.3518920801947 worker-bee 0
342.47998000000007 487.771429 72.01699500000005 487.771429 72.01699500000007 640 342.47998000000007 640 worker-bee 0
273.0751370000001 568.309841 215.48105000000007 568.309841 215.48105000000007 605.348571 273.0751370000001 605.348571 bee-larvae 0
638.222093 8.13714300000006 344.235238 8.137143000000043 344.235238 164.23619000000005 638.222093 164.23619000000005 bee-larvae 0
427.789711 156.11936500000004 358.4687630000001 156.11936500000004 358.4687630000001 217.11238100000006 427.789711 217.11238100000006 bee-larvae 0
336.280457 87.21269800000002 1.5223030000000106 87.212698 1.5223030000000148 156.67809500000004 336.280457 156.67809500000007 bee-larvae 0
80.276026 302.3746029999999 77.73912161035886 157.03542992245556 2.7639069999999997 158.344127 5.300811389641145 303.68330007754435 bee-larvae 0
99.36368800000004 331.022222 38.21296500000004 331.022222 38.21296500000004 377.813333 99.36368800000005 377.813333 bee-larvae 0
640 169.93523800000003 82.46914400000003 169.93523799999997 82.46914400000003 347.0628570000001 640 347.0628570000001 capped-brood-cells 0
428.47830100000004 353.53396799999996 12.85057000000004 353.53396799999996 12.850570000000051 481.716825 428.4783010000001 481.716825 capped-brood-cells 0