265.528425 50.173391000000024 181.863187 50.173391000000024 181.86318700000004 236.86523600000004 265.528425 236.8652360000001 american-foulbrood 0
366.058527 1.9296140000000392 275.444548 1.9296140000000337 275.444548 123.62575100000004 366.058527 123.62575100000004 american-foulbrood 0
62.231500000000025 79.12103 0.2773530000000097 79.12103 0.27735300000001567 176.384549 62.231500000000025 176.384549 american-foulbrood 0
65.58359700000007 506.870386 0.002982000000062074 506.870386 0.0029820000000687842 616.466953 65.58359700000008 616.466953 american-foulbrood 0
239.83299200000005 492.39485 107.83075500000007 492.39485 107.83075500000007 595.879828 239.83299200000005 595.879828 american-foulbrood 0
473.28685900000005 413.60343300000005 408.135694 413.603433 408.13569400000006 525.109013 473.2868590000001 525.109013 american-foulbrood 0
397.33084800000006 421.641202 272.647158 421.641202 272.64715800000005 517.387124 397.3308480000002 517.387124 american-foulbrood 0
428.60913300000004 555.11073 389.9824790000001 555.11073 389.9824790000001 631.91073 428.60913300000004 631.91073 american-foulbrood 0
510.2255359999999 318.7261800000001 477.9750230000001 318.7261800000001 477.9750230000001 353.9605150000001 510.2255359999999 353.9605150000001 american-foulbrood 0
637.563467 307.4678110000001 595.30438 307.4678110000001 595.30438 373.2669530000001 637.563467 373.2669530000001 american-foulbrood 0
602.933085 264.04463500000014 563.179124 264.04463500000014 563.179124 315.3888410000001 602.933085 315.3888410000001 american-foulbrood 0
640 27.66008600000007 600.896179 27.66008600000007 600.896179 126.22832600000008 640 126.22832600000008 american-foulbrood 0
533.68425 101.63433500000005 468.199068 101.63433500000005 468.199068 176.44978500000005 533.68425 176.44978500000005 american-foulbrood 0
607.403541 161.1330470000001 550.60876 161.1330470000001 550.60876 235.63948500000006 607.403541 235.63948500000006 american-foulbrood 0
481.18098799999996 0.3227470000000554 423.50344800000005 0.32274700000005185 423.50344800000005 76.09270400000005 481.18098799999996 76.09270400000005 american-foulbrood 0
536.150606 535.951931 483.4117430000001 535.951931 483.4117430000001 580.724464 536.150606 580.724464 american-foulbrood 0
620.564399 525.651502 580.023113 525.651502 580.023113 574.132189 620.564399 574.132189 american-foulbrood 0