221.248868 121.352139 220.94622391175008 95.3429362585018 205.744595 95.519823 206.0472390882499 121.5290257414982 american-foulbrood 0
92.978421 310.83479900000003 92.6027538128634 278.5500172478508 77.783823 278.722451 78.15949018713661 311.0072327521492 american-foulbrood 0
153.43432000000004 253.49783499999998 153.16915771860423 230.70987075708257 135.054769 230.92065100000002 135.3199312813958 253.70861524291743 american-foulbrood 0
201.589335 418.21595900000005 201.2855500228777 392.10873607069885 182.363243 392.32891699999993 182.66702797712236 418.43613992930113 american-foulbrood 0
75.639234 523.4025640000001 75.42399788990203 486.4065627903175 11.028029999999998 486.781207 11.243266110097974 523.7772082096826 american-foulbrood 0
117.077051 323.739871 116.8602641305619 305.1092835977156 101.83935399999999 305.284068 102.0561408694381 323.9146554022844 american-foulbrood 0
138.942228 74.347103 138.57067323780407 42.41579613718323 121.498075 42.614454 121.86962976219591 74.54576086281678 american-foulbrood 0
340.680345 73.16578799999999 339.94433491969767 9.913217350645835 292.51100099999996 10.465153999999998 293.2470110803023 73.71772464935415 american-foulbrood 0
394.53482599999995 373.176381 393.75788992717776 306.40667861371804 369.265196 306.691677 370.04213207282226 373.4613793862819 american-foulbrood 0
449.3758450000001 402.537615 449.0129762455041 371.3527130618666 423.7123629999999 371.64711200000005 424.0752317544959 402.8320139381334 american-foulbrood 0
387.9856490000001 541.7643170000001 387.11112904385516 466.60818806094966 354.613661 466.98633 355.4881809561449 542.1424589390506 american-foulbrood 0