348.3590328685855 432.544463314916 157.22516200000004 428.095773 155.09751313141464 519.508241685084 346.23138400000005 523.956932 capped-drone-cells 0
266.18553624287335 297.5028330520792 138.82789300000002 295.279797 136.48993075712673 429.2215569479208 263.847574 431.44459300000005 capped-drone-cells 0
416.4775049152408 299.70141503804706 268.77476300000006 296.26359600000006 267.28777508475935 360.15066796195305 414.99051700000007 363.58848700000004 capped-drone-cells 0
471.0650930127045 441.05359791212516 389.342119 439.627118 387.8927069872956 522.663871087875 469.6156810000001 524.090351 capped-drone-cells 0
625.859329759199 430.30572900490927 504.549614 427.4822140000001 503.0019572408011 493.9758579950909 624.311673 496.79937300000006 capped-drone-cells 0
258.4265531513638 594.9172280065143 150.88252662575144 593.0400389934673 150.06283700000006 640 257.6068635256124 641.877189013047 capped-drone-cells 0
138.0734161913512 294.76019896305263 3.6415315207705135e-14 291.546505 -1.4032651913511032 351.8365080369474 136.67015100000006 355.050202 capped-drone-cells 0
262.51945268083625 179.59328785241294 173.093208 177.511869 172.04060731916383 222.73588814758705 261.4668520000001 224.817307 capped-drone-cells 0
193.70016418665116 104.90275650493086 92.75207600000003 102.55316300000001 91.13282981334888 172.1225614950692 192.08091800000003 174.47215500000001 capped-drone-cells 0
279.5509655273615 86.4478434981248 194.26389 84.46276500000002 193.25466747263852 127.82308450187526 278.541743 129.80816300000004 capped-drone-cells 0
411.17337470597596 92.15619594328409 339.084143 90.89787400000004 337.1399432940241 202.281025056716 409.22917500000005 203.53934700000002 capped-drone-cells 0
570.1532996491101 181.635377795474 483.58251 179.62042000000008 482.33121935089 233.38096020452616 568.902009 235.39591800000008 capped-drone-cells 0
636.5536867517932 212.33532800471554 552.056369 210.86042200000009 550.5247682482068 298.6057799952846 635.022086 300.08068600000007 capped-drone-cells 0
629.6281239572148 115.54460892777809 512.3584469999998 112.81512700000007 510.89451304278504 175.71170107222207 628.1641900000001 178.44118300000008 capped-drone-cells 0
560.1617852168552 13.037910009807366 440.529693 10.253442000000055 439.57658878314487 51.20268299019276 559.2086810000001 53.98715100000007 capped-drone-cells 0
154.7299299108515 399.53814992386094 4.884981308350689e-14 396.837329 -4.033036910851364 627.8898630761392 150.69689300000007 630.5906840000001 bee-larvae 0
309.5934452844405 532.336438032426 148.57678300000006 528.588734 147.13104971555964 590.703336967574 308.1477120000001 594.451041 bee-larvae 0
420.7055414379995 478.0933004467811 318.53543854123217 476.3099149919922 315.6782180000001 639.9999999999999 417.84832089676746 641.7833854547888 bee-larvae 0
536.0698260187172 544.5984772697097 422.0377680000001 542.60804 420.3377847644605 639.9999999958886 534.3698427831775 641.9904372655983 bee-larvae 0
449.8255766447563 357.7228438456301 256.27560800000003 353.21791900000005 254.4440223552438 431.91031815437015 447.9939910000001 436.41524300000015 bee-larvae 0
509.46058206706266 253.79586599187903 417.92910299999994 252.1981780000001 415.4482559329372 394.325804008121 506.97973499999995 395.923492 bee-larvae 0
107.39052556182673 117.08219187388909 1.4210854715202004e-14 115.20768300000002 -2.0804295618266826 234.395395126111 105.31009600000003 236.26990400000005 bee-larvae 0
224.377760832437 154.16440254910515 98.79648600000003 151.24146600000003 97.81183416756308 193.54612445089492 223.393109 196.469061 bee-larvae 0
264.77441992110374 6.162693090332647 11.718771 0.2727569999999977 10.302765078896247 61.11013990966739 263.358414 67.00007600000004 bee-larvae 0
376.3723462443817 8.766683015776163 271.55210400000004 6.326965000000035 269.20999175561843 106.95366498422393 374.030234 109.39338300000006 bee-larvae 0
640.0575718394231 38.102040499761614 421.73301200000003 33.02048000000005 419.882922160577 112.5078835002385 638.207482 117.58944400000007 bee-larvae 0
494.51990819188995 127.636230032509 389.07302300000003 125.79564800000006 387.1390868081103 236.5907899674912 492.5859720000001 238.43137200000012 bee-larvae 0
287.97087676169355 246.6305829155803 179.983025 244.11713800000004 178.6880532383065 299.75441008441976 286.675905 302.267855 bee-larvae 0
630.6131995184388 322.5762474263465 500.6974180000001 319.55242400000003 498.0140444815614 434.8410895736537 627.9298260000002 437.8649130000001 bee-larvae 0