445.48344208492824 192.15010573598119 329.22284700000006 191.47372100000007 327.85339591507187 426.862235264019 444.11399100000006 427.53862000000015 pollen 0
629.9585316739866 6.847256076065928 546.9478420000002 6.364314000000068 543.2782353260136 637.1161079239342 626.2889250000001 637.5990500000001 wax-sealed-honey-cells 0
534.7938174801412 602.1204600422144 413.3217879898631 601.4137539999412 413.0972990000001 640.0000000000001 534.5693284902782 640.7067060422733 wax-sealed-honey-cells 0
306.3100503614169 2.7719038664797884 170.12833 1.9796220000000209 168.60893363858312 263.14174013352033 304.790654 263.9340220000001 bee-larvae 0
163.34418442285306 125.7276954889027 109.17649800000001 125.41255700000002 108.527950577147 236.88835151109737 162.69563700000003 237.20349000000004 bee-larvae 0
129.6027470395184 224.46967841819028 104.51822100000003 224.323741 104.27779196048166 265.65000658180975 129.36231800000002 265.795944 bee-larvae 0
80.25578617213115 202.6419402531659 2.398081733190338e-14 201.70808 -0.552999172131087 249.23273174683413 79.70278700000004 250.16659200000004 bee-larvae 0
170.69631513739802 94.02655989662249 134.37488 93.603922 134.08922486260204 118.15308010337752 170.41066000000004 118.57571800000001 bee-larvae 0
111.70491036791515 121.17051101413217 67.34768700000002 120.91244900000001 67.0328096320849 175.03543098586783 111.39003300000002 175.293493 bee-larvae 0
249.59847463719393 259.7033638920451 3.064215547965432e-14 256.799022 -1.6640036424539213 399.8031125600079 247.93447099473994 402.707454452053 bee-larvae 0
334.0708183846642 326.21953515443687 243.387074 325.691953 242.7701306153358 431.7356008455632 333.45387500000004 432.263183 nectar 0
276.5852267519523 415.6108659465374 179.24446000000003 414.47820400000006 178.34000724804784 492.20671305346275 275.68077400000004 493.339375 nectar 0
238.54644204969924 528.7811820057532 181.41729500000002 528.116424 181.06217895030088 558.635013994247 238.19132600000006 559.2997720000001 pollen 0
128.7583840106815 586.7758909326378 70.41732400000005 586.097031 69.8717709893186 632.9817260673622 128.21283100000008 633.660586 pollen 0
522.3329493724766 158.73342048813538 451.090013 158.31894100000005 450.4379576275233 270.39768251186473 521.680894 270.81216200000006 pollen 0
436.6232274519173 69.23704537831463 321.541971 67.89795300000004 320.8428475480826 127.98044362168547 435.92410399999994 129.31953600000006 pollen 0
158.04714136250942 1.8390453236280715 0.00600400000000002 0.00006999999999829045 -1.071429363823261 92.59445778928537 156.96970799868615 94.43343311291345 capped-drone-cells 0
85.85251093591593 101.58021942766825 1.2434497875801753e-14 100.58123500000002 -0.9758669359158962 184.44703357233178 84.87664400000003 185.44601800000004 capped-drone-cells 0
122.94928503376411 402.09252000796494 15.64441000000005 400.8439149999999 14.720180966235997 480.2719809920351 122.02505600000006 481.5205860000001 nectar 0