604.6815138366503 130.37167699602603 596.9584780259313 101.22154381024299 574.9988860702348 107.03951774476124 582.7219218809538 136.18965093054427 small-hive-beetle 0
633.1785015121033 158.78273853940192 629.746496211215 135.06029696609727 607.0071935860964 138.35006825320335 610.4391988869846 162.07250982650802 small-hive-beetle 0
597.563447 141.78861800000007 578.134023 141.78861800000007 578.134023 163.90243900000004 597.563447 163.90243900000004 small-hive-beetle 0
480.652818 153.49593500000006 456.049783 153.49593500000006 456.049783 173.00813000000005 480.652818 173.00813000000005 small-hive-beetle 0
522.8138389499053 210.8845470510377 499.86838466402304 203.02520134607414 491.78687285397655 226.6192722470559 514.732327139859 234.47861795201953 small-hive-beetle 0
450.73827773147855 242.7035856340321 445.3326641537904 221.20430505400418 422.10048379355715 227.04562561015518 427.50609737124523 248.5449061901831 small-hive-beetle 0
618.4439888035516 382.0889941320658 614.7246620554346 352.9059969403711 586.143525496395 356.54861750457684 589.862852244512 385.73161469627155 small-hive-beetle 0
494.297866367648 441.96213599385305 479.8011453186973 420.68885809250594 451.62909105211384 439.8867651556531 466.1258121010645 461.16004305700017 small-hive-beetle 0
383.4291681134373 478.9061454635475 349.9483575127667 458.8259454989153 338.70651288488835 477.5700850717832 372.187323485559 497.6502850364153 small-hive-beetle 0
366.5541290061577 449.49025027471913 339.0770226726502 439.50806568682435 330.037552 464.390244 357.5146583335075 474.3724285878948 small-hive-beetle 0
273.84700766499924 535.9773165765332 258.4937873560067 486.84933496661193 225.1945484449823 497.2558392513206 240.54776875397482 546.3838208612418 small-hive-beetle 0
254.49960900000002 563.252033 245.58056985127368 525.5678128532683 189.62656522158062 538.8109144983881 198.54560437030693 576.4951346451198 small-hive-beetle 0
302.17363896960717 585.5398302445326 254.04200733046065 557.7915225874684 230.40989741491484 598.7832840804006 278.54152905406136 626.5315917374646 small-hive-beetle 0
245.64103151333256 590.5682542139571 211.2453795106747 565.6314185760364 175.40923335667642 615.0606095979688 209.8048853593343 639.9974452358895 small-hive-beetle 0
169.73863814224532 596.7353260392616 163.93794423139536 575.3028134708245 129.08731027361696 584.7351121592133 134.88800418446692 606.1676247276504 small-hive-beetle 0
48.861468749047496 541.5853539040202 43.241496369216804 472.47782619073405 4.285776567349792 475.6457888797079 9.905748947180484 544.753316592994 small-hive-beetle 0
213.8323239890694 328.4614186303203 200.38741627010776 295.94109310069945 179.05224166195273 304.7617137157454 192.49714938091438 337.2820392453662 small-hive-beetle 0
257.4337797458564 268.5323779027972 234.62378447709824 260.86605684318477 224.073481001441 292.25691179074283 246.88347627019914 299.92323285035525 small-hive-beetle 0
145.86127757153764 273.36931868153954 124.59380353788885 259.7048670154618 112.5155561530949 278.5035586062694 133.7830301867437 292.16801027234715 small-hive-beetle 0
108.29430798682486 157.98524267230755 87.2643389804891 150.5454218750636 79.75803478132985 171.76331797263148 100.7880037876656 179.20313876987547 small-hive-beetle 0
293.4211112832314 140.78472120650366 281.5106739489646 115.67577103933537 261.05273954206314 125.37999778397035 272.96317687632995 150.48894795113864 small-hive-beetle 0
352.7637461342862 217.12341963044224 352.218415910915 185.88143714344335 329.0464019279417 186.28590570002592 329.59173215131284 217.52788818702484 small-hive-beetle 0
31.864467902596353 156.67371184407477 29.284731905848908 140.11915134335314 4.695047941161089 143.95101947839566 7.274783937908534 160.50557997911733 small-hive-beetle 0
363.83091063050995 375.6435112468198 337.477361 333.92690500000003 307.70800678894796 352.73304059567783 334.06155641945793 394.44964684249754 small-hive-beetle 0