217.59260551575045 418.11369585783433 146.59649600000006 415.63445699999994 145.16729148424966 456.5615181421656 216.16340100000005 459.040757 american-foulbrood 0
46.01835082800456 487.9224729494133 5.861977570020827e-14 487.11922000000004 -1.0350778280044288 546.4188150505868 44.98327300000007 547.2220680000001 american-foulbrood 0
160.62635020817237 591.4020984324529 76.98690239671537 589.9421669894696 76.11314000000006 639.9999999999999 159.75258781145706 641.4599314429834 american-foulbrood 0
195.82454682521205 529.8559707228393 144.6898070000001 528.0703069999998 143.28232117478808 568.3754442771606 194.41706100000005 570.161108 american-foulbrood 0
154.51532758103082 377.9531653181483 23.667683000000043 373.383865 20.967875418969264 450.69624068185163 151.81552000000005 455.265541 american-foulbrood 0
106.6851029172485 301.649743348884 48.06941100000004 299.60283799999996 46.39234208275156 347.62780165111593 105.00803400000002 349.6747069999999 american-foulbrood 0
34.78602157115627 258.8597852685271 3.197442310920451e-14 258.252593 -0.861446571156204 307.6048337314729 33.92457500000003 308.21202600000004 american-foulbrood 0
493.3804735821446 268.90657304345194 441.540449 268.00170200000014 439.62693841785546 377.62664395654826 491.466963 378.5315150000001 american-foulbrood 0
606.9013437696951 416.21081865037877 486.57228 414.11046699999997 483.92397923030495 565.8315143496213 604.253043 567.931866 american-foulbrood 0
512.0137499327872 145.48378383479684 409.7493820000001 141.91263400000003 407.69394206721296 200.77274216520328 509.95831 204.3438920000001 american-foulbrood 0
612.86003410744 217.02044212260734 544.4413379999999 214.63120800000002 542.7393628925598 263.3693858773928 611.158059 265.75862000000006 american-foulbrood 0
163.69615845794124 89.86114215540667 78.97238900000002 86.902523 76.55491554205881 156.12990684459336 161.27868500000002 159.088526 american-foulbrood 0
211.25883341557025 16.894626599863205 155.004407 14.930179000000017 153.56862758442972 56.045527400136834 209.82305399999998 58.00997500000002 american-foulbrood 0
336.31553599428486 128.01147680484257 303.966038 126.881808 303.12222400571517 151.0454911951575 335.471722 152.17516000000003 american-foulbrood 0
348.5227200593564 12.170681351024793 278.544559 9.726990000000036 276.9171029406436 56.331231648975276 346.895264 58.774923000000044 american-foulbrood 0
599.3032475879024 102.23939435614176 545.07192 100.34559500000007 543.5032424120974 145.26665164385838 597.7345699999998 147.16045100000005 american-foulbrood 0
584.0691088111287 24.246481297523637 542.34926 22.78959200000006 541.3338931888712 51.86589170247649 583.0537419999999 53.32278100000006 american-foulbrood 0
364.09078427496644 440.0304824901782 292.524358 437.531328 290.82178572503364 486.2866225098218 362.38821200000007 488.78577700000005 american-foulbrood 0