486.371556 30.848000000000045 286.046815 30.848000000000035 286.046815 192.83911100000006 486.371556 192.83911100000006 american-foulbrood 0
413.449481 234.33955600000004 291.877926 234.33955600000004 291.877926 404.69333300000005 413.449481 404.69333300000005 american-foulbrood 0
640 407.1893330000001 485.888 407.1893330000001 485.88800000000003 639.992889 640 639.992889 american-foulbrood 0
179.51288900000006 400.62577799999997 67.25214800000006 400.62577799999997 67.25214800000006 468.60799999999995 179.51288900000006 468.60799999999995 american-foulbrood 0
627.560296 7.166248437666869e-14 542.776889 6.647099797650082e-14 542.776889 124.55822200000007 627.560296 124.55822200000009 american-foulbrood 0
356.85925900000007 383.118222 306.465185 383.118222 306.4651850000001 497.493333 356.8592590000002 497.493333 american-foulbrood 0
103.670519 8.723694382210165e-15 38.798222 4.751411838490842e-15 38.79822200000001 60.643556000000004 103.670519 60.643556000000004 american-foulbrood 0
329.0859833580171 29.93738568998714 286.9169635610024 -8.01473272032797 251.69928399163635 31.116021745327316 293.868303788651 69.06814015564242 chalk-brood 0
219.39330353665855 308.29125739814276 159.58436450745012 304.8736042885966 153.78901238533476 406.2922827250452 213.59795141454322 409.7099358345913 chalk-brood 0
65.14651192093535 465.3286968195148 61.93164828773092 368.8827725653351 -1.2396429891700596 370.9884819414353 1.9752206440343691 467.43440619561505 chalk-brood 0
117.57037000000008 540.444444 60.681481000000076 540.444444 60.681481000000076 640 117.57037000000008 640 chalk-brood 0
471.6963890949702 190.2184504513316 414.30005365604404 181.29013172485216 398.9779065514586 279.7896501449489 456.3742419903848 288.7179688714283 chalk-brood 0
553.718519 120.88888900000006 499.674074 120.88888900000006 499.674074 204.80000000000007 553.718519 204.80000000000007 chalk-brood 0