418.7562170086077 391.6351521359576 406.97351909932473 349.53587238442515 290.00692777120594 382.27234719424916 301.7896256804888 424.3716269457816 small-hive-beetle 0
502.5743083532943 381.4433913437268 449.56406266692005 338.75492468097355 398.9712058197425 401.5807879904305 451.98145150611674 444.2692546531838 small-hive-beetle 0
441.10664284592025 282.8324550217946 376.8041510832917 279.8466759425757 373.3414790340696 354.41965505931523 437.6439707966981 357.4054341385341 small-hive-beetle 0
476.4403690786636 261.4273798620342 468.2832937798657 176.28939497305706 415.85544323248644 181.3125103924175 424.0125185312843 266.45049528139464 small-hive-beetle 0
598.3030624193775 116.13927101055032 533.8982141123759 55.122904704095504 492.1640061739773 99.17477954019287 556.568854480979 160.19114584664771 small-hive-beetle 0
620.804123170252 336.80078307810516 547.2793190253434 335.0894719111531 545.9619692681906 391.68811087025483 619.4867734130992 393.39942203720693 small-hive-beetle 0
486.9835460000001 597.544042 423.1599420000001 597.544042 423.1599420000001 640 486.9835460000001 640 small-hive-beetle 0
233.85471338771674 535.0244764184961 231.3296353692844 454.90093144019977 154.5159536603451 457.32169975805994 157.04103167877741 537.4452447363562 small-hive-beetle 0
227.16124134459622 587.2578962837388 190.91483647028787 534.6395533579099 145.64280799543062 565.8254133135148 181.88921286973894 618.4437562393437 small-hive-beetle 0
168.46416949789153 451.6694042975283 127.60305002784534 443.2539576968169 118.65848575482778 486.68420290048607 159.51960522487397 495.0996495011974 small-hive-beetle 0
626.4552504655137 472.922498010835 251.9299240000001 464.2053250000001 249.2948905344865 577.4171159891652 623.8202170000001 586.1342890000001 empty-cells 0
372.76106000000004 232.49253200000004 234.8017906381504 229.2814939915779 231.72392500000007 361.51913600000006 369.6831943618497 364.7301740084222 empty-cells 0
548.0616446271273 257.3004740145966 459.01308000000006 255.22784600000006 457.3508573728728 326.64371898540344 546.399422 328.71634700000004 empty-cells 0
635.5990577853696 166.62560101827972 520.1651149999999 163.93884600000007 518.2536092146303 246.0649229817204 633.687552 248.75167800000008 empty-cells 0
410.6166130578987 592.2364125124354 235.2265343337691 588.1541659844933 234.0198100000001 640 409.4098887241297 644.0822465279422 empty-cells 0