209.3540981778335 450.8606248941126 173.07305721248434 407.30292382252355 102.01981739182895 466.48615528869095 138.30085835717813 510.04385636027996 small-hive-beetle 0
212.57814589833725 511.75066537687496 190.03640301272856 479.3155496520403 153.88282351788848 504.44154890177015 176.42456640349718 536.8766646266049 small-hive-beetle 0
387.4164517364337 240.1943619805628 316.51793549616616 223.3480891710363 303.67324011308466 277.40573471169927 374.57175635335216 294.2520075212258 small-hive-beetle 0
296.44438105197645 272.3755477057383 255.3284438371913 268.79160686161305 247.53145226071936 358.24079982134657 288.6473894755045 361.82474066547184 small-hive-beetle 0
268.135606512187 387.07967615265784 249.60497243960316 362.4187901105164 215.88341258868235 387.75777772378876 234.41404666126618 412.4186637659303 small-hive-beetle 0
118.52975948475546 460.37773121426983 58.21025387839421 426.9282138431381 35.954654308786616 467.0617305129621 96.27415991514786 500.51124788409373 small-hive-beetle 0
324.51083797707906 196.14299952354128 277.6476105644696 157.90700463155696 227.43195597863797 219.4528764514689 274.2951833912474 257.68887134345323 small-hive-beetle 0
61.36799902754768 177.75499007693156 30.67269293901424 156.10174803803335 -7.386964944546719 210.05453932268722 23.308341143986723 231.70778136158543 small-hive-beetle 0
494.1117417063019 204.60453275135973 407.6125067600826 197.6065267964654 403.5474592491914 247.85276865143277 490.0466941954107 254.8507746063271 small-hive-beetle 0
619.0232219869952 177.28941704518314 584.3112305003158 85.69205084019916 533.3391093709636 105.00858698099259 568.0511008576431 196.60595318597657 small-hive-beetle 0
329.7482081485349 45.60378230207539 278.4985618100467 45.40627607447364 278.21069610657383 120.1027333715716 329.460342445062 120.30023959917335 small-hive-beetle 0
195.71047107131778 234.5868035183522 0.052966000000028046 228.893752 -4.916582071317689 399.68605448164783 190.74092300000007 405.379106 empty-cells 0
227.0091364037971 9.505289624764384 79.44116300000002 8.646764000000008 78.20633359620291 220.89584237523565 225.77430700000002 221.75436800000003 empty-cells 0
537.7356537462607 39.523044385824264 347.533927 33.98874000000004 343.6158872537394 168.64304761417586 533.817614 174.17735200000007 empty-cells 0
450.3440744467585 291.6036549217929 319.724023 290.84373000000005 318.8302335532416 444.47314807820726 449.4502850000001 445.2330730000001 empty-cells 0