512.062947435968 16.522312871997926 475.19441072946563 9.113658963695187 454.42264426732083 112.48258991216859 491.2911809738231 119.89124382047135 bee-larvae 0
601.2561620000001 4.557167000000071 547.8951002745564 3.0724726009435965 546.7556148452634 44.02645772164398 600.1166765707071 45.51115212070045 bee-larvae 0
640 3.6106910000000774 612.617082 3.6106910000000756 612.617082 80.85723400000009 640 80.85723400000009 bee-larvae 0
316.11686576991735 178.4486932496343 275.0897889987107 125.9286159239758 242.17018418348093 151.6444035390178 283.19726095468764 204.16448086467628 bee-larvae 0
384.98796346052006 172.14208800015558 359.53841339990504 106.84882145302068 293.16534278361155 132.71924994669536 318.6148928442266 198.01251649383028 bee-larvae 0
341.60657297046134 366.64392610788747 338.05191716154764 297.2092668415749 294.81277177225934 299.4228627741335 298.36742758117305 368.85752204044604 bee-larvae 0
401.3725042098166 328.7507742359894 375.3540507722927 210.5461748067333 327.29269076255315 221.12513927677387 353.311144200077 339.32973870602996 bee-larvae 0
430.23201093458 472.0800372595794 429.4181744870383 332.1932253295445 348.17367411604175 332.6658912989234 348.98751056358344 472.55270322895825 bee-larvae 0
356.6635324130851 575.8600037086956 293.36646532953273 455.00585893667653 246.50016593275848 479.551970304818 309.7972330163109 600.406115076837 bee-larvae 0
414.8069991688793 557.1446402346331 408.7544522497944 472.3202556411202 332.7840672879033 477.7410355459349 338.83661420698814 562.5654201394478 bee-larvae 0
240.43800472453142 467.7474166407502 189.79756182303436 433.59919866552525 134.75229029433964 515.2291370672497 185.3927331958367 549.3773550424746 bee-larvae 0
108.13281012147743 19.40773021694699 42.26854954084019 5.089536257401461 -5.21773354269569 223.5283234296342 60.64652703794156 237.84651738917975 bee-larvae 0
111.74379075720114 202.04667092431544 66.24625724795422 186.82409042012944 20.17794352254873 324.5139286745413 65.67547703179564 339.7365091787273 bee-larvae 0
211.66153091318432 122.4984810810558 162.84938491093018 92.5632704076571 119.80321799774583 162.75405032660126 168.61536399999994 192.689261 bee-larvae 0
176.0162222609606 192.98811535325655 137.19067385753712 177.90630485747556 99.46423704642297 275.026580895181 138.28978544984648 290.10839139096197 bee-larvae 0
168.38126957996923 398.77893467555464 126.55319122987157 376.244165238298 73.65821999532793 474.42555587932 115.48629834542558 496.9603253165766 bee-larvae 0
545.5806885764791 247.05719192571138 479.78267859384084 233.8352235473418 448.01583213982485 391.9202544809905 513.8138421224631 405.14222285936006 bee-larvae 0
582.8694158976971 483.65074540324457 547.7997111361422 392.83167735317335 501.830654761118 410.58258880659815 536.9003595226729 501.4016568566694 bee-larvae 0
619.7473231137394 535.7563859589064 585.617772770721 484.2424018322851 499.04449873682995 541.5997770109734 533.1740490798483 593.1137611375948 bee-larvae 0
472.50935327787704 284.24310219583504 427.1803944215889 273.0209481000918 410.5439410298765 340.2195540783805 455.87289988616465 351.44170817412373 bee-larvae 0
462.5863231562193 16.50411613752108 460.47716002735916 1.6377961033601451 446.256162 3.6554040000000043 448.36532512886015 18.52172403416094 bee-larvae 0