511.95073594197686 13.705481054800217 475.2055033068155 6.116699453045769 453.8471104921053 109.53502849129936 490.59234312726664 117.1238100930538 bee-larvae 0
601.25 1.0591970000000668 547.759033369042 -0.11810110665158824 546.8572582867349 40.854376946089104 600.348224917693 42.03167505274075 bee-larvae 0
640 7.71910185587566e-14 612.5 7.550712920992899e-14 612.5 77.32142800000008 640 77.32142800000008 bee-larvae 0
315.1555038378816 176.70049336886711 274.38016651781925 124.35001738022783 241.23712063612626 150.16485191838197 282.0124579561886 202.5153279070213 bee-larvae 0
384.18221321231886 170.38291868572958 358.9564003314741 104.83200659142636 292.21052441280216 130.51767476443763 317.43633729364694 196.06858685874087 bee-larvae 0
339.4919491324289 364.8221386375522 336.34638888303914 295.5213244013446 293.07016403940145 297.48562993097113 296.2157242887912 366.78644416717873 bee-larvae 0
399.5034406526378 326.56667064058536 374.1980421961598 208.63162873125628 325.9642094922726 218.98119350771492 351.26960794875055 336.91623541704405 bee-larvae 0
427.5 330.46966699999996 346.25 330.46966699999996 346.25000000000006 470.283758 427.50000000000006 470.283758 bee-larvae 0
351.3971372026017 575.3346824509048 292.01095787801864 453.50401808205606 244.10114315037083 476.8575872640291 303.4873224749539 598.6882516328777 bee-larvae 0
411.6029511668814 555.1069497546763 406.06501388218453 470.63985815327584 330.0030801581288 475.62672594676343 335.5410174428256 560.0938175481639 bee-larvae 0
237.61178816198907 466.53114784365573 187.31692547244194 432.4570349114955 131.844280997808 514.3370545742964 182.13914368735513 548.4111675064566 bee-larvae 0
106.57084653536948 18.471525532129416 41.53882957584713 4.695175575432673 -4.899364645917856 223.90922310559114 60.132652313604495 237.68557306228786 bee-larvae 0
110.48960975387294 201.6460685327819 65.22202203451897 186.26700039544815 18.368757520924603 324.1774539006583 63.63634524027857 339.5565220379921 bee-larvae 0
210.82922204781877 121.47667883358915 162.3473683525819 91.56867849323591 119.01814630476315 161.8067746596468 167.50000000000003 191.71477500000003 bee-larvae 0
174.81346181577612 192.1889663009432 136.204731099962 177.001083251272 97.9314655354517 274.29457695031726 136.54019625126585 289.48245999998846 bee-larvae 0
165.98742061603434 397.9591253283638 124.43342644773713 375.40096833816233 70.98610732337377 473.85535839181887 112.54010149167098 496.4135153820203 bee-larvae 0
544.0627175050145 244.37097633062757 478.4847656511381 230.82753902406307 445.82792391891064 388.953481968965 511.405875772787 402.49691927552954 bee-larvae 0
580.4430222169196 480.1321356251904 545.1223551459715 389.81836040241825 499.2213929135726 407.7696928680103 534.5420599845207 498.08346809078245 bee-larvae 0
616.782657240552 532.0813290916653 582.7195379618109 480.9187113334323 495.74077498049405 538.8275539214014 529.8038942592351 589.9901716796344 bee-larvae 0
470.3773223232381 281.38398281119265 425.1739065897318 270.4401325400177 408.84028757944134 337.90591032935436 454.04370331294774 348.84976060052935 bee-larvae 0
462.5164479145048 13.890359712067529 460.50491290834964 -0.8818920611076067 446.25 1.0591969999999975 448.2615350061552 15.831448773175133 bee-larvae 0