174.0872890348424 533.677779193886 138.0265103869544 524.5391361979063 112.08112637034381 626.9187510235485 148.1419050182318 636.057394019528 bee-larvae 0
78.55989017396776 600.0002838101775 24.824443270480785 598.7495782127656 23.874121496884378 639.5793028993662 77.60956840037134 640.830008496778 bee-larvae 0
13.072244000000072 568.283484 6.959465496889062e-14 568.283484 7.398602505716061e-14 640 13.072244000000076 640 bee-larvae 0
385.38004473448393 498.44738316332723 348.1629502348323 441.7123181677931 313.6457867456434 464.3549032346858 350.8628812452951 521.0899682302199 bee-larvae 0
338.1461109685517 507.7513276219345 310.90955460769925 447.3551303541068 241.68895267343908 478.571182211711 268.9255090342915 538.9673794795389 bee-larvae 0
339.50465580821486 345.9710063846428 335.27125517389675 276.5260849491659 292.42529175709075 279.13799846216784 296.65869239140886 348.58291989764473 bee-larvae 0
294.01234353679837 428.2033681182089 283.1850788520825 310.1787102442219 235.70895635733947 314.53404203432467 246.5362210420554 432.55869990831167 bee-larvae 0
291.71138895450264 310.79962117987145 278.56771424044194 171.87288301902214 197.38463907623202 179.55350624800843 210.52831379029274 318.48024440885774 bee-larvae 0
392.7408161296976 166.73807566861177 332.6798568692508 45.730160925094225 284.84590437729213 69.47202176101594 344.90686363773887 190.4799365045335 bee-larvae 0
305.0125315219898 168.7071287646776 304.0424425247786 85.33794117447079 226.5708458099079 86.23940544132782 227.54093480711904 169.60859303153467 bee-larvae 0
505.7662680596073 133.25422120694256 456.86596929909274 96.8075517669426 397.80721230190045 176.04636579195684 446.70751106241505 212.4930352319568 bee-larvae 0
630.2811046755912 422.30277987878924 567.5979113839846 409.6626998346038 523.1987079988922 629.8419896850157 585.881901290499 642.4820697292012 bee-larvae 0
616.0866493550892 324.9177172151926 570.7319174832795 306.7520628861598 516.4877561219865 442.185081129859 561.8424879937962 460.3507354588918 bee-larvae 0
509.8950315153627 486.0900928523348 462.06604600000014 453.7832600000001 416.30617086423274 521.5289413874981 464.1351563795953 553.8357742398327 bee-larvae 0
531.4747608778184 370.6633222647424 492.82840080502683 356.0210788950907 455.595611089602 454.29234522571386 494.2419711623936 468.93458859536554 bee-larvae 0
565.19236658214 173.36781930561267 524.5536324589198 149.58399736147635 467.74490735054286 246.65143593299706 508.3836414737631 270.4352578771334 bee-larvae 0
177.1383035244566 247.7178282452543 109.79955841774625 241.96265860677477 95.9948605072317 403.48544460007645 163.3336056139421 409.24061423855596 bee-larvae 0
135.62854062613346 233.7278419351003 101.53121270146218 143.35076183425127 55.427997706623856 160.7445129745457 89.52532563129515 251.1215930753947 bee-larvae 0
142.01486920722715 103.02002070106357 109.11270688076732 51.42004083846566 20.524083219309148 107.90760699156239 53.42624554576899 159.5075868541603 bee-larvae 0
223.3603004700044 304.0446084405681 178.3673007883828 293.7333426091532 162.71931729268465 362.0130017655464 207.7123169743063 372.32426759696125 bee-larvae 0
178.60484100000005 627.31663 162.92432500000007 627.31663 162.92432500000007 640 178.60484100000005 640 bee-larvae 0